20 0.254934 0.293586 0.101974 0.077303
19 0.164474 0.385691 0.092105 0.093750
23 0.082237 0.396382 0.078947 0.095395
23 0.096217 0.475329 0.077303 0.115132
18 0.159539 0.671875 0.085526 0.103618
19 0.099507 0.763158 0.106908 0.092105
24 0.458059 0.738487 0.106908 0.085526
17 0.610197 0.781250 0.095395 0.078947
22 0.544408 0.833059 0.082237 0.103618
16 0.607730 0.874178 0.067434 0.097039
21 0.681743 0.822368 0.080592 0.092105
18 0.825658 0.403783 0.082237 0.090461
22 0.853618 0.218750 0.082237 0.115132
20 0.550987 0.328125 0.078947 0.097039
17 0.532072 0.461349 0.097039 0.103618
25 0.277961 0.123355 0.111842 0.105263
25 0.370066 0.127467 0.082237 0.100329
25 0.435855 0.104441 0.075658 0.093750
25 0.522204 0.094572 0.103618 0.090461
25 0.588816 0.149671 0.101974 0.082237
25 0.667763 0.127467 0.088816 0.116776
25 0.737664 0.127467 0.077303 0.097039
25 0.770559 0.212171 0.083882 0.098684
25 0.916118 0.276316 0.082237 0.078947
25 0.864309 0.333059 0.106908 0.077303
25 0.776316 0.294408 0.101974 0.072368
25 0.618421 0.223684 0.115132 0.065789
25 0.689145 0.282895 0.085526 0.095395
25 0.606086 0.297697 0.093750 0.088816
25 0.655428 0.364309 0.097039 0.087171
25 0.750822 0.358553 0.106908 0.075658
25 0.886513 0.417763 0.088816 0.101974
25 0.909539 0.503289 0.075658 0.095395
25 0.819901 0.486842 0.100329 0.082237
25 0.859375 0.560855 0.083882 0.092105
25 0.779605 0.550987 0.082237 0.115132
25 0.720395 0.582237 0.082237 0.118421
25 0.773849 0.661184 0.087171 0.101974
25 0.843750 0.707237 0.095395 0.092105
25 0.847862 0.811678 0.077303 0.110197
25 0.769737 0.826480 0.095395 0.074013
25 0.748355 0.756579 0.075658 0.105263
25 0.693257 0.736020 0.087171 0.100329
25 0.659539 0.657895 0.101974 0.085526
25 0.616776 0.711349 0.095395 0.080592
25 0.635691 0.577303 0.090461 0.095395
25 0.700658 0.493421 0.111842 0.092105
25 0.739309 0.424342 0.106908 0.088816
25 0.649671 0.451480 0.105263 0.090461
25 0.586349 0.402961 0.080592 0.101974
25 0.509868 0.185033 0.101974 0.090461
25 0.454770 0.222039 0.083882 0.121711
25 0.395559 0.230263 0.087171 0.118421
25 0.259868 0.201480 0.111842 0.083882
25 0.310855 0.250000 0.098684 0.082237
25 0.160362 0.284539 0.106908 0.095395
25 0.263158 0.365132 0.108553 0.088816
25 0.347039 0.361842 0.075658 0.095395
25 0.416118 0.331414 0.082237 0.093750
25 0.499178 0.365132 0.087171 0.095395
25 0.453125 0.421875 0.083882 0.100329
25 0.391447 0.460526 0.095395 0.115132
25 0.471217 0.505757 0.106908 0.074013
25 0.567434 0.546875 0.105263 0.090461
25 0.573191 0.647204 0.087171 0.097039
25 0.536184 0.736020 0.075658 0.113487
25 0.445724 0.816612 0.115132 0.080592
25 0.503289 0.905428 0.095395 0.106908
25 0.407895 0.880757 0.105263 0.083882
25 0.345395 0.824013 0.098684 0.082237
25 0.263980 0.796875 0.093750 0.097039
25 0.196546 0.752467 0.090461 0.090461
25 0.192434 0.831414 0.098684 0.100329
25 0.069079 0.697368 0.085526 0.075658
25 0.085526 0.602796 0.088816 0.113487
25 0.152961 0.579770 0.075658 0.100329
25 0.157072 0.467105 0.083882 0.098684
25 0.233553 0.481086 0.101974 0.080592
25 0.305921 0.434211 0.088816 0.095395
25 0.348684 0.504112 0.082237 0.103618
25 0.227796 0.557566 0.080592 0.105263
25 0.295230 0.561678 0.087171 0.116776
25 0.231086 0.647204 0.083882 0.090461
25 0.270559 0.716283 0.093750 0.093750
25 0.352796 0.743421 0.100329 0.085526
25 0.317434 0.657072 0.082237 0.103618
25 0.393092 0.680099 0.088816 0.106908
25 0.483553 0.661184 0.111842 0.092105
25 0.468750 0.580592 0.111842 0.088816
25 0.379112 0.576480 0.087171 0.106908
