17 0.155428 0.222039 0.087171 0.092105
18 0.203947 0.159539 0.082237 0.095395
22 0.148849 0.429276 0.106908 0.108553
23 0.165296 0.541118 0.103618 0.098684
24 0.247533 0.664474 0.116776 0.078947
15 0.227796 0.867599 0.080592 0.090461
19 0.564145 0.736842 0.082237 0.092105
22 0.643092 0.756579 0.095395 0.078947
19 0.447368 0.659539 0.088816 0.101974
18 0.805099 0.709704 0.100329 0.077303
24 0.526316 0.513980 0.082237 0.097039
20 0.447368 0.474507 0.075658 0.103618
19 0.584704 0.282072 0.113487 0.080592
18 0.453947 0.286184 0.101974 0.095395
23 0.476974 0.587171 0.092105 0.105263
25 0.439967 0.060033 0.090461 0.103618
25 0.500822 0.104441 0.100329 0.100329
25 0.629934 0.115132 0.085526 0.105263
25 0.564145 0.178454 0.075658 0.100329
25 0.495888 0.214638 0.087171 0.093750
25 0.388158 0.174342 0.088816 0.088816
25 0.312500 0.140625 0.078947 0.106908
25 0.257401 0.236020 0.106908 0.083882
25 0.374178 0.251645 0.100329 0.105263
25 0.285362 0.310855 0.090461 0.095395
25 0.212171 0.322368 0.088816 0.111842
25 0.136513 0.326480 0.072368 0.103618
25 0.066612 0.351151 0.087171 0.116776
25 0.052632 0.484375 0.101974 0.100329
25 0.245888 0.400493 0.110197 0.087171
25 0.344572 0.356908 0.093750 0.098684
25 0.500822 0.367599 0.106908 0.087171
25 0.617599 0.208882 0.070724 0.105263
25 0.687500 0.212171 0.075658 0.111842
25 0.748355 0.180099 0.075658 0.106908
25 0.680099 0.286184 0.093750 0.075658
25 0.765625 0.277138 0.093750 0.093750
25 0.850329 0.273026 0.082237 0.101974
25 0.823191 0.342105 0.100329 0.078947
25 0.902138 0.365132 0.077303 0.098684
25 0.951480 0.445724 0.083882 0.095395
25 0.937500 0.518092 0.101974 0.098684
25 0.872533 0.459704 0.083882 0.113487
25 0.800987 0.410362 0.085526 0.080592
25 0.708059 0.361020 0.100329 0.097039
25 0.726151 0.436678 0.090461 0.083882
25 0.707237 0.507401 0.095395 0.083882
25 0.751645 0.575658 0.085526 0.082237
25 0.804276 0.506579 0.069079 0.108553
25 0.870066 0.564145 0.075658 0.095395
25 0.919408 0.615132 0.078947 0.101974
25 0.877467 0.670230 0.090461 0.110197
25 0.795230 0.620066 0.090461 0.115132
25 0.821546 0.783717 0.070724 0.100329
25 0.748355 0.795230 0.082237 0.103618
25 0.666941 0.820724 0.090461 0.095395
25 0.590461 0.837171 0.075658 0.115132
25 0.560033 0.935855 0.100329 0.085526
25 0.485197 0.908717 0.105263 0.097039
25 0.412829 0.949013 0.088816 0.098684
25 0.333882 0.939145 0.078947 0.111842
25 0.323191 0.859375 0.083882 0.090461
25 0.403783 0.861020 0.083882 0.100329
25 0.480263 0.812500 0.108553 0.082237
25 0.486020 0.730263 0.083882 0.111842
25 0.402138 0.731086 0.100329 0.093750
25 0.339638 0.785362 0.087171 0.083882
25 0.263980 0.800987 0.100329 0.088816
25 0.250000 0.730263 0.095395 0.075658
25 0.177632 0.768092 0.088816 0.095395
25 0.128289 0.682566 0.085526 0.108553
25 0.104441 0.578947 0.087171 0.125000
25 0.198191 0.614309 0.103618 0.083882
25 0.351974 0.677632 0.101974 0.075658
25 0.314967 0.606086 0.097039 0.077303
25 0.253289 0.546875 0.078947 0.093750
25 0.199836 0.481908 0.097039 0.075658
25 0.407072 0.592928 0.074013 0.113487
25 0.550164 0.666118 0.106908 0.082237
25 0.717105 0.718750 0.082237 0.101974
25 0.636513 0.666941 0.078947 0.100329
25 0.712993 0.642270 0.103618 0.083882
25 0.642270 0.564145 0.097039 0.108553
25 0.564145 0.589638 0.108553 0.087171
25 0.647204 0.460526 0.083882 0.118421
25 0.611842 0.361020 0.111842 0.093750
25 0.574836 0.444901 0.080592 0.106908
25 0.384868 0.416941 0.098684 0.097039
25 0.291118 0.458882 0.095395 0.111842
25 0.345395 0.517270 0.095395 0.123355
