21 0.376645 0.132401 0.098684 0.080592
19 0.601151 0.148026 0.074013 0.075658
24 0.760691 0.156250 0.080592 0.088816
17 0.857730 0.164474 0.090461 0.095395
17 0.946546 0.398849 0.070724 0.106908
18 0.847039 0.574836 0.092105 0.100329
21 0.823191 0.685033 0.090461 0.087171
16 0.570724 0.590461 0.085526 0.075658
15 0.650493 0.407895 0.067434 0.082237
15 0.631579 0.324013 0.082237 0.088816
15 0.491776 0.217105 0.085526 0.082237
20 0.365954 0.341283 0.113487 0.083882
20 0.231086 0.259046 0.106908 0.090461
22 0.078125 0.290296 0.103618 0.103618
21 0.382401 0.574013 0.090461 0.092105
25 0.268914 0.136513 0.116776 0.101974
25 0.174342 0.199836 0.101974 0.090461
25 0.320724 0.194901 0.092105 0.080592
25 0.401316 0.213816 0.108553 0.095395
25 0.520559 0.135691 0.077303 0.110197
25 0.677632 0.159539 0.098684 0.098684
25 0.638980 0.240132 0.097039 0.088816
25 0.546875 0.269737 0.083882 0.115132
25 0.429276 0.296053 0.111842 0.078947
25 0.321546 0.268092 0.093750 0.078947
25 0.157895 0.287007 0.075658 0.106908
25 0.097862 0.366776 0.097039 0.101974
25 0.200658 0.332237 0.082237 0.105263
25 0.270559 0.347862 0.090461 0.106908
25 0.176809 0.412007 0.097039 0.093750
25 0.076480 0.457237 0.103618 0.085526
25 0.170230 0.493421 0.080592 0.105263
25 0.260691 0.454770 0.116776 0.087171
25 0.341283 0.404605 0.090461 0.095395
25 0.420230 0.415296 0.070724 0.113487
25 0.487664 0.365954 0.080592 0.103618
25 0.725329 0.247533 0.088816 0.080592
25 0.838816 0.251645 0.105263 0.088816
25 0.930921 0.270559 0.095395 0.080592
25 0.883224 0.331414 0.098684 0.100329
25 0.776316 0.315789 0.072368 0.101974
25 0.711349 0.321546 0.077303 0.093750
25 0.573191 0.388980 0.113487 0.074013
25 0.720395 0.406250 0.085526 0.095395
25 0.806743 0.373355 0.087171 0.098684
25 0.870888 0.424342 0.100329 0.092105
25 0.939967 0.485197 0.103618 0.078947
25 0.764803 0.458059 0.082237 0.074013
25 0.821546 0.505757 0.093750 0.090461
25 0.897204 0.615954 0.083882 0.090461
25 0.871711 0.736842 0.095395 0.082237
25 0.783717 0.772204 0.103618 0.080592
25 0.730263 0.838816 0.072368 0.095395
25 0.805921 0.850329 0.085526 0.078947
25 0.754934 0.916941 0.075658 0.093750
25 0.658717 0.856086 0.083882 0.093750
25 0.675164 0.781250 0.093750 0.092105
25 0.740132 0.703125 0.085526 0.100329
25 0.679276 0.689967 0.072368 0.113487
25 0.605263 0.723684 0.092105 0.082237
25 0.621711 0.630757 0.098684 0.097039
25 0.699013 0.606908 0.085526 0.098684
25 0.773849 0.624178 0.080592 0.103618
25 0.748355 0.545230 0.075658 0.090461
25 0.697368 0.505757 0.082237 0.110197
25 0.619243 0.495888 0.093750 0.103618
25 0.552632 0.476974 0.075658 0.108553
25 0.481908 0.466283 0.085526 0.103618
25 0.501645 0.560033 0.088816 0.083882
25 0.467105 0.645559 0.098684 0.083882
25 0.536184 0.752467 0.082237 0.097039
25 0.557566 0.848684 0.085526 0.098684
25 0.513980 0.910362 0.113487 0.103618
25 0.481908 0.813322 0.092105 0.113487
25 0.421875 0.841283 0.087171 0.097039
25 0.351974 0.874178 0.101974 0.080592
25 0.335526 0.807566 0.108553 0.088816
25 0.215461 0.816612 0.088816 0.087171
25 0.171875 0.726974 0.097039 0.115132
25 0.250000 0.740954 0.082237 0.097039
25 0.342928 0.731908 0.100329 0.078947
25 0.435855 0.731908 0.105263 0.092105
25 0.351974 0.641447 0.088816 0.101974
25 0.282895 0.661184 0.105263 0.078947
25 0.115132 0.675164 0.095395 0.110197
25 0.094572 0.592105 0.103618 0.082237
25 0.190789 0.619243 0.095395 0.100329
25 0.235197 0.542763 0.082237 0.108553
25 0.304276 0.542763 0.078947 0.108553
25 0.366776 0.490132 0.095395 0.082237
