18 0.305921 0.151316 0.105263 0.092105
20 0.186678 0.163651 0.070724 0.110197
18 0.495066 0.380757 0.078947 0.113487
17 0.316612 0.708059 0.090461 0.090461
22 0.105263 0.648026 0.075658 0.092105
20 0.083882 0.537829 0.105263 0.098684
16 0.158717 0.602796 0.093750 0.090461
23 0.384868 0.882401 0.111842 0.074013
23 0.427632 0.805921 0.098684 0.092105
24 0.473684 0.860197 0.082237 0.095395
15 0.591283 0.837993 0.090461 0.070724
21 0.553454 0.719572 0.097039 0.097039
23 0.284539 0.398849 0.101974 0.087171
16 0.294408 0.310033 0.082237 0.106908
21 0.940789 0.455592 0.072368 0.105263
25 0.388158 0.052632 0.111842 0.082237
25 0.260691 0.089638 0.093750 0.090461
25 0.407072 0.125822 0.097039 0.083882
25 0.486842 0.138980 0.069079 0.103618
25 0.555099 0.088816 0.087171 0.082237
25 0.640625 0.083882 0.093750 0.101974
25 0.706414 0.138980 0.097039 0.067434
25 0.616776 0.178454 0.078947 0.090461
25 0.537829 0.199836 0.095395 0.083882
25 0.453125 0.236020 0.106908 0.087171
25 0.333882 0.231908 0.098684 0.082237
25 0.252467 0.230263 0.090461 0.078947
25 0.150493 0.250000 0.110197 0.085526
25 0.209704 0.301809 0.110197 0.087171
25 0.119243 0.342105 0.080592 0.105263
25 0.197368 0.375822 0.105263 0.077303
25 0.136513 0.435033 0.078947 0.106908
25 0.214638 0.449836 0.113487 0.093750
25 0.370066 0.348684 0.078947 0.105263
25 0.439145 0.320724 0.082237 0.101974
25 0.514803 0.283717 0.078947 0.097039
25 0.597039 0.275493 0.095395 0.087171
25 0.671053 0.218750 0.095395 0.101974
25 0.759868 0.210526 0.088816 0.092105
25 0.814145 0.174342 0.082237 0.088816
25 0.808388 0.302632 0.093750 0.098684
25 0.712993 0.292763 0.100329 0.101974
25 0.780428 0.361020 0.090461 0.080592
25 0.856086 0.398026 0.106908 0.085526
25 0.880757 0.471217 0.074013 0.097039
25 0.925987 0.561678 0.075658 0.113487
25 0.922697 0.647204 0.101974 0.087171
25 0.847039 0.706414 0.069079 0.106908
25 0.834704 0.814145 0.093750 0.072368
25 0.828947 0.880757 0.095395 0.093750
25 0.731908 0.837993 0.105263 0.090461
25 0.644737 0.785362 0.098684 0.093750
25 0.727796 0.761513 0.113487 0.075658
25 0.588816 0.909539 0.092105 0.088816
25 0.480263 0.936678 0.115132 0.080592
25 0.521382 0.800987 0.098684 0.088816
25 0.460526 0.730263 0.105263 0.078947
25 0.375822 0.750822 0.083882 0.106908
25 0.314145 0.805099 0.082237 0.113487
25 0.246711 0.820724 0.082237 0.111842
25 0.240132 0.692434 0.078947 0.118421
25 0.167763 0.689145 0.075658 0.105263
25 0.199013 0.527961 0.101974 0.092105
25 0.245066 0.596217 0.095395 0.103618
25 0.287007 0.517270 0.083882 0.106908
25 0.308388 0.628289 0.097039 0.105263
25 0.392270 0.653783 0.083882 0.106908
25 0.474507 0.646382 0.090461 0.098684
25 0.537007 0.620888 0.080592 0.133224
25 0.630757 0.687500 0.087171 0.108553
25 0.705592 0.694079 0.082237 0.115132
25 0.777138 0.689145 0.083882 0.105263
25 0.828125 0.617599 0.083882 0.103618
25 0.746711 0.604441 0.105263 0.090461
25 0.651316 0.614309 0.105263 0.083882
25 0.856086 0.546875 0.087171 0.087171
25 0.794408 0.501645 0.101974 0.098684
25 0.763980 0.433388 0.106908 0.074013
25 0.703947 0.389803 0.078947 0.095395
25 0.629934 0.387336 0.082237 0.113487
25 0.568257 0.365132 0.074013 0.111842
25 0.572368 0.456414 0.088816 0.093750
25 0.671053 0.470395 0.115132 0.085526
25 0.703947 0.536184 0.108553 0.095395
25 0.606086 0.549342 0.093750 0.111842
25 0.526316 0.509868 0.082237 0.098684
25 0.450658 0.551809 0.088816 0.106908
25 0.361020 0.546053 0.083882 0.108553
25 0.358553 0.450658 0.115132 0.082237
25 0.453125 0.452303 0.100329 0.101974
