19 0.562500 0.073191 0.082237 0.100329
24 0.350329 0.189967 0.078947 0.106908
15 0.224507 0.245066 0.093750 0.062500
16 0.096217 0.347862 0.100329 0.074013
20 0.157072 0.472862 0.080592 0.100329
24 0.062500 0.529605 0.082237 0.095395
22 0.262336 0.547697 0.090461 0.108553
24 0.285362 0.759868 0.083882 0.088816
21 0.512336 0.794408 0.080592 0.078947
17 0.681743 0.845395 0.097039 0.082237
17 0.666118 0.770559 0.088816 0.100329
22 0.540296 0.579770 0.100329 0.097039
18 0.914474 0.434211 0.085526 0.105263
17 0.531250 0.263158 0.095395 0.092105
21 0.332237 0.333882 0.075658 0.082237
25 0.470395 0.064145 0.088816 0.098684
25 0.354441 0.103618 0.113487 0.078947
25 0.274671 0.151316 0.092105 0.101974
25 0.139803 0.203947 0.108553 0.092105
25 0.106908 0.273026 0.105263 0.078947
25 0.231086 0.307566 0.090461 0.085526
25 0.169408 0.382401 0.092105 0.097039
25 0.055099 0.413651 0.080592 0.097039
25 0.294408 0.404605 0.101974 0.121711
25 0.226974 0.461349 0.078947 0.110197
25 0.310033 0.496711 0.100329 0.105263
25 0.374178 0.465461 0.087171 0.098684
25 0.395559 0.383224 0.100329 0.078947
25 0.398849 0.253289 0.093750 0.092105
25 0.476151 0.193257 0.100329 0.077303
25 0.561678 0.158717 0.093750 0.087171
25 0.646382 0.125822 0.088816 0.106908
25 0.725329 0.100329 0.092105 0.101974
25 0.699013 0.179276 0.085526 0.101974
25 0.611020 0.208059 0.097039 0.080592
25 0.614309 0.283717 0.083882 0.087171
25 0.683388 0.262336 0.077303 0.087171
25 0.774671 0.188322 0.092105 0.100329
25 0.850329 0.240132 0.075658 0.118421
25 0.754934 0.282895 0.101974 0.095395
25 0.806743 0.349507 0.080592 0.100329
25 0.743421 0.376645 0.082237 0.111842
25 0.668586 0.343750 0.087171 0.095395
25 0.562500 0.342105 0.072368 0.101974
25 0.625000 0.404605 0.092105 0.098684
25 0.709704 0.454770 0.106908 0.080592
25 0.824013 0.458059 0.085526 0.113487
25 0.925987 0.535362 0.092105 0.080592
25 0.834704 0.541118 0.087171 0.111842
25 0.886513 0.611842 0.092105 0.105263
25 0.875000 0.698191 0.108553 0.080592
25 0.833882 0.810033 0.075658 0.106908
25 0.749178 0.787007 0.097039 0.100329
25 0.780428 0.716283 0.097039 0.070724
25 0.800987 0.637336 0.078947 0.106908
25 0.739309 0.602796 0.103618 0.090461
25 0.709704 0.680099 0.116776 0.083882
25 0.607730 0.669408 0.097039 0.092105
25 0.573191 0.739309 0.106908 0.083882
25 0.550987 0.855263 0.115132 0.078947
25 0.587171 0.920230 0.092105 0.097039
25 0.665296 0.930099 0.074013 0.103618
25 0.430099 0.933388 0.116776 0.090461
25 0.375000 0.854441 0.105263 0.100329
25 0.304276 0.876645 0.088816 0.111842
25 0.225329 0.805099 0.095395 0.103618
25 0.164474 0.746711 0.105263 0.095395
25 0.109375 0.692434 0.097039 0.101974
25 0.118421 0.607730 0.098684 0.080592
25 0.185855 0.563322 0.092105 0.093750
25 0.199836 0.661184 0.090461 0.118421
25 0.266447 0.638980 0.075658 0.090461
25 0.328125 0.681743 0.106908 0.090461
25 0.362664 0.763980 0.087171 0.103618
25 0.430921 0.805921 0.095395 0.078947
25 0.472862 0.732730 0.103618 0.083882
25 0.411184 0.685855 0.075658 0.088816
25 0.520559 0.657895 0.100329 0.078947
25 0.459704 0.618421 0.074013 0.101974
25 0.337171 0.591283 0.072368 0.100329
25 0.398849 0.562500 0.080592 0.125000
25 0.475329 0.519737 0.101974 0.075658
25 0.636513 0.596217 0.105263 0.090461
25 0.707237 0.531250 0.098684 0.092105
25 0.634868 0.501645 0.075658 0.111842
25 0.558388 0.493421 0.087171 0.082237
25 0.444901 0.305921 0.103618 0.088816
25 0.486842 0.365132 0.098684 0.082237
25 0.549342 0.421875 0.111842 0.077303
25 0.453947 0.446546 0.105263 0.100329
