19 0.314145 0.171875 0.092105 0.087171
16 0.390625 0.122533 0.087171 0.067434
16 0.493421 0.058388 0.098684 0.070724
19 0.574013 0.155428 0.115132 0.074013
23 0.680099 0.185855 0.100329 0.078947
22 0.649671 0.259046 0.082237 0.129934
18 0.826480 0.473684 0.083882 0.095395
21 0.689967 0.901316 0.090461 0.082237
22 0.430099 0.692434 0.100329 0.108553
19 0.435855 0.601151 0.078947 0.110197
20 0.354441 0.596217 0.093750 0.077303
16 0.435033 0.512336 0.074013 0.093750
15 0.217928 0.472862 0.100329 0.087171
15 0.193257 0.555099 0.090461 0.087171
21 0.200658 0.729441 0.098684 0.097039
25 0.406250 0.055099 0.101974 0.074013
25 0.321546 0.095395 0.090461 0.082237
25 0.384868 0.210526 0.082237 0.115132
25 0.460526 0.208059 0.085526 0.106908
25 0.488487 0.125822 0.118421 0.080592
25 0.575658 0.235197 0.078947 0.111842
25 0.712171 0.268914 0.078947 0.106908
25 0.789474 0.194901 0.075658 0.100329
25 0.772204 0.286184 0.083882 0.095395
25 0.824836 0.327303 0.083882 0.085526
25 0.882401 0.385691 0.093750 0.123355
25 0.788651 0.389803 0.103618 0.085526
25 0.706414 0.352796 0.077303 0.083882
25 0.755757 0.462993 0.080592 0.106908
25 0.894737 0.513158 0.085526 0.075658
25 0.820724 0.559211 0.092105 0.078947
25 0.829770 0.652961 0.087171 0.101974
25 0.823191 0.744243 0.100329 0.090461
25 0.764803 0.810033 0.082237 0.103618
25 0.689145 0.821546 0.085526 0.087171
25 0.707237 0.746711 0.085526 0.095395
25 0.767270 0.692434 0.097039 0.078947
25 0.749178 0.611842 0.074013 0.111842
25 0.694079 0.662007 0.088816 0.090461
25 0.652961 0.601974 0.075658 0.101974
25 0.712171 0.537007 0.118421 0.080592
25 0.682566 0.457237 0.088816 0.101974
25 0.634868 0.369243 0.088816 0.110197
25 0.553454 0.357730 0.090461 0.090461
25 0.506579 0.287007 0.098684 0.100329
25 0.419408 0.304276 0.088816 0.105263
25 0.468750 0.367599 0.098684 0.077303
25 0.491776 0.428454 0.095395 0.113487
25 0.541118 0.475329 0.088816 0.105263
25 0.615954 0.497533 0.090461 0.106908
25 0.567434 0.560855 0.082237 0.092105
25 0.493421 0.563322 0.085526 0.110197
25 0.589638 0.643092 0.103618 0.095395
25 0.499178 0.665296 0.083882 0.120066
25 0.558388 0.723684 0.080592 0.101974
25 0.635691 0.733553 0.080592 0.115132
25 0.586349 0.805921 0.093750 0.085526
25 0.589638 0.882401 0.087171 0.103618
25 0.508224 0.851151 0.085526 0.090461
25 0.503289 0.934211 0.101974 0.095395
25 0.416941 0.930099 0.093750 0.080592
25 0.407072 0.860197 0.106908 0.085526
25 0.284539 0.882401 0.115132 0.077303
25 0.246711 0.805099 0.105263 0.087171
25 0.347039 0.795230 0.085526 0.106908
25 0.412829 0.764803 0.101974 0.098684
25 0.495888 0.760691 0.087171 0.103618
25 0.286184 0.708059 0.095395 0.106908
25 0.351151 0.675987 0.093750 0.108553
25 0.201480 0.651316 0.110197 0.098684
25 0.107730 0.615132 0.093750 0.092105
25 0.109375 0.532895 0.083882 0.105263
25 0.260691 0.601974 0.100329 0.095395
25 0.278783 0.527961 0.090461 0.111842
25 0.355263 0.527138 0.078947 0.103618
25 0.392270 0.439145 0.106908 0.088816
25 0.307566 0.461349 0.095395 0.080592
25 0.333882 0.397204 0.092105 0.087171
25 0.328947 0.324013 0.105263 0.085526
25 0.256579 0.399671 0.101974 0.088816
25 0.145559 0.448191 0.106908 0.093750
25 0.081414 0.400493 0.080592 0.100329
25 0.162007 0.372533 0.116776 0.097039
25 0.222039 0.327303 0.108553 0.095395
25 0.297697 0.263158 0.105263 0.101974
25 0.221217 0.240954 0.087171 0.097039
25 0.221217 0.158717 0.087171 0.093750
25 0.149671 0.220395 0.088816 0.095395
25 0.078125 0.275493 0.083882 0.106908
25 0.144737 0.297697 0.092105 0.088816
