15 0.467928 0.150493 0.090461 0.097039
22 0.529605 0.273026 0.082237 0.115132
21 0.942434 0.368421 0.085526 0.082237
15 0.838816 0.507401 0.078947 0.083882
17 0.874178 0.582237 0.090461 0.085526
23 0.787007 0.568257 0.087171 0.097039
15 0.727796 0.711349 0.080592 0.103618
16 0.321546 0.712171 0.080592 0.092105
20 0.245888 0.690789 0.097039 0.125000
21 0.249178 0.574013 0.093750 0.085526
16 0.046053 0.421053 0.078947 0.101974
18 0.203947 0.358553 0.098684 0.095395
23 0.245888 0.202303 0.070724 0.115132
24 0.405428 0.063322 0.087171 0.090461
19 0.312500 0.461349 0.101974 0.093750
25 0.212993 0.091283 0.090461 0.090461
25 0.306743 0.087993 0.103618 0.074013
25 0.502467 0.052632 0.106908 0.078947
25 0.540296 0.113487 0.080592 0.082237
25 0.546053 0.185033 0.105263 0.083882
25 0.386513 0.164474 0.082237 0.098684
25 0.314145 0.184211 0.085526 0.108553
25 0.310855 0.280428 0.092105 0.103618
25 0.155428 0.229441 0.087171 0.106908
25 0.112664 0.305921 0.103618 0.088816
25 0.217928 0.285362 0.103618 0.077303
25 0.113487 0.388158 0.105263 0.085526
25 0.182566 0.435855 0.105263 0.082237
25 0.288651 0.378289 0.087171 0.118421
25 0.396382 0.315789 0.092105 0.095395
25 0.462171 0.248355 0.098684 0.092105
25 0.621711 0.226151 0.085526 0.100329
25 0.601974 0.299342 0.085526 0.078947
25 0.689967 0.202303 0.083882 0.101974
25 0.675164 0.298520 0.074013 0.090461
25 0.775493 0.258224 0.103618 0.082237
25 0.888980 0.308388 0.070724 0.103618
25 0.754934 0.331414 0.098684 0.090461
25 0.831414 0.357730 0.080592 0.100329
25 0.879112 0.441612 0.106908 0.093750
25 0.920230 0.643092 0.074013 0.098684
25 0.793586 0.432566 0.087171 0.101974
25 0.716283 0.395559 0.097039 0.097039
25 0.641447 0.380757 0.075658 0.113487
25 0.562500 0.363487 0.095395 0.092105
25 0.472862 0.345395 0.087171 0.115132
25 0.385691 0.399671 0.110197 0.092105
25 0.503289 0.440789 0.095395 0.101974
25 0.567434 0.468750 0.098684 0.092105
25 0.641447 0.486842 0.078947 0.121711
25 0.731908 0.472039 0.098684 0.075658
25 0.715461 0.543586 0.101974 0.080592
25 0.564967 0.542763 0.097039 0.078947
25 0.644737 0.582237 0.082237 0.092105
25 0.716283 0.621711 0.090461 0.092105
25 0.796053 0.654605 0.105263 0.088816
25 0.810033 0.726151 0.087171 0.090461
25 0.763158 0.795230 0.115132 0.080592
25 0.697368 0.859375 0.088816 0.100329
25 0.606908 0.826480 0.111842 0.083882
25 0.604441 0.898026 0.093750 0.092105
25 0.524671 0.852796 0.111842 0.083882
25 0.463816 0.912829 0.085526 0.085526
25 0.384868 0.930921 0.085526 0.101974
25 0.337171 0.877467 0.111842 0.087171
25 0.441612 0.842928 0.087171 0.097039
25 0.342928 0.798520 0.110197 0.083882
25 0.152961 0.777961 0.088816 0.095395
25 0.240954 0.795230 0.103618 0.083882
25 0.427632 0.756579 0.095395 0.092105
25 0.509046 0.763980 0.087171 0.106908
25 0.592105 0.742599 0.095395 0.093750
25 0.662829 0.762336 0.082237 0.093750
25 0.661184 0.673520 0.082237 0.087171
25 0.595395 0.623355 0.105263 0.105263
25 0.554276 0.685033 0.111842 0.077303
25 0.466283 0.678454 0.083882 0.113487
25 0.396382 0.670230 0.088816 0.106908
25 0.320724 0.625000 0.072368 0.088816
25 0.355263 0.555099 0.095395 0.116776
25 0.430921 0.588816 0.085526 0.098684
25 0.509046 0.603618 0.087171 0.118421
25 0.472862 0.521382 0.110197 0.082237
25 0.421053 0.467928 0.095395 0.093750
25 0.246711 0.497533 0.111842 0.087171
25 0.096217 0.486842 0.100329 0.105263
25 0.172697 0.526316 0.092105 0.092105
25 0.162007 0.611020 0.113487 0.074013
25 0.088816 0.663651 0.085526 0.110197
25 0.166941 0.680921 0.093750 0.082237
