22 0.301809 0.103618 0.093750 0.072368
22 0.387336 0.107730 0.087171 0.093750
15 0.240132 0.148026 0.095395 0.072368
18 0.597862 0.275493 0.077303 0.097039
20 0.237664 0.678454 0.103618 0.070724
19 0.128289 0.726151 0.085526 0.100329
18 0.221217 0.848684 0.083882 0.095395
21 0.290296 0.820724 0.093750 0.085526
24 0.299342 0.900493 0.085526 0.103618
17 0.445724 0.910362 0.092105 0.093750
23 0.497533 0.550164 0.083882 0.110197
17 0.822368 0.740132 0.098684 0.088816
22 0.799342 0.428454 0.075658 0.116776
23 0.871711 0.360197 0.092105 0.105263
23 0.915296 0.294408 0.087171 0.092105
25 0.456414 0.127467 0.080592 0.126645
25 0.536184 0.101151 0.078947 0.106908
25 0.604441 0.181743 0.080592 0.113487
25 0.676809 0.130757 0.077303 0.100329
25 0.729441 0.205592 0.100329 0.085526
25 0.810855 0.173520 0.082237 0.113487
25 0.837171 0.274671 0.092105 0.085526
25 0.754112 0.280428 0.080592 0.080592
25 0.675164 0.281250 0.090461 0.095395
25 0.766447 0.351151 0.095395 0.080592
25 0.935855 0.446546 0.075658 0.106908
25 0.865132 0.467928 0.075658 0.116776
25 0.891447 0.547697 0.092105 0.072368
25 0.810855 0.517270 0.082237 0.083882
25 0.824836 0.597039 0.080592 0.078947
25 0.873355 0.647204 0.088816 0.070724
25 0.894737 0.722039 0.072368 0.105263
25 0.805921 0.823191 0.108553 0.074013
25 0.742599 0.775493 0.087171 0.113487
25 0.768092 0.671053 0.098684 0.085526
25 0.691612 0.681743 0.074013 0.113487
25 0.656250 0.770559 0.092105 0.080592
25 0.619243 0.842928 0.087171 0.106908
25 0.688322 0.861020 0.077303 0.090461
25 0.632401 0.921053 0.087171 0.082237
25 0.547697 0.921053 0.082237 0.098684
25 0.509868 0.834704 0.108553 0.077303
25 0.495888 0.769737 0.100329 0.078947
25 0.559211 0.733553 0.088816 0.098684
25 0.621711 0.691612 0.085526 0.103618
25 0.373355 0.851151 0.105263 0.080592
25 0.369243 0.777961 0.113487 0.078947
25 0.282072 0.738487 0.093750 0.085526
25 0.208059 0.757401 0.106908 0.093750
25 0.148026 0.614309 0.095395 0.106908
25 0.136513 0.507401 0.088816 0.116776
25 0.231086 0.537007 0.097039 0.100329
25 0.285362 0.611842 0.090461 0.085526
25 0.333882 0.676809 0.098684 0.093750
25 0.393914 0.726974 0.097039 0.078947
25 0.464638 0.686678 0.103618 0.090461
25 0.412007 0.633224 0.090461 0.088816
25 0.538651 0.624178 0.093750 0.100329
25 0.622533 0.585526 0.083882 0.098684
25 0.686678 0.564967 0.070724 0.097039
25 0.753289 0.571546 0.072368 0.110197
25 0.722862 0.483553 0.100329 0.085526
25 0.685033 0.377467 0.083882 0.110197
25 0.610197 0.384046 0.078947 0.097039
25 0.638158 0.474507 0.082237 0.120066
25 0.569079 0.490132 0.092105 0.115132
25 0.490954 0.452303 0.093750 0.092105
25 0.428454 0.531250 0.074013 0.108553
25 0.350329 0.579770 0.085526 0.090461
25 0.319079 0.495066 0.095395 0.101974
25 0.258224 0.440789 0.075658 0.101974
25 0.197368 0.407895 0.092105 0.115132
25 0.129934 0.406250 0.078947 0.101974
25 0.081414 0.334704 0.083882 0.116776
25 0.141447 0.287829 0.088816 0.118421
25 0.218750 0.302632 0.082237 0.115132
25 0.188322 0.216283 0.080592 0.100329
25 0.267270 0.239309 0.083882 0.097039
25 0.282895 0.348684 0.088816 0.092105
25 0.322368 0.406250 0.098684 0.078947
25 0.402138 0.439145 0.106908 0.098684
25 0.543586 0.384046 0.077303 0.106908
25 0.509868 0.287007 0.088816 0.106908
25 0.464638 0.371711 0.093750 0.078947
25 0.374178 0.351151 0.103618 0.103618
25 0.342105 0.267270 0.098684 0.097039
25 0.423520 0.296053 0.093750 0.108553
25 0.477796 0.212993 0.106908 0.090461
25 0.394737 0.194901 0.078947 0.116776
25 0.317434 0.179276 0.095395 0.105263
