17 0.507401 0.226151 0.100329 0.080592
19 0.665296 0.274671 0.097039 0.082237
24 0.763980 0.254934 0.113487 0.092105
16 0.907072 0.353618 0.074013 0.111842
19 0.820724 0.393092 0.095395 0.098684
19 0.859375 0.438322 0.083882 0.090461
17 0.771382 0.487664 0.085526 0.087171
24 0.908717 0.682566 0.087171 0.082237
20 0.467105 0.929276 0.069079 0.108553
24 0.458882 0.763980 0.082237 0.090461
18 0.300987 0.902961 0.075658 0.095395
21 0.284539 0.587993 0.101974 0.080592
21 0.145559 0.514803 0.080592 0.101974
18 0.506579 0.301809 0.101974 0.083882
23 0.127467 0.274671 0.100329 0.075658
25 0.142270 0.181743 0.077303 0.113487
25 0.212171 0.142270 0.078947 0.097039
25 0.290296 0.169408 0.080592 0.111842
25 0.238487 0.217928 0.092105 0.077303
25 0.207237 0.273849 0.108553 0.087171
25 0.180099 0.340461 0.090461 0.082237
25 0.119243 0.398849 0.103618 0.093750
25 0.068257 0.512336 0.077303 0.100329
25 0.234375 0.443257 0.116776 0.080592
25 0.263980 0.356908 0.083882 0.121711
25 0.329770 0.287829 0.087171 0.108553
25 0.379112 0.171053 0.097039 0.078947
25 0.414474 0.259868 0.098684 0.082237
25 0.409539 0.333882 0.095395 0.075658
25 0.335526 0.403783 0.082237 0.113487
25 0.421875 0.401316 0.110197 0.072368
25 0.390625 0.469572 0.103618 0.080592
25 0.297697 0.518092 0.098684 0.105263
25 0.219572 0.537007 0.083882 0.123355
25 0.159539 0.601151 0.085526 0.093750
25 0.212171 0.666118 0.105263 0.082237
25 0.164474 0.725329 0.095395 0.082237
25 0.164474 0.812500 0.088816 0.101974
25 0.227796 0.773849 0.097039 0.087171
25 0.230263 0.861842 0.082237 0.098684
25 0.277138 0.722039 0.090461 0.095395
25 0.314967 0.661184 0.093750 0.078947
25 0.361020 0.752467 0.090461 0.103618
25 0.314967 0.803454 0.087171 0.093750
25 0.363487 0.884046 0.069079 0.116776
25 0.434211 0.840461 0.082237 0.085526
25 0.546053 0.935855 0.085526 0.092105
25 0.650493 0.901316 0.080592 0.105263
25 0.565789 0.856086 0.108553 0.083882
25 0.550164 0.793586 0.093750 0.080592
25 0.651316 0.824013 0.095395 0.092105
25 0.722039 0.846217 0.085526 0.103618
25 0.752467 0.762336 0.083882 0.093750
25 0.810033 0.726974 0.077303 0.111842
25 0.656250 0.741776 0.098684 0.095395
25 0.523026 0.710526 0.095395 0.088816
25 0.611842 0.686678 0.075658 0.090461
25 0.703125 0.670230 0.100329 0.090461
25 0.791941 0.640625 0.106908 0.083882
25 0.875000 0.594572 0.095395 0.090461
25 0.939967 0.550164 0.097039 0.093750
25 0.922697 0.463816 0.088816 0.108553
25 0.845395 0.530428 0.101974 0.093750
25 0.748355 0.575658 0.111842 0.095395
25 0.653783 0.590461 0.113487 0.088816
25 0.569901 0.630757 0.087171 0.097039
25 0.490132 0.625822 0.088816 0.110197
25 0.410362 0.676809 0.097039 0.080592
25 0.410362 0.606908 0.110197 0.069079
25 0.379934 0.546053 0.098684 0.095395
25 0.466283 0.541941 0.106908 0.087171
25 0.550987 0.535362 0.078947 0.116776
25 0.625000 0.499178 0.085526 0.103618
25 0.697368 0.486020 0.082237 0.100329
25 0.740132 0.407072 0.075658 0.103618
25 0.850329 0.296053 0.082237 0.111842
25 0.769737 0.324013 0.101974 0.078947
25 0.694079 0.333882 0.075658 0.105263
25 0.648026 0.406250 0.088816 0.108553
25 0.568257 0.444079 0.097039 0.082237
25 0.482730 0.458882 0.106908 0.092105
25 0.507401 0.380757 0.080592 0.100329
25 0.578947 0.347862 0.072368 0.097039
25 0.587993 0.246711 0.080592 0.105263
25 0.468750 0.165296 0.092105 0.110197
25 0.547697 0.153783 0.085526 0.106908
25 0.609375 0.107730 0.074013 0.116776
25 0.682566 0.127467 0.098684 0.106908
25 0.736020 0.172697 0.093750 0.128289
25 0.811678 0.194079 0.090461 0.098684
