15 0.443257 0.120888 0.083882 0.070724
22 0.491776 0.173520 0.069079 0.097039
16 0.194079 0.200658 0.069079 0.101974
21 0.213816 0.300164 0.082237 0.110197
18 0.193257 0.495066 0.090461 0.108553
17 0.091283 0.532895 0.093750 0.075658
19 0.078947 0.666118 0.075658 0.075658
16 0.344572 0.714638 0.106908 0.080592
16 0.204770 0.745888 0.074013 0.093750
15 0.336349 0.783717 0.087171 0.080592
15 0.358553 0.916941 0.072368 0.097039
21 0.803454 0.798520 0.097039 0.087171
20 0.606908 0.371711 0.092105 0.118421
20 0.509868 0.332237 0.078947 0.105263
22 0.462993 0.257401 0.113487 0.087171
25 0.258224 0.120888 0.092105 0.093750
25 0.332237 0.104441 0.092105 0.093750
25 0.402961 0.175987 0.105263 0.098684
25 0.609375 0.168586 0.097039 0.090461
25 0.556743 0.226974 0.080592 0.095395
25 0.271382 0.202303 0.098684 0.101974
25 0.318257 0.254934 0.090461 0.088816
25 0.369243 0.297697 0.100329 0.095395
25 0.292763 0.341283 0.092105 0.106908
25 0.103618 0.259046 0.105263 0.083882
25 0.143914 0.333059 0.087171 0.106908
25 0.089638 0.381579 0.090461 0.101974
25 0.133224 0.458882 0.101974 0.098684
25 0.213816 0.396382 0.105263 0.092105
25 0.281250 0.446546 0.085526 0.116776
25 0.266447 0.538651 0.082237 0.093750
25 0.129934 0.598684 0.108553 0.098684
25 0.210526 0.625000 0.101974 0.101974
25 0.148026 0.697368 0.069079 0.121711
25 0.129112 0.796875 0.106908 0.090461
25 0.265625 0.669408 0.093750 0.092105
25 0.265625 0.754934 0.080592 0.092105
25 0.206414 0.837993 0.070724 0.097039
25 0.282895 0.828947 0.092105 0.085526
25 0.281250 0.909539 0.092105 0.098684
25 0.371711 0.849507 0.092105 0.087171
25 0.439967 0.916118 0.106908 0.088816
25 0.403783 0.768914 0.083882 0.110197
25 0.448191 0.839638 0.077303 0.093750
25 0.515625 0.848684 0.064145 0.095395
25 0.565789 0.910362 0.101974 0.083882
25 0.651316 0.917763 0.088816 0.082237
25 0.647204 0.847862 0.087171 0.093750
25 0.583882 0.813322 0.092105 0.100329
25 0.494243 0.762336 0.103618 0.087171
25 0.650493 0.768914 0.106908 0.077303
25 0.734375 0.763158 0.087171 0.111842
25 0.812500 0.726974 0.095395 0.072368
25 0.880757 0.666118 0.100329 0.082237
25 0.787007 0.657072 0.077303 0.083882
25 0.717928 0.659539 0.080592 0.095395
25 0.884868 0.587993 0.082237 0.097039
25 0.635691 0.678454 0.100329 0.090461
25 0.557566 0.713816 0.118421 0.075658
25 0.419408 0.686678 0.108553 0.087171
25 0.339638 0.606908 0.097039 0.105263
25 0.438322 0.615954 0.103618 0.090461
25 0.532072 0.635691 0.110197 0.090461
25 0.634046 0.583059 0.077303 0.120066
25 0.710526 0.562500 0.078947 0.098684
25 0.792763 0.564967 0.088816 0.097039
25 0.857730 0.500822 0.103618 0.080592
25 0.766447 0.480263 0.088816 0.108553
25 0.491776 0.562500 0.101974 0.085526
25 0.569901 0.532895 0.087171 0.092105
25 0.626645 0.477796 0.075658 0.106908
25 0.693257 0.456414 0.074013 0.100329
25 0.408717 0.537007 0.080592 0.090461
25 0.350329 0.500000 0.092105 0.108553
25 0.356908 0.408717 0.082237 0.093750
25 0.415296 0.350329 0.106908 0.101974
25 0.440789 0.431743 0.101974 0.110197
25 0.482730 0.492599 0.090461 0.080592
25 0.545230 0.433388 0.097039 0.123355
25 0.905428 0.444901 0.077303 0.103618
25 0.821546 0.409539 0.093750 0.108553
25 0.758224 0.365132 0.092105 0.128289
25 0.677632 0.345395 0.082237 0.108553
25 0.627467 0.263158 0.090461 0.111842
25 0.712993 0.262336 0.097039 0.090461
25 0.851151 0.334704 0.103618 0.087171
25 0.798520 0.257401 0.103618 0.087171
25 0.909539 0.259046 0.092105 0.097039
25 0.806743 0.169408 0.080592 0.108553
25 0.726151 0.181743 0.083882 0.093750
