17 0.426809 0.284539 0.080592 0.101974
21 0.509868 0.208059 0.082237 0.106908
21 0.878289 0.332237 0.082237 0.085526
24 0.773026 0.450658 0.098684 0.088816
24 0.854441 0.495066 0.090461 0.095395
17 0.774671 0.523026 0.095395 0.078947
23 0.660362 0.912007 0.116776 0.067434
22 0.541118 0.670230 0.105263 0.110197
15 0.211349 0.676809 0.080592 0.083882
23 0.050987 0.541941 0.092105 0.080592
18 0.064967 0.467105 0.090461 0.088816
23 0.111020 0.400493 0.123355 0.077303
18 0.092928 0.320724 0.110197 0.085526
20 0.347039 0.238487 0.105263 0.075658
20 0.383224 0.378289 0.092105 0.115132
25 0.245888 0.106086 0.100329 0.083882
25 0.338816 0.162829 0.088816 0.095395
25 0.272204 0.190789 0.083882 0.095395
25 0.192434 0.190789 0.095395 0.088816
25 0.080592 0.234375 0.101974 0.097039
25 0.159539 0.259868 0.108553 0.082237
25 0.247533 0.267270 0.077303 0.113487
25 0.191612 0.334704 0.083882 0.103618
25 0.178454 0.435855 0.077303 0.098684
25 0.154605 0.520559 0.092105 0.113487
25 0.115132 0.591283 0.092105 0.113487
25 0.112664 0.680099 0.093750 0.080592
25 0.166118 0.747533 0.101974 0.090461
25 0.234375 0.810033 0.093750 0.087171
25 0.287007 0.753289 0.097039 0.101974
25 0.338816 0.843750 0.108553 0.085526
25 0.389803 0.902138 0.078947 0.077303
25 0.468750 0.896382 0.095395 0.098684
25 0.554276 0.928454 0.092105 0.083882
25 0.574013 0.851974 0.085526 0.101974
25 0.498355 0.815789 0.082237 0.115132
25 0.422697 0.789474 0.105263 0.078947
25 0.416941 0.734375 0.110197 0.080592
25 0.334704 0.701480 0.093750 0.106908
25 0.277138 0.643914 0.103618 0.100329
25 0.210526 0.599507 0.101974 0.080592
25 0.226974 0.512336 0.095395 0.103618
25 0.250000 0.425987 0.082237 0.101974
25 0.288651 0.361020 0.116776 0.083882
25 0.334704 0.298520 0.110197 0.074013
25 0.439967 0.163651 0.100329 0.097039
25 0.528783 0.114309 0.077303 0.103618
25 0.583882 0.181743 0.098684 0.093750
25 0.692434 0.166941 0.095395 0.087171
25 0.653783 0.225329 0.077303 0.095395
25 0.596217 0.263980 0.106908 0.090461
25 0.516447 0.299342 0.105263 0.082237
25 0.458882 0.379112 0.078947 0.133224
25 0.331414 0.431743 0.100329 0.077303
25 0.304276 0.494243 0.095395 0.077303
25 0.327303 0.566612 0.101974 0.080592
25 0.379112 0.495066 0.080592 0.121711
25 0.390625 0.645559 0.080592 0.106908
25 0.480263 0.689967 0.085526 0.090461
25 0.461349 0.600329 0.110197 0.082237
25 0.458059 0.495066 0.083882 0.101974
25 0.504934 0.546053 0.085526 0.082237
25 0.564967 0.501645 0.103618 0.105263
25 0.583882 0.592928 0.105263 0.087171
25 0.558388 0.753289 0.103618 0.092105
25 0.652138 0.841283 0.106908 0.100329
25 0.740132 0.850329 0.092105 0.082237
25 0.736020 0.773026 0.077303 0.101974
25 0.812500 0.775493 0.078947 0.090461
25 0.657072 0.755757 0.103618 0.090461
25 0.625822 0.674342 0.097039 0.082237
25 0.667763 0.618421 0.078947 0.082237
25 0.741776 0.604441 0.082237 0.113487
25 0.750822 0.691612 0.100329 0.077303
25 0.813322 0.612664 0.070724 0.110197
25 0.913651 0.697368 0.080592 0.115132
25 0.879934 0.615132 0.069079 0.098684
25 0.845395 0.699836 0.082237 0.087171
25 0.664474 0.524671 0.101974 0.078947
25 0.948191 0.521382 0.080592 0.105263
25 0.892270 0.425987 0.100329 0.078947
25 0.813322 0.387336 0.077303 0.097039
25 0.742599 0.368421 0.083882 0.098684
25 0.791941 0.289474 0.093750 0.092105
25 0.724507 0.250822 0.077303 0.103618
25 0.683388 0.329770 0.083882 0.100329
25 0.606908 0.353618 0.095395 0.098684
25 0.687500 0.445724 0.075658 0.098684
25 0.613487 0.441612 0.095395 0.106908
25 0.530428 0.394737 0.083882 0.118421
