15 0.686678 0.539474 0.087171 0.062500
16 0.763158 0.374178 0.075658 0.103618
17 0.935033 0.570724 0.080592 0.101974
18 0.689145 0.856086 0.108553 0.070724
19 0.532895 0.595395 0.092105 0.095395
18 0.333882 0.914474 0.085526 0.085526
16 0.358553 0.695724 0.085526 0.098684
20 0.220395 0.802632 0.092105 0.078947
21 0.173520 0.481086 0.087171 0.093750
21 0.432566 0.458882 0.092105 0.115132
22 0.407895 0.356908 0.088816 0.098684
23 0.458882 0.111020 0.075658 0.113487
17 0.622533 0.074836 0.100329 0.077303
24 0.914474 0.217928 0.078947 0.093750
15 0.113487 0.296053 0.101974 0.075658
25 0.364309 0.092928 0.097039 0.100329
25 0.291941 0.108553 0.083882 0.098684
25 0.370066 0.176809 0.115132 0.080592
25 0.523026 0.143092 0.095395 0.078947
25 0.572368 0.198191 0.098684 0.083882
25 0.652961 0.149671 0.085526 0.088816
25 0.766447 0.165296 0.088816 0.103618
25 0.840461 0.200658 0.085526 0.088816
25 0.804276 0.266447 0.088816 0.098684
25 0.893914 0.301809 0.097039 0.103618
25 0.952303 0.394737 0.082237 0.125000
25 0.902138 0.443257 0.080592 0.113487
25 0.847039 0.365132 0.098684 0.082237
25 0.804276 0.440789 0.078947 0.095395
25 0.865132 0.508224 0.078947 0.115132
25 0.865132 0.617599 0.082237 0.110197
25 0.864309 0.713816 0.087171 0.108553
25 0.787007 0.757401 0.087171 0.100329
25 0.785362 0.659539 0.080592 0.108553
25 0.782895 0.542763 0.082237 0.101974
25 0.731908 0.472862 0.082237 0.110197
25 0.703947 0.217928 0.095395 0.100329
25 0.702303 0.319901 0.078947 0.093750
25 0.689145 0.412007 0.085526 0.090461
25 0.615954 0.254112 0.113487 0.087171
25 0.492599 0.237664 0.103618 0.083882
25 0.564967 0.327303 0.080592 0.105263
25 0.626645 0.379112 0.088816 0.110197
25 0.628289 0.475329 0.111842 0.095395
25 0.646382 0.593750 0.085526 0.108553
25 0.727796 0.601974 0.083882 0.101974
25 0.706414 0.682566 0.106908 0.082237
25 0.703947 0.776316 0.101974 0.105263
25 0.614309 0.829770 0.093750 0.093750
25 0.625822 0.722862 0.093750 0.093750
25 0.606086 0.655428 0.070724 0.090461
25 0.580592 0.528783 0.088816 0.097039
25 0.532895 0.435855 0.108553 0.088816
25 0.502467 0.516447 0.077303 0.082237
25 0.489309 0.382401 0.106908 0.093750
25 0.473684 0.305099 0.105263 0.070724
25 0.398026 0.268914 0.085526 0.087171
25 0.295230 0.240954 0.113487 0.087171
25 0.129934 0.220395 0.105263 0.075658
25 0.200658 0.294408 0.082237 0.111842
25 0.268914 0.324013 0.080592 0.088816
25 0.320724 0.392270 0.082237 0.097039
25 0.360197 0.459704 0.082237 0.103618
25 0.435033 0.578125 0.103618 0.093750
25 0.397204 0.640625 0.097039 0.083882
25 0.477796 0.690789 0.080592 0.101974
25 0.548520 0.699836 0.080592 0.100329
25 0.550164 0.792763 0.083882 0.095395
25 0.483553 0.781250 0.088816 0.088816
25 0.501645 0.864309 0.105263 0.080592
25 0.458882 0.923520 0.098684 0.090461
25 0.404605 0.767270 0.095395 0.090461
25 0.408717 0.856086 0.090461 0.097039
25 0.233553 0.912007 0.078947 0.113487
25 0.318257 0.830592 0.113487 0.082237
25 0.274671 0.737664 0.088816 0.103618
25 0.181743 0.744243 0.106908 0.067434
25 0.094572 0.708882 0.083882 0.085526
25 0.267270 0.643914 0.083882 0.093750
25 0.171875 0.680099 0.110197 0.087171
25 0.328947 0.556743 0.078947 0.106908
25 0.136513 0.388980 0.085526 0.113487
25 0.224507 0.414474 0.103618 0.078947
25 0.268092 0.476974 0.101974 0.088816
25 0.254934 0.555099 0.075658 0.083882
25 0.079770 0.429276 0.077303 0.085526
25 0.090461 0.508224 0.088816 0.072368
25 0.169408 0.553454 0.092105 0.074013
25 0.059211 0.585526 0.078947 0.108553
25 0.116776 0.623355 0.085526 0.095395
