23 0.565789 0.327303 0.101974 0.085526
21 0.517270 0.402961 0.077303 0.092105
22 0.782895 0.501645 0.101974 0.085526
17 0.943257 0.470395 0.083882 0.095395
24 0.791118 0.579770 0.095395 0.083882
24 0.793586 0.838816 0.077303 0.092105
16 0.702303 0.880757 0.082237 0.067434
16 0.271382 0.818257 0.101974 0.090461
23 0.101974 0.824836 0.092105 0.106908
22 0.280428 0.606086 0.080592 0.103618
15 0.166941 0.486020 0.083882 0.083882
19 0.203947 0.367599 0.118421 0.077303
19 0.255757 0.302632 0.083882 0.105263
20 0.217928 0.184211 0.103618 0.095395
20 0.372533 0.273849 0.129934 0.083882
25 0.716283 0.106908 0.093750 0.075658
25 0.738487 0.179276 0.108553 0.082237
25 0.787829 0.238487 0.088816 0.105263
25 0.869243 0.313322 0.080592 0.116776
25 0.930921 0.382401 0.072368 0.097039
25 0.592928 0.091283 0.103618 0.074013
25 0.440789 0.083882 0.115132 0.075658
25 0.269737 0.093750 0.128289 0.082237
25 0.175164 0.131579 0.083882 0.095395
25 0.088816 0.148026 0.078947 0.095395
25 0.095395 0.229441 0.111842 0.070724
25 0.045230 0.349507 0.087171 0.087171
25 0.171053 0.303454 0.101974 0.067434
25 0.114309 0.384868 0.093750 0.082237
25 0.334704 0.181743 0.093750 0.103618
25 0.429276 0.162829 0.095395 0.085526
25 0.549342 0.162007 0.092105 0.097039
25 0.638980 0.180099 0.090461 0.097039
25 0.707237 0.260691 0.078947 0.106908
25 0.775493 0.347039 0.090461 0.095395
25 0.644737 0.300987 0.082237 0.108553
25 0.815789 0.433388 0.108553 0.077303
25 0.712171 0.390625 0.108553 0.103618
25 0.692434 0.471217 0.115132 0.080592
25 0.613487 0.402138 0.092105 0.100329
25 0.490132 0.230263 0.095395 0.088816
25 0.569901 0.250000 0.090461 0.085526
25 0.470395 0.309211 0.105263 0.082237
25 0.408717 0.360197 0.097039 0.092105
25 0.344572 0.401316 0.103618 0.101974
25 0.282895 0.441612 0.088816 0.100329
25 0.376645 0.491776 0.095395 0.098684
25 0.444901 0.530428 0.110197 0.093750
25 0.192434 0.437500 0.101974 0.082237
25 0.101974 0.516447 0.092105 0.105263
25 0.262336 0.516447 0.113487 0.088816
25 0.563322 0.534539 0.116776 0.078947
25 0.716283 0.549342 0.074013 0.092105
25 0.838816 0.658717 0.105263 0.090461
25 0.739309 0.649671 0.077303 0.101974
25 0.856086 0.774671 0.087171 0.098684
25 0.796875 0.712993 0.093750 0.083882
25 0.740132 0.767270 0.095395 0.090461
25 0.636513 0.583882 0.095395 0.085526
25 0.664474 0.663651 0.085526 0.100329
25 0.660362 0.736842 0.093750 0.075658
25 0.698191 0.810855 0.080592 0.082237
25 0.634046 0.927632 0.077303 0.082237
25 0.631579 0.838816 0.082237 0.108553
25 0.574013 0.877467 0.075658 0.097039
25 0.587993 0.717105 0.097039 0.072368
25 0.565789 0.649671 0.101974 0.085526
25 0.501645 0.590461 0.105263 0.078947
25 0.356086 0.592928 0.077303 0.106908
25 0.426809 0.624178 0.074013 0.093750
25 0.481086 0.667763 0.077303 0.092105
25 0.495066 0.767270 0.085526 0.090461
25 0.465461 0.860197 0.085526 0.105263
25 0.509046 0.910362 0.093750 0.080592
25 0.412829 0.911184 0.085526 0.085526
25 0.347039 0.869243 0.095395 0.087171
25 0.398026 0.792763 0.101974 0.092105
25 0.388158 0.697368 0.095395 0.095395
25 0.337171 0.750822 0.098684 0.077303
25 0.283717 0.708059 0.100329 0.087171
25 0.195724 0.566612 0.115132 0.083882
25 0.110197 0.613487 0.098684 0.092105
25 0.189145 0.648026 0.098684 0.078947
25 0.162007 0.723684 0.093750 0.101974
25 0.074013 0.735197 0.082237 0.101974
25 0.227796 0.767270 0.097039 0.077303
25 0.180099 0.849507 0.100329 0.103618
25 0.268092 0.905428 0.082237 0.090461
25 0.144737 0.918586 0.082237 0.103618
25 0.210526 0.934211 0.078947 0.088816
