18 0.388158 0.207237 0.098684 0.101974
22 0.559211 0.621711 0.108553 0.072368
19 0.736020 0.396382 0.087171 0.098684
20 0.685033 0.293586 0.106908 0.097039
24 0.758224 0.126645 0.108553 0.085526
21 0.690789 0.508224 0.078947 0.085526
17 0.736020 0.673520 0.083882 0.087171
23 0.659539 0.782895 0.085526 0.101974
15 0.590461 0.680099 0.065789 0.077303
18 0.371711 0.867599 0.092105 0.097039
16 0.284539 0.862664 0.092105 0.077303
23 0.137336 0.858553 0.067434 0.128289
20 0.063322 0.655428 0.074013 0.100329
23 0.095395 0.300164 0.095395 0.093750
17 0.171053 0.481086 0.101974 0.077303
25 0.629112 0.138158 0.093750 0.098684
25 0.853618 0.202303 0.095395 0.092105
25 0.915296 0.258224 0.070724 0.098684
25 0.773026 0.249178 0.108553 0.070724
25 0.824836 0.310033 0.103618 0.090461
25 0.909539 0.386513 0.075658 0.105263
25 0.833059 0.399671 0.083882 0.108553
25 0.937500 0.459704 0.092105 0.097039
25 0.849507 0.490132 0.080592 0.105263
25 0.912007 0.610197 0.080592 0.108553
25 0.834704 0.585526 0.080592 0.092105
25 0.804276 0.710526 0.082237 0.098684
25 0.836349 0.790296 0.097039 0.080592
25 0.768914 0.498355 0.090461 0.105263
25 0.745066 0.581414 0.101974 0.083882
25 0.740954 0.746711 0.097039 0.095395
25 0.690789 0.868421 0.108553 0.082237
25 0.655428 0.694901 0.083882 0.093750
25 0.653783 0.601974 0.083882 0.105263
25 0.649671 0.449013 0.082237 0.101974
25 0.593750 0.545230 0.085526 0.106908
25 0.624178 0.366776 0.113487 0.078947
25 0.560033 0.433388 0.083882 0.106908
25 0.575658 0.302632 0.088816 0.088816
25 0.629934 0.222039 0.108553 0.072368
25 0.549342 0.169408 0.082237 0.105263
25 0.508224 0.253289 0.085526 0.101974
25 0.515625 0.354441 0.083882 0.116776
25 0.490954 0.109375 0.106908 0.080592
25 0.352796 0.056743 0.100329 0.074013
25 0.283717 0.113487 0.097039 0.105263
25 0.381579 0.124178 0.108553 0.083882
25 0.305921 0.191612 0.108553 0.090461
25 0.226151 0.236842 0.100329 0.098684
25 0.316612 0.269737 0.093750 0.075658
25 0.421875 0.288651 0.087171 0.093750
25 0.436678 0.379934 0.080592 0.108553
25 0.482730 0.481086 0.087171 0.110197
25 0.523026 0.553454 0.082237 0.090461
25 0.178454 0.296875 0.083882 0.106908
25 0.282072 0.333882 0.093750 0.105263
25 0.361020 0.339638 0.090461 0.087171
25 0.120066 0.386513 0.085526 0.111842
25 0.194901 0.384868 0.106908 0.115132
25 0.260691 0.427632 0.100329 0.088816
25 0.351151 0.425164 0.103618 0.087171
25 0.410362 0.476974 0.077303 0.108553
25 0.316612 0.495066 0.113487 0.085526
25 0.392270 0.560855 0.106908 0.105263
25 0.079770 0.488487 0.100329 0.075658
25 0.084704 0.560855 0.100329 0.075658
25 0.250000 0.544408 0.078947 0.082237
25 0.175987 0.565789 0.098684 0.085526
25 0.322368 0.597039 0.082237 0.111842
25 0.131579 0.634868 0.085526 0.105263
25 0.250822 0.626645 0.093750 0.098684
25 0.217928 0.677632 0.093750 0.098684
25 0.150493 0.734375 0.093750 0.113487
25 0.389803 0.645559 0.085526 0.110197
25 0.466283 0.611020 0.074013 0.103618
25 0.503289 0.697368 0.108553 0.092105
25 0.310033 0.689145 0.097039 0.082237
25 0.272204 0.760691 0.074013 0.097039
25 0.214638 0.817434 0.110197 0.082237
25 0.203125 0.884868 0.074013 0.085526
25 0.302632 0.935033 0.098684 0.080592
25 0.346217 0.749178 0.087171 0.103618
25 0.425987 0.728618 0.088816 0.095395
25 0.430099 0.803454 0.110197 0.077303
25 0.587171 0.759046 0.078947 0.090461
25 0.518092 0.794408 0.098684 0.108553
25 0.489309 0.865954 0.106908 0.074013
25 0.586349 0.837171 0.100329 0.069079
25 0.586349 0.910362 0.106908 0.077303
25 0.505757 0.932566 0.080592 0.082237
