21 0.673520 0.117599 0.077303 0.077303
21 0.753289 0.190789 0.082237 0.075658
19 0.517270 0.137336 0.110197 0.097039
20 0.689145 0.273849 0.088816 0.097039
17 0.945724 0.371711 0.095395 0.085526
24 0.870066 0.514803 0.085526 0.078947
15 0.711349 0.439145 0.077303 0.065789
22 0.385691 0.300987 0.113487 0.075658
15 0.208882 0.573191 0.101974 0.087171
19 0.146382 0.532895 0.105263 0.085526
16 0.180099 0.840461 0.070724 0.092105
22 0.307566 0.935033 0.118421 0.067434
16 0.492599 0.807566 0.097039 0.075658
22 0.407072 0.671875 0.080592 0.080592
18 0.789474 0.840461 0.085526 0.105263
25 0.310033 0.145559 0.110197 0.074013
25 0.649671 0.179276 0.118421 0.088816
25 0.244243 0.226151 0.090461 0.103618
25 0.338816 0.240954 0.115132 0.080592
25 0.439967 0.233553 0.100329 0.108553
25 0.597039 0.267270 0.101974 0.120066
25 0.790296 0.250000 0.100329 0.078947
25 0.870888 0.286184 0.093750 0.088816
25 0.799342 0.323191 0.088816 0.080592
25 0.730263 0.353618 0.082237 0.105263
25 0.790296 0.400493 0.074013 0.097039
25 0.893914 0.437500 0.106908 0.078947
25 0.949013 0.491776 0.078947 0.108553
25 0.948191 0.605263 0.090461 0.108553
25 0.869243 0.590461 0.080592 0.095395
25 0.887336 0.680099 0.087171 0.100329
25 0.887336 0.808388 0.093750 0.093750
25 0.834704 0.736020 0.080592 0.100329
25 0.789474 0.673520 0.101974 0.077303
25 0.801809 0.596217 0.077303 0.097039
25 0.781250 0.488487 0.085526 0.095395
25 0.715461 0.512336 0.092105 0.100329
25 0.718750 0.605263 0.088816 0.088816
25 0.738487 0.737664 0.078947 0.087171
25 0.731086 0.895559 0.083882 0.087171
25 0.621711 0.896382 0.098684 0.095395
25 0.681743 0.839638 0.103618 0.080592
25 0.671053 0.754934 0.085526 0.101974
25 0.606086 0.812500 0.093750 0.098684
25 0.649671 0.658717 0.098684 0.097039
25 0.638980 0.574836 0.106908 0.100329
25 0.635691 0.477796 0.080592 0.113487
25 0.657072 0.361842 0.083882 0.108553
25 0.589638 0.386513 0.093750 0.108553
25 0.522204 0.336349 0.080592 0.090461
25 0.456414 0.359375 0.087171 0.110197
25 0.504934 0.426809 0.105263 0.083882
25 0.575658 0.502467 0.065789 0.113487
25 0.500000 0.497533 0.095395 0.074013
25 0.538651 0.592105 0.093750 0.082237
25 0.560033 0.666941 0.097039 0.103618
25 0.577303 0.759868 0.078947 0.101974
25 0.523026 0.754112 0.101974 0.080592
25 0.531250 0.861842 0.085526 0.105263
25 0.444901 0.860197 0.103618 0.101974
25 0.383224 0.901316 0.101974 0.098684
25 0.268092 0.863487 0.118421 0.085526
25 0.335526 0.810033 0.101974 0.083882
25 0.218750 0.775493 0.101974 0.097039
25 0.101151 0.737664 0.083882 0.090461
25 0.148026 0.706414 0.082237 0.090461
25 0.220395 0.693257 0.082237 0.097039
25 0.290296 0.727796 0.080592 0.100329
25 0.352796 0.722862 0.064145 0.103618
25 0.329770 0.621711 0.097039 0.085526
25 0.378289 0.572368 0.085526 0.098684
25 0.450658 0.543586 0.105263 0.106908
25 0.412007 0.469572 0.110197 0.083882
25 0.467105 0.686678 0.095395 0.110197
25 0.449013 0.617599 0.108553 0.070724
25 0.379112 0.412007 0.110197 0.090461
25 0.302632 0.472039 0.121711 0.078947
25 0.300164 0.546053 0.080592 0.095395
25 0.376645 0.564967 0.082237 0.106908
25 0.270559 0.297697 0.106908 0.092105
25 0.180099 0.279605 0.080592 0.088816
25 0.109375 0.296053 0.090461 0.101974
25 0.059211 0.353618 0.075658 0.095395
25 0.180921 0.385691 0.115132 0.093750
25 0.311678 0.367599 0.116776 0.093750
25 0.238487 0.448191 0.088816 0.116776
25 0.149671 0.446546 0.095395 0.090461
25 0.064967 0.452303 0.093750 0.101974
25 0.066612 0.550164 0.097039 0.100329
25 0.094572 0.634046 0.106908 0.077303
