18 0.579770 0.392270 0.090461 0.103618
18 0.762336 0.222039 0.077303 0.101974
16 0.896382 0.349507 0.095395 0.074013
24 0.932566 0.579770 0.078947 0.090461
21 0.874178 0.742599 0.097039 0.077303
17 0.698191 0.552632 0.103618 0.085526
23 0.483553 0.425987 0.111842 0.105263
19 0.237664 0.541941 0.077303 0.093750
17 0.226151 0.628289 0.093750 0.088816
22 0.152961 0.499178 0.115132 0.070724
22 0.092928 0.595395 0.080592 0.098684
15 0.389803 0.809211 0.072368 0.082237
21 0.439145 0.889803 0.098684 0.088816
19 0.193257 0.148849 0.077303 0.070724
20 0.698191 0.267270 0.103618 0.106908
25 0.450658 0.063322 0.108553 0.074013
25 0.518914 0.096217 0.087171 0.103618
25 0.601974 0.097039 0.078947 0.088816
25 0.688322 0.129112 0.090461 0.100329
25 0.825658 0.130757 0.085526 0.110197
25 0.891447 0.199836 0.115132 0.097039
25 0.871711 0.294408 0.108553 0.092105
25 0.796875 0.365954 0.106908 0.087171
25 0.914474 0.426809 0.085526 0.097039
25 0.838816 0.444901 0.105263 0.087171
25 0.885691 0.511513 0.113487 0.085526
25 0.774671 0.513158 0.088816 0.082237
25 0.824013 0.578125 0.101974 0.083882
25 0.872533 0.651316 0.097039 0.092105
25 0.859375 0.819079 0.083882 0.092105
25 0.796053 0.776316 0.085526 0.105263
25 0.791941 0.684211 0.090461 0.088816
25 0.598684 0.195724 0.095395 0.108553
25 0.650493 0.310855 0.090461 0.101974
25 0.697368 0.399671 0.115132 0.088816
25 0.697368 0.474507 0.105263 0.083882
25 0.725329 0.628289 0.108553 0.082237
25 0.703125 0.712993 0.103618 0.087171
25 0.724507 0.787007 0.100329 0.087171
25 0.731086 0.878289 0.093750 0.101974
25 0.637336 0.930099 0.116776 0.080592
25 0.649671 0.842105 0.085526 0.098684
25 0.577303 0.887336 0.085526 0.093750
25 0.508224 0.926809 0.101974 0.080592
25 0.537829 0.826480 0.098684 0.100329
25 0.616776 0.758224 0.111842 0.078947
25 0.546053 0.691612 0.095395 0.116776
25 0.637336 0.677632 0.087171 0.105263
25 0.617599 0.586349 0.097039 0.087171
25 0.607730 0.504934 0.097039 0.085526
25 0.562500 0.277961 0.095395 0.098684
25 0.501645 0.199013 0.092105 0.092105
25 0.419408 0.138158 0.105263 0.082237
25 0.425164 0.222039 0.093750 0.095395
25 0.469572 0.291941 0.080592 0.106908
25 0.513158 0.347862 0.108553 0.087171
25 0.518092 0.513980 0.111842 0.083882
25 0.501645 0.604441 0.111842 0.090461
25 0.467928 0.804276 0.097039 0.098684
25 0.351151 0.867599 0.116776 0.077303
25 0.263158 0.848684 0.082237 0.085526
25 0.320724 0.777961 0.095395 0.092105
25 0.398849 0.709704 0.087171 0.103618
25 0.218750 0.795230 0.108553 0.087171
25 0.140625 0.754112 0.100329 0.100329
25 0.074013 0.717928 0.085526 0.090461
25 0.131579 0.671053 0.101974 0.082237
25 0.212171 0.710526 0.082237 0.101974
25 0.287829 0.699013 0.092105 0.098684
25 0.346217 0.646382 0.093750 0.085526
25 0.397204 0.583882 0.113487 0.098684
25 0.300987 0.599507 0.082237 0.113487
25 0.162007 0.582237 0.093750 0.111842
25 0.425164 0.508224 0.087171 0.111842
25 0.349507 0.487664 0.083882 0.093750
25 0.271382 0.476151 0.095395 0.080592
25 0.185855 0.416941 0.085526 0.106908
25 0.099507 0.410362 0.106908 0.093750
25 0.246711 0.388980 0.082237 0.110197
25 0.324013 0.407895 0.085526 0.108553
25 0.400493 0.413651 0.083882 0.100329
25 0.397204 0.319079 0.080592 0.101974
25 0.324013 0.305921 0.078947 0.098684
25 0.264803 0.293586 0.072368 0.106908
25 0.194901 0.297697 0.070724 0.098684
25 0.113487 0.307566 0.101974 0.088816
25 0.188322 0.219572 0.097039 0.083882
25 0.259868 0.196546 0.082237 0.106908
25 0.340461 0.220395 0.092105 0.085526
25 0.316612 0.134046 0.110197 0.093750
