15 0.577303 0.124178 0.085526 0.083882
23 0.693257 0.126645 0.070724 0.101974
20 0.543586 0.186678 0.116776 0.070724
15 0.527961 0.300164 0.092105 0.080592
16 0.577303 0.340461 0.095395 0.092105
19 0.853618 0.715461 0.095395 0.078947
21 0.731086 0.773849 0.087171 0.103618
24 0.387336 0.875822 0.090461 0.080592
24 0.269737 0.880757 0.085526 0.097039
17 0.499178 0.570724 0.097039 0.085526
22 0.206414 0.608553 0.077303 0.101974
23 0.233553 0.416941 0.085526 0.103618
22 0.329770 0.298520 0.097039 0.103618
16 0.215461 0.171053 0.075658 0.095395
18 0.267270 0.073191 0.077303 0.103618
25 0.640625 0.078947 0.090461 0.118421
25 0.512336 0.058388 0.100329 0.077303
25 0.500000 0.129934 0.101974 0.072368
25 0.394737 0.097039 0.101974 0.088816
25 0.418586 0.165296 0.103618 0.074013
25 0.302632 0.136513 0.098684 0.105263
25 0.338816 0.211349 0.078947 0.093750
25 0.401316 0.251645 0.082237 0.111842
25 0.495888 0.245066 0.110197 0.085526
25 0.133224 0.212171 0.078947 0.105263
25 0.267270 0.244243 0.077303 0.090461
25 0.189967 0.266447 0.093750 0.095395
25 0.243421 0.319079 0.098684 0.095395
25 0.097039 0.305099 0.115132 0.077303
25 0.076480 0.377467 0.110197 0.083882
25 0.148849 0.425987 0.106908 0.082237
25 0.306743 0.401316 0.077303 0.092105
25 0.442434 0.333059 0.105263 0.103618
25 0.643914 0.189145 0.097039 0.098684
25 0.755757 0.146382 0.087171 0.088816
25 0.592105 0.254934 0.075658 0.082237
25 0.668586 0.267270 0.093750 0.074013
25 0.739309 0.230263 0.097039 0.101974
25 0.809211 0.205592 0.092105 0.098684
25 0.888980 0.238487 0.090461 0.085526
25 0.852796 0.293586 0.093750 0.090461
25 0.925987 0.349507 0.075658 0.106908
25 0.856908 0.395559 0.075658 0.113487
25 0.757401 0.355263 0.090461 0.111842
25 0.671053 0.359375 0.098684 0.100329
25 0.610197 0.415296 0.108553 0.080592
25 0.740954 0.443257 0.097039 0.080592
25 0.813322 0.481086 0.090461 0.077303
25 0.902961 0.470395 0.085526 0.082237
25 0.943257 0.574836 0.093750 0.103618
25 0.848684 0.554276 0.078947 0.092105
25 0.898026 0.636513 0.092105 0.092105
25 0.807566 0.611842 0.088816 0.088816
25 0.768914 0.681743 0.087171 0.103618
25 0.813322 0.846217 0.087171 0.074013
25 0.681743 0.833059 0.113487 0.070724
25 0.656250 0.755757 0.072368 0.103618
25 0.684211 0.645559 0.085526 0.110197
25 0.615954 0.662829 0.083882 0.101974
25 0.594572 0.586349 0.106908 0.070724
25 0.695724 0.564145 0.105263 0.101974
25 0.744243 0.518914 0.090461 0.093750
25 0.629112 0.492599 0.093750 0.097039
25 0.491776 0.389803 0.095395 0.095395
25 0.481086 0.475329 0.113487 0.085526
25 0.384868 0.436678 0.085526 0.116776
25 0.412829 0.551809 0.092105 0.093750
25 0.536184 0.681743 0.082237 0.100329
25 0.587171 0.762336 0.075658 0.123355
25 0.579770 0.898849 0.100329 0.070724
25 0.420230 0.936678 0.100329 0.080592
25 0.476151 0.874178 0.100329 0.080592
25 0.518914 0.799342 0.083882 0.115132
25 0.431743 0.803454 0.090461 0.097039
25 0.356086 0.779605 0.080592 0.095395
25 0.450658 0.721217 0.095395 0.080592
25 0.362664 0.699836 0.100329 0.087171
25 0.462993 0.648026 0.106908 0.085526
25 0.282895 0.477796 0.098684 0.083882
25 0.305099 0.555099 0.100329 0.100329
25 0.365954 0.620066 0.103618 0.085526
25 0.266447 0.651316 0.098684 0.085526
25 0.254112 0.776316 0.097039 0.095395
25 0.194079 0.864309 0.092105 0.077303
25 0.146382 0.774671 0.105263 0.078947
25 0.139803 0.693257 0.078947 0.097039
25 0.209704 0.698191 0.070724 0.093750
25 0.128289 0.601974 0.078947 0.095395
25 0.203947 0.518914 0.088816 0.093750
25 0.117599 0.502467 0.097039 0.087171
