18 0.771382 0.226974 0.082237 0.101974
23 0.916118 0.356086 0.092105 0.090461
20 0.811678 0.376645 0.074013 0.092105
17 0.565789 0.277961 0.111842 0.092105
18 0.481086 0.280428 0.077303 0.103618
23 0.644737 0.298520 0.095395 0.100329
22 0.565789 0.454770 0.095395 0.087171
22 0.669408 0.635691 0.082237 0.116776
24 0.597862 0.923520 0.116776 0.074013
20 0.508224 0.849507 0.072368 0.097039
15 0.365132 0.791941 0.092105 0.077303
19 0.394737 0.532072 0.092105 0.080592
17 0.249178 0.503289 0.097039 0.098684
21 0.193257 0.430099 0.093750 0.097039
16 0.240132 0.166941 0.095395 0.083882
25 0.675164 0.114309 0.083882 0.097039
25 0.699836 0.209704 0.080592 0.110197
25 0.842105 0.225329 0.082237 0.101974
25 0.884868 0.280428 0.098684 0.080592
25 0.877467 0.424342 0.103618 0.085526
25 0.733553 0.317434 0.105263 0.092105
25 0.748355 0.403783 0.075658 0.090461
25 0.796875 0.479441 0.093750 0.100329
25 0.935855 0.516447 0.082237 0.101974
25 0.877467 0.561678 0.083882 0.110197
25 0.941612 0.614309 0.087171 0.093750
25 0.813322 0.595395 0.093750 0.092105
25 0.875000 0.657895 0.078947 0.088816
25 0.917763 0.776316 0.075658 0.092105
25 0.829770 0.737664 0.074013 0.103618
25 0.763980 0.668586 0.106908 0.087171
25 0.718750 0.530428 0.092105 0.113487
25 0.666118 0.471217 0.115132 0.087171
25 0.671053 0.388980 0.095395 0.100329
25 0.564967 0.370888 0.120066 0.090461
25 0.619243 0.199836 0.083882 0.097039
25 0.584704 0.127467 0.120066 0.083882
25 0.527961 0.196546 0.108553 0.090461
25 0.475329 0.131579 0.085526 0.085526
25 0.413651 0.061678 0.103618 0.087171
25 0.376645 0.132401 0.075658 0.083882
25 0.425987 0.194901 0.088816 0.083882
25 0.398026 0.284539 0.082237 0.092105
25 0.333059 0.193257 0.103618 0.090461
25 0.321546 0.270559 0.100329 0.090461
25 0.170230 0.183388 0.093750 0.093750
25 0.236020 0.259046 0.080592 0.113487
25 0.319079 0.270559 0.095395 0.087171
25 0.121711 0.275493 0.108553 0.074013
25 0.134046 0.361020 0.090461 0.106908
25 0.080592 0.407072 0.092105 0.077303
25 0.210526 0.345395 0.098684 0.085526
25 0.283717 0.331414 0.087171 0.093750
25 0.370066 0.356908 0.098684 0.082237
25 0.486842 0.407072 0.108553 0.080592
25 0.292763 0.412829 0.118421 0.078947
25 0.382401 0.434211 0.083882 0.082237
25 0.459704 0.481908 0.100329 0.088816
25 0.330592 0.486842 0.085526 0.085526
25 0.155428 0.504934 0.093750 0.085526
25 0.081414 0.507401 0.083882 0.103618
25 0.104441 0.600329 0.083882 0.098684
25 0.195724 0.566612 0.088816 0.077303
25 0.305921 0.582237 0.088816 0.085526
25 0.489309 0.562500 0.093750 0.092105
25 0.611020 0.548520 0.106908 0.090461
25 0.541118 0.629112 0.115132 0.080592
25 0.595395 0.700658 0.075658 0.101974
25 0.641447 0.768092 0.101974 0.075658
25 0.733553 0.768092 0.098684 0.085526
25 0.759046 0.838816 0.077303 0.085526
25 0.678454 0.844572 0.097039 0.070724
25 0.589638 0.849507 0.100329 0.087171
25 0.549342 0.776316 0.105263 0.082237
25 0.506579 0.705592 0.111842 0.082237
25 0.454770 0.778783 0.103618 0.077303
25 0.428454 0.848684 0.110197 0.075658
25 0.484375 0.925987 0.097039 0.088816
25 0.393914 0.918586 0.103618 0.083882
25 0.333882 0.869243 0.082237 0.100329
25 0.258224 0.873355 0.082237 0.121711
25 0.273026 0.787007 0.095395 0.074013
25 0.127467 0.784539 0.100329 0.072368
25 0.414474 0.693257 0.078947 0.093750
25 0.390625 0.610197 0.113487 0.092105
25 0.324013 0.661184 0.098684 0.078947
25 0.331414 0.734375 0.100329 0.074013
25 0.249178 0.639803 0.077303 0.098684
25 0.169408 0.655428 0.085526 0.097039
25 0.223684 0.721217 0.105263 0.074013
25 0.125822 0.705592 0.090461 0.095395
