15 0.744243 0.162007 0.064145 0.077303
20 0.619243 0.356086 0.093750 0.093750
16 0.521382 0.180099 0.072368 0.103618
24 0.322368 0.155428 0.111842 0.087171
23 0.055099 0.367599 0.083882 0.106908
19 0.267270 0.648849 0.097039 0.106908
18 0.387336 0.757401 0.090461 0.093750
22 0.448191 0.698191 0.129934 0.064145
15 0.488487 0.557566 0.095395 0.085526
21 0.583882 0.856086 0.085526 0.090461
19 0.552632 0.918586 0.098684 0.077303
17 0.708882 0.845395 0.098684 0.082237
15 0.796053 0.793586 0.092105 0.074013
16 0.648849 0.467928 0.083882 0.090461
21 0.374178 0.945724 0.083882 0.095395
25 0.518914 0.056743 0.090461 0.090461
25 0.580592 0.094572 0.085526 0.097039
25 0.669408 0.137336 0.105263 0.090461
25 0.445724 0.101974 0.085526 0.088816
25 0.283717 0.094572 0.083882 0.106908
25 0.604441 0.181743 0.100329 0.087171
25 0.821546 0.162829 0.093750 0.078947
25 0.224507 0.214638 0.113487 0.077303
25 0.416118 0.226151 0.095395 0.093750
25 0.318257 0.235197 0.097039 0.075658
25 0.144737 0.255757 0.105263 0.074013
25 0.252467 0.280428 0.100329 0.070724
25 0.161184 0.329770 0.092105 0.087171
25 0.265625 0.361842 0.090461 0.101974
25 0.342928 0.311678 0.087171 0.087171
25 0.441612 0.305921 0.116776 0.075658
25 0.547697 0.263158 0.105263 0.088816
25 0.642270 0.269737 0.090461 0.095395
25 0.710526 0.226151 0.075658 0.093750
25 0.793586 0.244243 0.100329 0.090461
25 0.888980 0.267270 0.100329 0.083882
25 0.872533 0.349507 0.080592 0.097039
25 0.785362 0.324836 0.100329 0.087171
25 0.697368 0.316612 0.082237 0.097039
25 0.712171 0.409539 0.101974 0.092105
25 0.831414 0.405428 0.110197 0.087171
25 0.909539 0.461349 0.098684 0.083882
25 0.772204 0.462993 0.097039 0.083882
25 0.849507 0.527138 0.090461 0.110197
25 0.893914 0.606086 0.080592 0.110197
25 0.825658 0.632401 0.075658 0.093750
25 0.861842 0.710526 0.082237 0.101974
25 0.778783 0.710526 0.093750 0.101974
25 0.717105 0.776316 0.098684 0.075658
25 0.653783 0.887336 0.083882 0.077303
25 0.621711 0.752467 0.098684 0.077303
25 0.693257 0.686678 0.074013 0.110197
25 0.612664 0.665296 0.100329 0.097039
25 0.652961 0.592928 0.085526 0.106908
25 0.743421 0.619243 0.082237 0.097039
25 0.777961 0.549342 0.075658 0.098684
25 0.705592 0.532895 0.072368 0.105263
25 0.527961 0.341283 0.098684 0.080592
25 0.583882 0.407895 0.082237 0.082237
25 0.535362 0.481086 0.080592 0.090461
25 0.590461 0.531250 0.088816 0.108553
25 0.527961 0.633224 0.088816 0.095395
25 0.534539 0.769737 0.092105 0.108553
25 0.449836 0.790296 0.077303 0.110197
25 0.505757 0.858553 0.080592 0.095395
25 0.458059 0.885691 0.090461 0.087171
25 0.301809 0.899671 0.090461 0.101974
25 0.272204 0.810033 0.093750 0.070724
25 0.374178 0.827303 0.087171 0.078947
25 0.311678 0.743421 0.100329 0.088816
25 0.169408 0.791941 0.092105 0.077303
25 0.183388 0.717105 0.100329 0.082237
25 0.103618 0.680099 0.105263 0.083882
25 0.185033 0.639803 0.097039 0.082237
25 0.352796 0.687500 0.097039 0.078947
25 0.346217 0.612664 0.087171 0.090461
25 0.435033 0.620888 0.106908 0.087171
25 0.119243 0.588816 0.116776 0.082237
25 0.098684 0.517270 0.111842 0.074013
25 0.202303 0.548520 0.092105 0.106908
25 0.288651 0.560033 0.100329 0.083882
25 0.405428 0.537829 0.100329 0.085526
25 0.466283 0.464638 0.087171 0.106908
25 0.428454 0.377467 0.106908 0.074013
25 0.387336 0.458882 0.083882 0.098684
25 0.339638 0.402138 0.077303 0.093750
25 0.318257 0.484375 0.087171 0.087171
25 0.241776 0.487664 0.092105 0.093750
25 0.188322 0.426809 0.087171 0.103618
25 0.095395 0.444079 0.105263 0.088816
