19 0.318257 0.130757 0.110197 0.070724
15 0.401316 0.097039 0.095395 0.098684
18 0.519737 0.220395 0.101974 0.082237
15 0.898849 0.356086 0.103618 0.083882
22 0.771382 0.387336 0.105263 0.120066
23 0.930099 0.634868 0.070724 0.098684
19 0.465461 0.793586 0.092105 0.097039
22 0.552632 0.802632 0.098684 0.085526
20 0.376645 0.736020 0.095395 0.074013
23 0.521382 0.537007 0.101974 0.074013
24 0.271382 0.532895 0.088816 0.098684
17 0.190789 0.655428 0.105263 0.083882
21 0.204770 0.512336 0.077303 0.097039
16 0.242599 0.434211 0.077303 0.105263
18 0.130757 0.323191 0.087171 0.087171
25 0.500000 0.076480 0.095395 0.077303
25 0.687500 0.087171 0.092105 0.085526
25 0.761513 0.157072 0.082237 0.083882
25 0.644737 0.135691 0.105263 0.090461
25 0.544408 0.135691 0.085526 0.103618
25 0.617599 0.215461 0.093750 0.105263
25 0.700658 0.224507 0.082237 0.113487
25 0.766447 0.262336 0.072368 0.103618
25 0.825658 0.305099 0.075658 0.113487
25 0.675987 0.333059 0.092105 0.083882
25 0.860197 0.426809 0.078947 0.103618
25 0.941612 0.528783 0.080592 0.103618
25 0.860197 0.559211 0.108553 0.085526
25 0.852796 0.640625 0.100329 0.087171
25 0.911184 0.713816 0.088816 0.075658
25 0.842928 0.731086 0.100329 0.100329
25 0.826480 0.811678 0.083882 0.074013
25 0.750822 0.828125 0.077303 0.110197
25 0.771382 0.753289 0.095395 0.082237
25 0.770559 0.666941 0.080592 0.110197
25 0.750000 0.569901 0.105263 0.080592
25 0.802632 0.493421 0.088816 0.098684
25 0.715461 0.504112 0.095395 0.070724
25 0.713816 0.434211 0.092105 0.082237
25 0.632401 0.425987 0.074013 0.108553
25 0.599507 0.296875 0.090461 0.097039
25 0.509046 0.302632 0.097039 0.088816
25 0.559211 0.388158 0.101974 0.098684
25 0.542763 0.458882 0.101974 0.098684
25 0.622533 0.517270 0.097039 0.090461
25 0.651316 0.580592 0.105263 0.082237
25 0.703947 0.643914 0.085526 0.087171
25 0.564145 0.597039 0.082237 0.101974
25 0.615954 0.663651 0.110197 0.093750
25 0.675164 0.722862 0.097039 0.087171
25 0.606086 0.760691 0.110197 0.106908
25 0.668586 0.823191 0.087171 0.090461
25 0.604441 0.876645 0.087171 0.088816
25 0.552632 0.931743 0.078947 0.103618
25 0.423520 0.943257 0.097039 0.070724
25 0.515625 0.865954 0.093750 0.090461
25 0.444079 0.874178 0.085526 0.080592
25 0.363487 0.884046 0.078947 0.097039
25 0.302632 0.834704 0.082237 0.097039
25 0.233553 0.854441 0.095395 0.080592
25 0.376645 0.796053 0.098684 0.069079
25 0.242599 0.783717 0.074013 0.097039
25 0.303454 0.743421 0.074013 0.098684
25 0.195724 0.723684 0.088816 0.072368
25 0.277961 0.675987 0.082237 0.095395
25 0.457237 0.703125 0.098684 0.097039
25 0.531250 0.684211 0.085526 0.092105
25 0.477796 0.615132 0.083882 0.105263
25 0.363487 0.667763 0.101974 0.069079
25 0.111842 0.670230 0.095395 0.103618
25 0.138980 0.592105 0.100329 0.072368
25 0.118421 0.523849 0.105263 0.070724
25 0.140625 0.443257 0.080592 0.103618
25 0.324836 0.590461 0.093750 0.085526
25 0.409539 0.567434 0.085526 0.101974
25 0.405428 0.478618 0.103618 0.082237
25 0.320724 0.469572 0.075658 0.103618
25 0.472039 0.401316 0.082237 0.101974
25 0.388980 0.398026 0.090461 0.105263
25 0.299342 0.370888 0.098684 0.090461
25 0.248355 0.296053 0.088816 0.092105
25 0.327303 0.290296 0.085526 0.106908
25 0.425164 0.328125 0.100329 0.093750
25 0.443257 0.249178 0.087171 0.083882
25 0.458882 0.169408 0.092105 0.088816
25 0.369243 0.214638 0.074013 0.103618
25 0.283717 0.217928 0.093750 0.083882
25 0.180921 0.250822 0.095395 0.087171
25 0.157072 0.168586 0.087171 0.106908
25 0.241776 0.136513 0.085526 0.108553
