22 0.831414 0.212993 0.110197 0.087171
17 0.863487 0.327303 0.092105 0.092105
24 0.922697 0.574836 0.082237 0.090461
24 0.863487 0.632401 0.085526 0.087171
23 0.747533 0.546053 0.080592 0.108553
20 0.305099 0.173520 0.100329 0.113487
16 0.157895 0.539474 0.075658 0.088816
17 0.240954 0.582237 0.100329 0.092105
20 0.311678 0.664474 0.090461 0.082237
18 0.371711 0.624178 0.095395 0.097039
21 0.250822 0.892270 0.074013 0.093750
16 0.144737 0.690789 0.092105 0.085526
21 0.505757 0.916118 0.097039 0.088816
15 0.646382 0.875822 0.065789 0.093750
19 0.720395 0.842928 0.092105 0.100329
25 0.284539 0.100329 0.101974 0.085526
25 0.446546 0.124178 0.090461 0.110197
25 0.388158 0.180099 0.075658 0.097039
25 0.532895 0.144737 0.078947 0.098684
25 0.621711 0.170230 0.072368 0.110197
25 0.700658 0.186678 0.108553 0.080592
25 0.900493 0.173520 0.093750 0.080592
25 0.711349 0.253289 0.110197 0.078947
25 0.811678 0.262336 0.097039 0.080592
25 0.915296 0.264803 0.087171 0.078947
25 0.931743 0.355263 0.070724 0.108553
25 0.872533 0.417763 0.106908 0.085526
25 0.915296 0.490132 0.093750 0.082237
25 0.748355 0.325658 0.105263 0.075658
25 0.782072 0.407895 0.090461 0.092105
25 0.816612 0.481086 0.100329 0.087171
25 0.827303 0.549342 0.095395 0.075658
25 0.791118 0.632401 0.082237 0.116776
25 0.831414 0.719572 0.093750 0.074013
25 0.768092 0.758224 0.072368 0.092105
25 0.731908 0.690789 0.088816 0.105263
25 0.684211 0.588816 0.082237 0.105263
25 0.703947 0.476974 0.085526 0.078947
25 0.688322 0.396382 0.093750 0.088816
25 0.662007 0.316612 0.080592 0.097039
25 0.575658 0.235197 0.088816 0.105263
25 0.487664 0.214638 0.097039 0.097039
25 0.571546 0.351151 0.103618 0.070724
25 0.567434 0.438322 0.082237 0.090461
25 0.628289 0.477796 0.078947 0.090461
25 0.579770 0.532895 0.097039 0.105263
25 0.597862 0.638980 0.077303 0.113487
25 0.655428 0.703947 0.074013 0.101974
25 0.574013 0.717928 0.115132 0.090461
25 0.576480 0.794408 0.103618 0.075658
25 0.674342 0.791118 0.092105 0.082237
25 0.585526 0.888980 0.078947 0.110197
25 0.422697 0.867599 0.082237 0.106908
25 0.467928 0.802632 0.087171 0.108553
25 0.388980 0.785362 0.090461 0.087171
25 0.344572 0.870066 0.093750 0.088816
25 0.317434 0.913651 0.082237 0.097039
25 0.179276 0.878289 0.098684 0.105263
25 0.069079 0.842105 0.078947 0.088816
25 0.129934 0.804276 0.098684 0.062500
25 0.231086 0.807566 0.083882 0.092105
25 0.302632 0.783717 0.088816 0.097039
25 0.135691 0.759868 0.110197 0.088816
25 0.249178 0.720395 0.090461 0.085526
25 0.393914 0.710526 0.103618 0.078947
25 0.220395 0.651316 0.101974 0.082237
25 0.496711 0.661184 0.101974 0.085526
25 0.504934 0.577303 0.075658 0.108553
25 0.482730 0.485197 0.097039 0.085526
25 0.435033 0.545230 0.080592 0.097039
25 0.478618 0.303454 0.088816 0.093750
25 0.482730 0.398026 0.090461 0.105263
25 0.407895 0.284539 0.088816 0.108553
25 0.333059 0.254934 0.080592 0.115132
25 0.185033 0.157072 0.106908 0.090461
25 0.217928 0.217928 0.087171 0.083882
25 0.141447 0.250000 0.092105 0.085526
25 0.227796 0.312500 0.106908 0.085526
25 0.337171 0.355263 0.085526 0.105263
25 0.403783 0.423520 0.090461 0.126645
25 0.366776 0.505757 0.085526 0.103618
25 0.305921 0.560033 0.085526 0.097039
25 0.117599 0.619243 0.113487 0.080592
25 0.086349 0.549342 0.097039 0.095395
25 0.055099 0.479441 0.090461 0.103618
25 0.229441 0.495888 0.087171 0.087171
25 0.308388 0.447368 0.087171 0.098684
25 0.163651 0.453125 0.083882 0.100329
25 0.242599 0.400493 0.087171 0.113487
25 0.147204 0.344572 0.083882 0.113487
