17 0.637336 0.083882 0.103618 0.078947
18 0.486020 0.095395 0.110197 0.088816
24 0.384868 0.318257 0.092105 0.083882
20 0.092928 0.401316 0.083882 0.092105
21 0.186678 0.686678 0.077303 0.083882
20 0.246711 0.740132 0.092105 0.095395
24 0.461349 0.738487 0.090461 0.092105
15 0.630757 0.586349 0.083882 0.090461
19 0.880757 0.568257 0.083882 0.093750
22 0.686678 0.889803 0.070724 0.121711
17 0.443257 0.945724 0.100329 0.072368
18 0.430099 0.875822 0.083882 0.093750
21 0.820724 0.282895 0.085526 0.075658
23 0.402961 0.474507 0.065789 0.116776
16 0.505757 0.405428 0.070724 0.097039
25 0.805921 0.129112 0.075658 0.103618
25 0.788651 0.213816 0.093750 0.075658
25 0.745888 0.278783 0.087171 0.090461
25 0.874178 0.345395 0.083882 0.111842
25 0.914474 0.425164 0.069079 0.100329
25 0.931743 0.523026 0.083882 0.108553
25 0.846217 0.437500 0.080592 0.108553
25 0.782895 0.470395 0.082237 0.098684
25 0.778783 0.594572 0.087171 0.103618
25 0.860197 0.642270 0.108553 0.087171
25 0.768914 0.682566 0.103618 0.078947
25 0.732730 0.759868 0.087171 0.115132
25 0.776316 0.846217 0.082237 0.110197
25 0.702303 0.583882 0.078947 0.098684
25 0.727796 0.505757 0.093750 0.083882
25 0.791118 0.351151 0.082237 0.110197
25 0.712993 0.195724 0.090461 0.121711
25 0.648026 0.173520 0.078947 0.097039
25 0.565789 0.152961 0.069079 0.111842
25 0.370066 0.142270 0.101974 0.080592
25 0.461349 0.171875 0.103618 0.087171
25 0.527961 0.237664 0.075658 0.093750
25 0.606086 0.264803 0.087171 0.105263
25 0.662829 0.326480 0.095395 0.106908
25 0.728618 0.374178 0.092105 0.110197
25 0.660362 0.421875 0.103618 0.093750
25 0.629934 0.505757 0.101974 0.090461
25 0.578947 0.440789 0.101974 0.085526
25 0.583882 0.354441 0.078947 0.097039
25 0.502467 0.317434 0.097039 0.105263
25 0.444079 0.372533 0.082237 0.110197
25 0.449013 0.254934 0.085526 0.101974
25 0.458059 0.487664 0.090461 0.100329
25 0.543586 0.513158 0.087171 0.105263
25 0.687500 0.668586 0.075658 0.090461
25 0.648026 0.744243 0.092105 0.080592
25 0.624178 0.807566 0.093750 0.082237
25 0.620888 0.884046 0.100329 0.080592
25 0.598684 0.942434 0.105263 0.072368
25 0.521382 0.916118 0.115132 0.082237
25 0.349507 0.940789 0.100329 0.088816
25 0.286184 0.862664 0.088816 0.074013
25 0.357730 0.851151 0.074013 0.106908
25 0.402961 0.773026 0.092105 0.095395
25 0.495888 0.832237 0.100329 0.098684
25 0.557566 0.767270 0.101974 0.074013
25 0.528783 0.688322 0.106908 0.093750
25 0.613487 0.666118 0.085526 0.105263
25 0.545230 0.604441 0.103618 0.083882
25 0.466283 0.559211 0.113487 0.085526
25 0.452303 0.648849 0.078947 0.103618
25 0.392270 0.686678 0.083882 0.097039
25 0.303454 0.793586 0.100329 0.100329
25 0.212171 0.814145 0.085526 0.101974
25 0.157072 0.750000 0.116776 0.088816
25 0.319901 0.702303 0.077303 0.098684
25 0.341283 0.620888 0.120066 0.077303
25 0.347039 0.545230 0.101974 0.080592
25 0.308388 0.460526 0.077303 0.115132
25 0.367599 0.395559 0.087171 0.087171
25 0.347862 0.267270 0.090461 0.113487
25 0.294408 0.351974 0.082237 0.108553
25 0.261513 0.248355 0.085526 0.101974
25 0.187500 0.236020 0.082237 0.100329
25 0.115132 0.310033 0.105263 0.106908
25 0.185855 0.329770 0.085526 0.090461
25 0.229441 0.396382 0.097039 0.082237
25 0.224507 0.481086 0.077303 0.090461
25 0.268092 0.554276 0.075658 0.101974
25 0.254112 0.650493 0.083882 0.103618
25 0.201480 0.597039 0.083882 0.108553
25 0.149671 0.531250 0.098684 0.092105
25 0.092105 0.491776 0.095395 0.101974
25 0.123355 0.609375 0.085526 0.074013
25 0.111842 0.678454 0.092105 0.077303
