17 0.514803 0.086349 0.108553 0.083882
21 0.611020 0.079770 0.090461 0.087171
16 0.716283 0.126645 0.087171 0.088816
22 0.527961 0.171053 0.121711 0.105263
24 0.405428 0.251645 0.097039 0.085526
21 0.626645 0.396382 0.092105 0.098684
17 0.626645 0.475329 0.095395 0.075658
22 0.702303 0.564145 0.072368 0.111842
24 0.642270 0.749178 0.090461 0.083882
16 0.512336 0.675987 0.080592 0.085526
19 0.412007 0.814145 0.110197 0.075658
23 0.311678 0.780428 0.087171 0.097039
16 0.189145 0.776316 0.092105 0.098684
15 0.224507 0.490132 0.087171 0.082237
20 0.452303 0.458882 0.108553 0.108553
25 0.405428 0.111020 0.100329 0.103618
25 0.620888 0.153783 0.103618 0.090461
25 0.699836 0.207237 0.100329 0.082237
25 0.773849 0.212993 0.077303 0.097039
25 0.843750 0.195724 0.078947 0.092105
25 0.898849 0.233553 0.093750 0.092105
25 0.851974 0.298520 0.118421 0.083882
25 0.722862 0.270559 0.100329 0.083882
25 0.774671 0.346217 0.082237 0.100329
25 0.860197 0.378289 0.101974 0.082237
25 0.904605 0.454770 0.085526 0.100329
25 0.870066 0.561678 0.088816 0.106908
25 0.864309 0.643914 0.093750 0.087171
25 0.778783 0.592928 0.093750 0.077303
25 0.773026 0.673520 0.085526 0.097039
25 0.802632 0.763980 0.092105 0.106908
25 0.725329 0.761513 0.082237 0.101974
25 0.695724 0.676809 0.085526 0.080592
25 0.799342 0.519737 0.105263 0.095395
25 0.730263 0.475329 0.115132 0.082237
25 0.810033 0.437500 0.103618 0.088816
25 0.711349 0.390625 0.077303 0.113487
25 0.624178 0.240954 0.110197 0.093750
25 0.662007 0.317434 0.083882 0.082237
25 0.578125 0.337993 0.080592 0.097039
25 0.539474 0.266447 0.085526 0.098684
25 0.459704 0.208882 0.097039 0.098684
25 0.289474 0.146382 0.088816 0.098684
25 0.343750 0.201480 0.085526 0.097039
25 0.163651 0.148026 0.087171 0.095395
25 0.222862 0.207237 0.087171 0.101974
25 0.129934 0.240132 0.088816 0.085526
25 0.185033 0.282895 0.103618 0.088816
25 0.284539 0.261513 0.105263 0.085526
25 0.242599 0.328125 0.106908 0.087171
25 0.363487 0.312500 0.095395 0.078947
25 0.467928 0.308388 0.093750 0.087171
25 0.510691 0.379934 0.103618 0.082237
25 0.425164 0.377467 0.080592 0.103618
25 0.545230 0.453947 0.106908 0.088816
25 0.560855 0.527138 0.105263 0.077303
25 0.625822 0.566612 0.090461 0.110197
25 0.540296 0.600329 0.113487 0.088816
25 0.598684 0.660362 0.105263 0.080592
25 0.556743 0.731908 0.113487 0.085526
25 0.654605 0.822368 0.115132 0.082237
25 0.662829 0.898026 0.101974 0.078947
25 0.570724 0.872533 0.101974 0.070724
25 0.553454 0.812500 0.100329 0.092105
25 0.488487 0.774671 0.092105 0.078947
25 0.461349 0.860197 0.097039 0.072368
25 0.571546 0.933388 0.093750 0.070724
25 0.475329 0.933388 0.101974 0.090461
25 0.385691 0.920230 0.097039 0.083882
25 0.254934 0.847039 0.105263 0.095395
25 0.229441 0.703947 0.093750 0.075658
25 0.310033 0.690789 0.083882 0.092105
25 0.425987 0.730263 0.101974 0.085526
25 0.387336 0.658717 0.090461 0.097039
25 0.450658 0.625000 0.092105 0.101974
25 0.467928 0.539474 0.100329 0.085526
25 0.385691 0.555099 0.093750 0.087171
25 0.324013 0.594572 0.075658 0.100329
25 0.257401 0.630757 0.074013 0.090461
25 0.185855 0.629112 0.085526 0.123355
25 0.105263 0.663651 0.101974 0.083882
25 0.127467 0.563322 0.087171 0.110197
25 0.260691 0.546875 0.090461 0.100329
25 0.322368 0.479441 0.105263 0.097039
25 0.377467 0.431743 0.093750 0.093750
25 0.311678 0.376645 0.087171 0.078947
25 0.250822 0.413651 0.090461 0.093750
25 0.143092 0.364309 0.085526 0.113487
25 0.174342 0.446546 0.101974 0.093750
25 0.091283 0.449013 0.074013 0.118421
