19 0.871711 0.268914 0.082237 0.106908
19 0.840461 0.539474 0.082237 0.101974
16 0.791941 0.599507 0.077303 0.097039
15 0.635691 0.731086 0.083882 0.090461
21 0.388158 0.624178 0.082237 0.097039
18 0.059211 0.626645 0.092105 0.101974
20 0.207237 0.392270 0.075658 0.110197
18 0.606086 0.318257 0.077303 0.093750
15 0.684211 0.208882 0.095395 0.095395
16 0.454770 0.407895 0.093750 0.072368
21 0.537007 0.376645 0.090461 0.095395
23 0.449836 0.693257 0.083882 0.103618
23 0.738487 0.407895 0.105263 0.092105
22 0.749178 0.481086 0.103618 0.077303
23 0.492599 0.461349 0.103618 0.064145
25 0.370066 0.058388 0.105263 0.070724
25 0.570724 0.088816 0.095395 0.078947
25 0.657072 0.126645 0.090461 0.098684
25 0.774671 0.171875 0.095395 0.087171
25 0.786184 0.245888 0.101974 0.093750
25 0.924342 0.329770 0.105263 0.083882
25 0.846217 0.370066 0.083882 0.095395
25 0.912007 0.410362 0.074013 0.093750
25 0.915296 0.518092 0.077303 0.105263
25 0.836349 0.450658 0.103618 0.088816
25 0.769737 0.372533 0.085526 0.100329
25 0.690789 0.328125 0.095395 0.103618
25 0.545230 0.282895 0.083882 0.092105
25 0.588816 0.175164 0.101974 0.077303
25 0.505757 0.131579 0.106908 0.101974
25 0.407895 0.129934 0.098684 0.092105
25 0.472039 0.194901 0.088816 0.077303
25 0.457237 0.268914 0.125000 0.077303
25 0.465461 0.340461 0.095395 0.078947
25 0.388158 0.221217 0.075658 0.103618
25 0.288651 0.102796 0.120066 0.083882
25 0.313322 0.179276 0.097039 0.095395
25 0.235197 0.171875 0.095395 0.080592
25 0.138980 0.198191 0.087171 0.120066
25 0.224507 0.253289 0.113487 0.078947
25 0.323191 0.263980 0.087171 0.087171
25 0.263158 0.321546 0.105263 0.074013
25 0.370888 0.353618 0.093750 0.105263
25 0.286184 0.388980 0.111842 0.093750
25 0.149671 0.337993 0.108553 0.077303
25 0.074836 0.293586 0.083882 0.103618
25 0.104441 0.430921 0.087171 0.105263
25 0.175987 0.480263 0.111842 0.085526
25 0.296875 0.467105 0.093750 0.095395
25 0.115954 0.532895 0.093750 0.098684
25 0.235197 0.541118 0.098684 0.082237
25 0.392270 0.447368 0.100329 0.088816
25 0.364309 0.512336 0.106908 0.077303
25 0.323191 0.573191 0.103618 0.090461
25 0.465461 0.520559 0.128289 0.083882
25 0.461349 0.599507 0.093750 0.097039
25 0.597862 0.415296 0.083882 0.113487
25 0.671875 0.434211 0.077303 0.115132
25 0.560033 0.500822 0.087171 0.110197
25 0.637336 0.508224 0.090461 0.095395
25 0.718750 0.550987 0.108553 0.092105
25 0.799342 0.677632 0.088816 0.095395
25 0.891447 0.726974 0.069079 0.108553
25 0.689967 0.672697 0.120066 0.075658
25 0.751645 0.740132 0.115132 0.075658
25 0.642270 0.593750 0.080592 0.095395
25 0.553454 0.592105 0.110197 0.105263
25 0.592105 0.650493 0.088816 0.090461
25 0.518092 0.676809 0.101974 0.093750
25 0.527138 0.742599 0.103618 0.077303
25 0.574836 0.791941 0.100329 0.087171
25 0.715461 0.813322 0.108553 0.097039
25 0.790296 0.851974 0.083882 0.105263
25 0.722039 0.907895 0.082237 0.111842
25 0.620066 0.863487 0.105263 0.095395
25 0.547697 0.892270 0.108553 0.090461
25 0.444901 0.922697 0.083882 0.095395
25 0.464638 0.840461 0.100329 0.085526
25 0.427632 0.759868 0.108553 0.082237
25 0.342928 0.897204 0.080592 0.097039
25 0.272204 0.886513 0.087171 0.085526
25 0.380757 0.832237 0.070724 0.095395
25 0.328125 0.753289 0.083882 0.108553
25 0.259868 0.814145 0.101974 0.078947
25 0.197368 0.754112 0.101974 0.090461
25 0.095395 0.806743 0.085526 0.100329
25 0.098684 0.711349 0.085526 0.097039
25 0.254112 0.705592 0.080592 0.092105
25 0.210526 0.649671 0.078947 0.092105
25 0.144737 0.619243 0.095395 0.093750
