17 0.412007 0.070724 0.097039 0.085526
17 0.582237 0.072368 0.098684 0.095395
22 0.923520 0.311678 0.074013 0.100329
19 0.861020 0.443257 0.090461 0.083882
23 0.847039 0.530428 0.082237 0.103618
24 0.615132 0.586349 0.095395 0.103618
18 0.712993 0.583882 0.080592 0.105263
17 0.521382 0.615132 0.095395 0.082237
20 0.526316 0.749178 0.105263 0.070724
22 0.418586 0.791118 0.083882 0.111842
18 0.338816 0.599507 0.098684 0.090461
23 0.186678 0.711349 0.070724 0.113487
19 0.282072 0.447368 0.087171 0.098684
24 0.143914 0.305099 0.093750 0.100329
15 0.099507 0.224507 0.090461 0.074013
25 0.754112 0.179276 0.100329 0.101974
25 0.865132 0.214638 0.072368 0.093750
25 0.838816 0.299342 0.098684 0.082237
25 0.826480 0.376645 0.129934 0.085526
25 0.930921 0.409539 0.082237 0.108553
25 0.940789 0.515625 0.098684 0.083882
25 0.889803 0.597039 0.072368 0.101974
25 0.822368 0.661184 0.088816 0.085526
23 0.799342 0.783717 0.075658 0.116776
25 0.732730 0.676809 0.093750 0.083882
25 0.782072 0.601151 0.083882 0.106908
25 0.773849 0.516447 0.103618 0.092105
25 0.760691 0.449836 0.110197 0.080592
25 0.749178 0.259046 0.113487 0.090461
25 0.621711 0.139803 0.108553 0.092105
25 0.657072 0.206414 0.116776 0.087171
25 0.646382 0.280428 0.105263 0.077303
25 0.728618 0.332237 0.101974 0.085526
25 0.631579 0.351151 0.098684 0.077303
25 0.697368 0.400493 0.092105 0.090461
25 0.683388 0.489309 0.080592 0.103618
25 0.605263 0.423520 0.118421 0.080592
25 0.606908 0.506579 0.095395 0.082237
25 0.659539 0.650493 0.085526 0.103618
25 0.721217 0.758224 0.080592 0.095395
25 0.744243 0.866776 0.083882 0.108553
25 0.658717 0.934211 0.097039 0.078947
25 0.660362 0.856086 0.093750 0.080592
25 0.643914 0.800987 0.110197 0.082237
25 0.638158 0.724507 0.095395 0.080592
25 0.570724 0.678454 0.115132 0.090461
25 0.546875 0.815789 0.093750 0.088816
25 0.539474 0.889803 0.092105 0.075658
25 0.439145 0.893092 0.098684 0.105263
25 0.383224 0.933388 0.088816 0.090461
25 0.298520 0.888158 0.093750 0.075658
25 0.345395 0.830592 0.082237 0.085526
25 0.282072 0.782072 0.097039 0.110197
25 0.217105 0.809211 0.098684 0.095395
25 0.245888 0.684211 0.083882 0.101974
25 0.328125 0.686678 0.087171 0.100329
25 0.371711 0.735197 0.092105 0.092105
25 0.472039 0.691612 0.088816 0.106908
25 0.415296 0.637336 0.090461 0.097039
25 0.425987 0.558388 0.085526 0.080592
25 0.515625 0.541118 0.116776 0.082237
25 0.507401 0.466283 0.100329 0.077303
25 0.412007 0.486020 0.113487 0.083882
25 0.330592 0.522204 0.085526 0.077303
25 0.369243 0.427632 0.093750 0.092105
25 0.463816 0.394737 0.105263 0.095395
25 0.544408 0.358553 0.082237 0.105263
25 0.569079 0.258224 0.075658 0.108553
25 0.498355 0.111842 0.098684 0.108553
25 0.440789 0.178454 0.101974 0.087171
25 0.500822 0.222039 0.100329 0.101974
25 0.487664 0.311678 0.100329 0.087171
25 0.420230 0.273026 0.090461 0.108553
25 0.365954 0.336349 0.090461 0.113487
25 0.364309 0.228618 0.087171 0.101974
25 0.332237 0.165296 0.105263 0.090461
25 0.314145 0.099507 0.105263 0.070724
25 0.216283 0.188322 0.110197 0.080592
25 0.238487 0.259868 0.101974 0.069079
25 0.271382 0.316612 0.105263 0.080592
25 0.226151 0.385691 0.097039 0.083882
25 0.060855 0.342928 0.078947 0.093750
25 0.116776 0.402961 0.101974 0.088816
25 0.054276 0.454770 0.085526 0.090461
25 0.137336 0.476974 0.097039 0.095395
25 0.218750 0.505757 0.075658 0.103618
25 0.223684 0.606908 0.088816 0.105263
25 0.111842 0.584704 0.098684 0.090461
25 0.138158 0.652961 0.105263 0.095395
