21 0.581414 0.090461 0.087171 0.095395
15 0.570724 0.202303 0.092105 0.082237
24 0.639803 0.265625 0.078947 0.093750
17 0.838816 0.242599 0.078947 0.100329
21 0.365132 0.120066 0.092105 0.082237
15 0.218750 0.280428 0.062500 0.077303
18 0.162007 0.320724 0.090461 0.088816
19 0.137336 0.401316 0.093750 0.101974
22 0.092928 0.537007 0.103618 0.097039
22 0.313322 0.655428 0.113487 0.097039
15 0.224507 0.785362 0.070724 0.087171
19 0.490132 0.874178 0.101974 0.087171
19 0.611020 0.470395 0.070724 0.085526
16 0.700658 0.530428 0.075658 0.093750
20 0.880757 0.559211 0.100329 0.082237
25 0.642270 0.055099 0.097039 0.090461
25 0.830592 0.129934 0.092105 0.101974
25 0.910362 0.254934 0.070724 0.095395
25 0.948191 0.311678 0.090461 0.103618
25 0.847862 0.340461 0.106908 0.095395
25 0.910362 0.406250 0.100329 0.101974
25 0.835526 0.467928 0.082237 0.116776
25 0.908717 0.495888 0.070724 0.103618
25 0.753289 0.407895 0.098684 0.082237
25 0.767270 0.302632 0.070724 0.108553
25 0.764803 0.495888 0.088816 0.103618
25 0.791118 0.569901 0.098684 0.067434
25 0.848684 0.623355 0.111842 0.075658
25 0.750000 0.637336 0.085526 0.093750
25 0.815789 0.699013 0.095395 0.088816
25 0.856086 0.779605 0.077303 0.115132
25 0.768092 0.756579 0.092105 0.088816
25 0.727796 0.814145 0.100329 0.088816
25 0.697368 0.892270 0.078947 0.097039
25 0.631579 0.929276 0.085526 0.098684
25 0.591283 0.855263 0.106908 0.088816
25 0.553454 0.786184 0.100329 0.078947
25 0.643914 0.773849 0.093750 0.087171
25 0.683388 0.713816 0.093750 0.088816
25 0.569901 0.717105 0.100329 0.075658
25 0.579770 0.636513 0.074013 0.111842
25 0.656250 0.628289 0.095395 0.088816
25 0.631579 0.549342 0.085526 0.098684
25 0.666941 0.429276 0.074013 0.108553
25 0.688322 0.345395 0.106908 0.075658
25 0.713816 0.265625 0.092105 0.106908
25 0.649671 0.146382 0.082237 0.105263
25 0.742599 0.152138 0.110197 0.090461
25 0.469572 0.092105 0.090461 0.101974
25 0.510691 0.157072 0.093750 0.103618
25 0.513980 0.254934 0.106908 0.092105
25 0.416941 0.188322 0.106908 0.083882
25 0.435033 0.274671 0.083882 0.108553
25 0.442434 0.370888 0.098684 0.093750
25 0.514803 0.329770 0.108553 0.083882
25 0.587993 0.369243 0.110197 0.090461
25 0.538651 0.427632 0.110197 0.092105
25 0.510691 0.504112 0.103618 0.087171
25 0.541941 0.560855 0.097039 0.098684
25 0.504934 0.669408 0.088816 0.098684
25 0.474507 0.740132 0.103618 0.082237
25 0.453947 0.810855 0.092105 0.088816
25 0.395559 0.870066 0.106908 0.082237
25 0.435855 0.944079 0.098684 0.075658
25 0.309211 0.906250 0.101974 0.082237
25 0.295230 0.796053 0.093750 0.105263
25 0.382401 0.780428 0.083882 0.110197
25 0.392270 0.691612 0.097039 0.070724
25 0.438322 0.623355 0.103618 0.075658
25 0.350329 0.587171 0.115132 0.105263
25 0.235197 0.616776 0.105263 0.085526
25 0.226974 0.695724 0.105263 0.082237
25 0.149671 0.690789 0.082237 0.095395
25 0.132401 0.616776 0.110197 0.085526
25 0.252467 0.532072 0.113487 0.090461
25 0.359375 0.500822 0.097039 0.087171
25 0.442434 0.551809 0.098684 0.077303
25 0.443257 0.472862 0.083882 0.093750
25 0.375000 0.420230 0.115132 0.087171
25 0.277961 0.444079 0.088816 0.111842
25 0.055099 0.413651 0.083882 0.116776
25 0.188322 0.486842 0.097039 0.088816
25 0.213816 0.408717 0.072368 0.093750
25 0.270559 0.353618 0.083882 0.092105
25 0.352796 0.343750 0.097039 0.085526
25 0.347039 0.269737 0.092105 0.085526
25 0.287007 0.232730 0.090461 0.110197
25 0.239309 0.162007 0.116776 0.083882
25 0.168586 0.221217 0.103618 0.093750
