24 0.461349 0.089638 0.097039 0.087171
21 0.381579 0.134046 0.095395 0.093750
24 0.512336 0.222862 0.097039 0.083882
17 0.606908 0.222039 0.082237 0.095395
23 0.814967 0.356086 0.070724 0.133224
23 0.564145 0.718750 0.098684 0.101974
16 0.591283 0.615132 0.074013 0.105263
21 0.774671 0.717105 0.078947 0.101974
17 0.648026 0.882401 0.101974 0.067434
20 0.508224 0.793586 0.111842 0.100329
18 0.384868 0.715461 0.105263 0.078947
18 0.235197 0.858553 0.105263 0.082237
15 0.155428 0.582237 0.090461 0.072368
20 0.176809 0.527138 0.097039 0.093750
20 0.129934 0.296875 0.108553 0.087171
25 0.572368 0.088816 0.118421 0.072368
25 0.667763 0.139803 0.088816 0.075658
25 0.755757 0.217105 0.083882 0.108553
25 0.685033 0.221217 0.074013 0.093750
25 0.563322 0.157072 0.110197 0.074013
25 0.453947 0.171053 0.105263 0.092105
25 0.285362 0.116776 0.100329 0.078947
25 0.187500 0.147204 0.085526 0.083882
25 0.113487 0.227796 0.092105 0.077303
25 0.211349 0.223684 0.113487 0.075658
25 0.313322 0.184211 0.106908 0.092105
25 0.363487 0.227796 0.095395 0.106908
25 0.426809 0.263158 0.090461 0.098684
25 0.495066 0.310033 0.098684 0.103618
25 0.567434 0.284539 0.098684 0.092105
25 0.660362 0.293586 0.116776 0.083882
25 0.745888 0.310033 0.083882 0.090461
25 0.690789 0.370888 0.092105 0.090461
25 0.769737 0.407072 0.082237 0.106908
25 0.840461 0.457237 0.115132 0.078947
25 0.800987 0.521382 0.078947 0.092105
25 0.892270 0.551809 0.110197 0.100329
25 0.768092 0.588816 0.111842 0.085526
25 0.851974 0.662829 0.101974 0.082237
25 0.837993 0.749178 0.087171 0.106908
25 0.770559 0.811678 0.077303 0.103618
25 0.720395 0.867599 0.092105 0.093750
25 0.643914 0.828125 0.077303 0.070724
25 0.632401 0.786184 0.100329 0.062500
25 0.692434 0.735197 0.108553 0.082237
25 0.629112 0.679276 0.110197 0.092105
25 0.731908 0.652961 0.105263 0.078947
25 0.669408 0.593750 0.105263 0.101974
25 0.620888 0.518914 0.106908 0.087171
25 0.712171 0.522204 0.108553 0.090461
25 0.694079 0.453125 0.101974 0.077303
25 0.603618 0.362664 0.098684 0.080592
25 0.607730 0.435855 0.106908 0.085526
25 0.523026 0.407072 0.082237 0.106908
25 0.523849 0.507401 0.080592 0.110197
25 0.513980 0.606908 0.093750 0.108553
25 0.478618 0.689145 0.082237 0.108553
25 0.553454 0.841283 0.100329 0.090461
25 0.568257 0.907072 0.097039 0.077303
25 0.494243 0.945724 0.097039 0.065789
25 0.405428 0.944079 0.100329 0.092105
25 0.368421 0.893092 0.121711 0.092105
25 0.470395 0.865132 0.105263 0.095395
25 0.347862 0.828125 0.093750 0.077303
25 0.430099 0.783717 0.077303 0.100329
25 0.409539 0.615132 0.095395 0.095395
25 0.333882 0.654605 0.101974 0.088816
25 0.260691 0.696546 0.093750 0.100329
25 0.270559 0.777961 0.097039 0.085526
25 0.178454 0.725329 0.103618 0.098684
25 0.166941 0.650493 0.100329 0.083882
25 0.254934 0.606908 0.108553 0.095395
25 0.327303 0.562500 0.095395 0.101974
25 0.453125 0.550164 0.087171 0.113487
25 0.464638 0.451480 0.077303 0.097039
25 0.438322 0.368421 0.083882 0.105263
25 0.289474 0.274671 0.082237 0.098684
25 0.361842 0.326480 0.082237 0.097039
25 0.384046 0.424342 0.100329 0.111842
25 0.379934 0.507401 0.092105 0.103618
25 0.310855 0.461349 0.082237 0.100329
25 0.254112 0.505757 0.093750 0.106908
25 0.087171 0.552632 0.105263 0.098684
25 0.103618 0.449013 0.101974 0.085526
25 0.185033 0.437500 0.087171 0.105263
25 0.237664 0.404605 0.090461 0.108553
25 0.222862 0.300987 0.087171 0.111842
25 0.147204 0.354441 0.097039 0.087171
