21 0.796875 0.172697 0.083882 0.069079
17 0.701480 0.380757 0.097039 0.074013
20 0.812500 0.479441 0.095395 0.087171
16 0.916118 0.484375 0.098684 0.080592
21 0.574013 0.487664 0.101974 0.087171
19 0.585526 0.641447 0.101974 0.078947
18 0.652138 0.912007 0.106908 0.083882
20 0.338816 0.903783 0.108553 0.077303
24 0.231908 0.853618 0.088816 0.082237
22 0.240954 0.771382 0.087171 0.088816
22 0.174342 0.705592 0.115132 0.075658
15 0.120888 0.530428 0.087171 0.077303
18 0.108553 0.320724 0.078947 0.101974
23 0.376645 0.126645 0.098684 0.085526
24 0.470395 0.099507 0.085526 0.090461
25 0.814145 0.087171 0.082237 0.121711
25 0.715461 0.130757 0.088816 0.083882
25 0.612664 0.074836 0.110197 0.087171
25 0.636513 0.160362 0.092105 0.097039
25 0.702303 0.217105 0.095395 0.101974
25 0.800987 0.241776 0.101974 0.078947
25 0.878289 0.287007 0.098684 0.083882
25 0.765625 0.309211 0.080592 0.105263
25 0.837993 0.358553 0.083882 0.101974
25 0.912829 0.388980 0.092105 0.083882
25 0.800987 0.400493 0.092105 0.090461
25 0.729441 0.430921 0.090461 0.082237
25 0.747533 0.517270 0.097039 0.106908
25 0.879934 0.539474 0.101974 0.095395
25 0.846217 0.602796 0.097039 0.090461
25 0.751645 0.603618 0.105263 0.082237
25 0.809211 0.687500 0.101974 0.101974
25 0.701480 0.654605 0.103618 0.082237
25 0.751645 0.734375 0.085526 0.087171
25 0.721217 0.800987 0.083882 0.101974
25 0.673520 0.751645 0.074013 0.085526
25 0.628289 0.691612 0.092105 0.077303
25 0.549342 0.709704 0.082237 0.087171
25 0.595395 0.759046 0.101974 0.070724
25 0.637336 0.837993 0.093750 0.074013
25 0.534539 0.825658 0.085526 0.101974
25 0.535362 0.898026 0.126645 0.078947
25 0.555099 0.958059 0.116776 0.070724
25 0.425164 0.940789 0.100329 0.082237
25 0.457237 0.862664 0.095395 0.097039
25 0.388158 0.840461 0.098684 0.108553
25 0.314967 0.812500 0.093750 0.111842
25 0.156250 0.791941 0.105263 0.097039
25 0.469572 0.763980 0.113487 0.080592
25 0.465461 0.699836 0.095395 0.087171
25 0.383224 0.676809 0.085526 0.110197
25 0.312500 0.696546 0.085526 0.110197
25 0.239309 0.630757 0.103618 0.090461
25 0.158717 0.588816 0.093750 0.101974
25 0.224507 0.553454 0.083882 0.097039
25 0.315789 0.605263 0.092105 0.111842
25 0.417763 0.581414 0.078947 0.093750
25 0.489309 0.625822 0.097039 0.093750
25 0.546053 0.569901 0.075658 0.100329
25 0.626645 0.569079 0.098684 0.105263
25 0.663651 0.486842 0.087171 0.128289
25 0.672697 0.293586 0.095395 0.080592
25 0.569901 0.256579 0.103618 0.078947
25 0.589638 0.337993 0.103618 0.097039
25 0.613487 0.409539 0.101974 0.075658
25 0.533717 0.397204 0.090461 0.110197
25 0.485197 0.464638 0.111842 0.080592
25 0.477796 0.532072 0.097039 0.080592
25 0.347039 0.530428 0.111842 0.093750
25 0.379934 0.453125 0.108553 0.103618
25 0.444079 0.398026 0.101974 0.082237
25 0.249178 0.460526 0.093750 0.108553
25 0.155428 0.444901 0.080592 0.110197
25 0.080592 0.436678 0.088816 0.113487
25 0.200658 0.340461 0.088816 0.115132
25 0.287007 0.384868 0.110197 0.098684
25 0.359375 0.350329 0.110197 0.092105
25 0.290296 0.291941 0.110197 0.093750
25 0.170230 0.211349 0.087171 0.103618
25 0.225329 0.248355 0.095395 0.088816
25 0.215461 0.119243 0.082237 0.100329
25 0.368421 0.061678 0.098684 0.080592
25 0.291118 0.142270 0.105263 0.103618
25 0.345395 0.210526 0.111842 0.085526
25 0.432566 0.188322 0.088816 0.083882
25 0.527138 0.160362 0.103618 0.090461
25 0.496711 0.224507 0.095395 0.080592
25 0.486020 0.317434 0.113487 0.095395
25 0.404605 0.273026 0.111842 0.088816
