15 0.297697 0.133224 0.098684 0.075658
20 0.395559 0.139803 0.090461 0.078947
17 0.628289 0.286184 0.105263 0.098684
19 0.657072 0.366776 0.116776 0.078947
17 0.670230 0.451480 0.090461 0.103618
15 0.701480 0.527138 0.103618 0.077303
22 0.544408 0.542763 0.108553 0.101974
24 0.643092 0.772204 0.088816 0.097039
18 0.787829 0.819079 0.082237 0.095395
21 0.619243 0.945724 0.083882 0.092105
19 0.322368 0.894737 0.082237 0.085526
21 0.154605 0.762336 0.078947 0.080592
16 0.216283 0.712993 0.090461 0.074013
23 0.573191 0.823191 0.077303 0.097039
22 0.301809 0.356086 0.120066 0.093750
25 0.461349 0.071546 0.083882 0.106908
25 0.540296 0.075658 0.083882 0.092105
25 0.597039 0.129112 0.108553 0.083882
25 0.763158 0.166118 0.082237 0.101974
25 0.845395 0.186678 0.105263 0.083882
25 0.781250 0.262336 0.092105 0.100329
25 0.863487 0.277961 0.078947 0.105263
25 0.809211 0.347862 0.095395 0.070724
25 0.890625 0.385691 0.093750 0.093750
25 0.759046 0.408717 0.106908 0.077303
25 0.732730 0.328947 0.093750 0.085526
25 0.714638 0.245888 0.083882 0.093750
25 0.639803 0.208059 0.095395 0.103618
25 0.552632 0.231908 0.111842 0.088816
25 0.507401 0.157895 0.100329 0.088816
25 0.445724 0.199836 0.115132 0.097039
25 0.487664 0.282895 0.090461 0.092105
25 0.562500 0.325658 0.085526 0.098684
25 0.319079 0.203125 0.108553 0.083882
25 0.387336 0.251645 0.113487 0.088816
25 0.413651 0.333059 0.120066 0.093750
25 0.300164 0.282072 0.103618 0.067434
25 0.208059 0.233553 0.097039 0.101974
25 0.164474 0.292763 0.082237 0.101974
25 0.220395 0.340461 0.092105 0.105263
25 0.158717 0.443257 0.110197 0.090461
25 0.246711 0.440789 0.092105 0.095395
25 0.342105 0.412007 0.111842 0.093750
25 0.427632 0.423520 0.088816 0.103618
25 0.486020 0.472862 0.106908 0.093750
25 0.502467 0.378289 0.087171 0.115132
25 0.592928 0.414474 0.106908 0.095395
25 0.589638 0.490954 0.100329 0.100329
25 0.753289 0.479441 0.105263 0.083882
25 0.836349 0.482730 0.093750 0.090461
25 0.907072 0.512336 0.083882 0.097039
25 0.867599 0.582237 0.100329 0.085526
25 0.772204 0.571546 0.080592 0.113487
25 0.625822 0.566612 0.100329 0.103618
25 0.695724 0.624178 0.085526 0.090461
25 0.783717 0.659539 0.090461 0.088816
25 0.858553 0.662829 0.075658 0.098684
25 0.807566 0.735197 0.105263 0.092105
25 0.718750 0.704770 0.095395 0.087171
25 0.721217 0.794408 0.080592 0.115132
25 0.683388 0.881579 0.110197 0.098684
25 0.538651 0.932566 0.083882 0.105263
25 0.472039 0.864309 0.101974 0.103618
25 0.397204 0.888980 0.093750 0.110197
25 0.517270 0.790296 0.087171 0.093750
25 0.435855 0.782072 0.105263 0.093750
25 0.342105 0.786184 0.101974 0.088816
25 0.292763 0.837171 0.095395 0.098684
25 0.215461 0.856908 0.088816 0.111842
25 0.140625 0.834704 0.090461 0.083882
25 0.243421 0.777961 0.098684 0.085526
25 0.304276 0.708059 0.085526 0.093750
25 0.388980 0.723684 0.106908 0.078947
25 0.458059 0.673520 0.083882 0.090461
25 0.541941 0.717928 0.110197 0.083882
25 0.627467 0.676809 0.077303 0.106908
25 0.550164 0.643914 0.116776 0.083882
25 0.471217 0.597862 0.110197 0.087171
25 0.377467 0.578125 0.116776 0.097039
25 0.365954 0.647204 0.110197 0.087171
25 0.269737 0.634868 0.095395 0.085526
25 0.180921 0.660362 0.088816 0.080592
25 0.103618 0.684211 0.101974 0.085526
25 0.143914 0.592105 0.103618 0.088816
25 0.088816 0.528783 0.085526 0.113487
25 0.203125 0.530428 0.083882 0.106908
25 0.284539 0.555921 0.095395 0.085526
25 0.314967 0.486020 0.100329 0.090461
25 0.400493 0.505757 0.097039 0.103618
