15 0.253289 0.185855 0.101974 0.092105
17 0.402961 0.296053 0.098684 0.078947
16 0.373355 0.441612 0.078947 0.083882
20 0.578947 0.531250 0.065789 0.134868
24 0.629112 0.437500 0.097039 0.085526
16 0.666118 0.351151 0.075658 0.087171
21 0.890625 0.440789 0.097039 0.085526
23 0.810855 0.629112 0.088816 0.103618
15 0.699836 0.729441 0.097039 0.077303
15 0.880757 0.787007 0.074013 0.090461
23 0.745066 0.867599 0.085526 0.100329
24 0.570724 0.639803 0.101974 0.085526
19 0.384868 0.675987 0.098684 0.085526
22 0.340461 0.587993 0.098684 0.120066
16 0.296053 0.499178 0.085526 0.083882
25 0.478618 0.120066 0.108553 0.098684
25 0.589638 0.131579 0.083882 0.092105
25 0.689145 0.120066 0.105263 0.069079
25 0.685855 0.194079 0.108553 0.078947
25 0.594572 0.212171 0.100329 0.092105
25 0.653783 0.259046 0.087171 0.083882
25 0.737664 0.288651 0.093750 0.090461
25 0.832237 0.234375 0.095395 0.103618
25 0.811678 0.328947 0.074013 0.105263
25 0.875822 0.336349 0.077303 0.110197
25 0.935855 0.367599 0.082237 0.103618
25 0.810033 0.414474 0.087171 0.078947
25 0.725329 0.403783 0.095395 0.080592
25 0.733553 0.484375 0.111842 0.087171
25 0.814145 0.531250 0.082237 0.101974
25 0.907895 0.513158 0.105263 0.088816
25 0.948191 0.569901 0.097039 0.087171
25 0.876645 0.621711 0.075658 0.095395
25 0.922697 0.712993 0.069079 0.090461
25 0.845395 0.708882 0.085526 0.095395
25 0.799342 0.785362 0.082237 0.087171
25 0.673520 0.787829 0.100329 0.082237
25 0.643914 0.851151 0.090461 0.077303
25 0.610197 0.916118 0.111842 0.075658
25 0.486020 0.872533 0.090461 0.093750
25 0.444079 0.929276 0.085526 0.075658
25 0.548520 0.830592 0.080592 0.108553
25 0.594572 0.753289 0.093750 0.085526
25 0.643092 0.678454 0.108553 0.080592
25 0.661184 0.604441 0.111842 0.087171
25 0.737664 0.658717 0.103618 0.097039
25 0.747533 0.573191 0.080592 0.103618
25 0.654605 0.516447 0.098684 0.098684
25 0.584704 0.293586 0.090461 0.077303
25 0.578947 0.370066 0.101974 0.078947
25 0.536184 0.432566 0.101974 0.101974
25 0.490954 0.344572 0.090461 0.113487
25 0.495888 0.254934 0.103618 0.085526
25 0.511513 0.177632 0.092105 0.092105
25 0.394737 0.152138 0.082237 0.110197
25 0.314145 0.136513 0.095395 0.101974
25 0.365132 0.227796 0.105263 0.080592
25 0.311678 0.273026 0.093750 0.092105
25 0.333882 0.347039 0.105263 0.072368
25 0.418586 0.369243 0.090461 0.090461
25 0.449013 0.433388 0.078947 0.110197
25 0.487664 0.509868 0.100329 0.085526
25 0.500000 0.585526 0.101974 0.092105
25 0.470395 0.673520 0.082237 0.100329
25 0.417763 0.589638 0.078947 0.100329
25 0.389803 0.511513 0.098684 0.095395
25 0.155428 0.205592 0.110197 0.088816
25 0.217928 0.273026 0.110197 0.085526
25 0.117599 0.292763 0.106908 0.082237
25 0.221217 0.352796 0.129934 0.074013
25 0.128289 0.374178 0.085526 0.087171
25 0.227796 0.435855 0.093750 0.108553
25 0.306743 0.413651 0.087171 0.100329
25 0.144737 0.459704 0.105263 0.080592
25 0.084704 0.490132 0.087171 0.098684
25 0.133224 0.558388 0.088816 0.106908
25 0.217105 0.531250 0.098684 0.078947
25 0.263980 0.611020 0.090461 0.097039
25 0.053454 0.593750 0.087171 0.078947
25 0.118421 0.656250 0.085526 0.101974
25 0.188322 0.639803 0.083882 0.108553
25 0.300164 0.710526 0.100329 0.101974
25 0.209704 0.735197 0.087171 0.095395
25 0.121711 0.730263 0.098684 0.078947
25 0.241776 0.808388 0.085526 0.093750
25 0.323191 0.805099 0.087171 0.103618
25 0.409539 0.750822 0.085526 0.103618
25 0.541941 0.703125 0.093750 0.087171
25 0.495888 0.761513 0.093750 0.105263
25 0.388980 0.842105 0.087171 0.095395
