5.0 0.45 0.05 0.07894 0.09703
13.0 0.65 0.05 0.08388 0.09868
0.0 0.25 0.15000 0.08552 0.09868
5.0 0.55 0.15000 0.07894 0.09703
0.0 0.35 0.25 0.08223 0.11348
0.0 0.75 0.25 0.08223 0.11348
0.0 0.95000 0.25 0.08552 0.09868
0.0 0.45 0.35 0.08223 0.11348
7.0 0.55 0.35 0.07401 0.10197
4.0 0.85000 0.35 0.07236 0.11677
7.0 0.05 0.45 0.06743 0.08717
10.0 0.25 0.45 0.06743 0.10690
4.0 0.45 0.45 0.07565 0.11348
5.0 0.65 0.45 0.07730 0.10032
9.0 0.75 0.45 0.06907 0.08388
7.0 0.85000 0.45 0.06907 0.10197
9.0 0.05 0.55 0.06907 0.09210
1.0 0.35 0.55 0.07730 0.10361
0.0 0.75 0.55 0.08223 0.11348
0.0 0.25 0.65 0.08552 0.09868
0.0 0.35 0.65 0.08223 0.11348
0.0 0.45 0.65 0.08223 0.11348
0.0 0.55 0.65 0.08223 0.11348
0.0 0.75 0.65 0.08552 0.09868
0.0 0.85000 0.65 0.08552 0.09868
0.0 0.95000 0.65 0.08552 0.09868
0.0 0.05 0.75 0.08223 0.11348
