0.0 0.15000 0.05 0.10032 0.08717
5.0 0.45 0.05 0.07894 0.09703
13.0 0.65 0.05 0.10032 0.07730
0.0 0.25 0.15000 0.10032 0.08717
5.0 0.55 0.15000 0.08059 0.09539
0.0 0.15000 0.25 0.10032 0.08717
0.0 0.25 0.25 0.08223 0.11348
0.0 0.55 0.25 0.10032 0.08717
0.0 0.85000 0.25 0.08223 0.11348
0.0 0.15000 0.35 0.10032 0.08717
0.0 0.25 0.35 0.10032 0.08717
0.0 0.45 0.35 0.10032 0.08717
7.0 0.55 0.35 0.08388 0.07236
4.0 0.85000 0.35 0.08552 0.09539
7.0 0.05 0.45 0.08388 0.07236
10.0 0.25 0.45 0.06743 0.09046
4.0 0.45 0.45 0.07565 0.11348
5.0 0.65 0.45 0.08059 0.09539
9.0 0.75 0.45 0.07072 0.08223
7.0 0.85000 0.45 0.07401 0.10197
9.0 0.05 0.55 0.07072 0.08223
1.0 0.35 0.55 0.09046 0.09703
0.0 0.45 0.55 0.08223 0.11348
0.0 0.55 0.55 0.10032 0.08717
0.0 0.65 0.55 0.08223 0.11348
0.0 0.75 0.55 0.10032 0.08717
0.0 0.85000 0.55 0.08223 0.11348
0.0 0.95000 0.55 0.08223 0.11348
0.0 0.05 0.65 0.10032 0.08717
0.0 0.35 0.65 0.08223 0.11348
0.0 0.75 0.65 0.08223 0.11348
0.0 0.85000 0.65 0.10032 0.08717
