0.0 0.15000 0.05592 0.08223 0.11348
5.0 0.45 0.05 0.08059 0.09539
13.0 0.65 0.05 0.08388 0.09868
5.0 0.55 0.15000 0.07236 0.10526
0.0 0.35 0.25 0.08552 0.09868
0.0 0.55 0.25 0.10032 0.08717
0.0 0.75 0.25 0.08223 0.11348
0.0 0.85000 0.25 0.08552 0.11019
0.0 0.95000 0.25 0.10032 0.08717
0.0 0.05 0.35 0.08552 0.10197
0.0 0.25 0.35 0.08223 0.11348
0.0 0.35 0.35 0.10032 0.08717
0.0 0.45 0.35 0.08552 0.11019
7.0 0.55 0.35 0.06907 0.10197
4.0 0.85000 0.35 0.07565 0.11348
7.0 0.05 0.45 0.06743 0.08717
10.0 0.25 0.45 0.06907 0.09375
4.0 0.45 0.45 0.07565 0.11348
5.0 0.65 0.45 0.07565 0.09703
9.0 0.75 0.45 0.06907 0.09210
7.0 0.85000 0.45 0.08388 0.07236
9.0 0.05 0.55 0.06907 0.08388
1.0 0.35 0.55 0.08552 0.10690
0.0 0.45 0.55 0.10032 0.08717
0.0 0.65 0.55 0.08552 0.09868
0.0 0.85000 0.55 0.08223 0.11348
0.0 0.25 0.65 0.08552 0.11019
0.0 0.35 0.65 0.08552 0.10197
0.0 0.55 0.65 0.08552 0.09868
0.0 0.65 0.65 0.08552 0.10197
0.0 0.75 0.65 0.08552 0.09868
0.0 0.15000 0.75 0.08552 0.11019
0.0 0.25 0.75 0.08552 0.09868
0.0 0.35 0.75 0.08552 0.09868
0.0 0.45 0.75 0.08223 0.11348
0.0 0.65 0.75 0.08552 0.10197
0.0 0.75 0.75 0.08552 0.09868
0.0 0.95000 0.75 0.08223 0.11348
0.0 0.65 0.85000 0.08223 0.11348
0.0 0.15000 0.94243 0.08223 0.11348
0.0 0.35 0.95000 0.10032 0.08717
0.0 0.45 0.94243 0.08223 0.11348
0.0 0.55 0.95000 0.10032 0.08717
