0.0 0.15000 0.05592 0.08223 0.11348
5.0 0.45 0.05 0.08059 0.09539
13.0 0.65 0.05 0.10032 0.07730
5.0 0.55 0.15000 0.08059 0.09539
0.0 0.25 0.25 0.10032 0.08717
0.0 0.55 0.25 0.10032 0.08717
0.0 0.85000 0.25 0.08223 0.11348
4.0 0.85000 0.35 0.08552 0.09539
7.0 0.05 0.45 0.08388 0.07236
10.0 0.25 0.45 0.06743 0.10690
4.0 0.45 0.45 0.08552 0.09539
5.0 0.65 0.45 0.07894 0.09703
9.0 0.75 0.45 0.06578 0.09539
7.0 0.85000 0.45 0.07401 0.10197
9.0 0.05 0.55 0.06578 0.09539
1.0 0.35 0.55 0.09046 0.09703
