5.0 0.45 0.05263 0.07236 0.10526
13.0 0.65 0.05 0.10032 0.07730
5.0 0.55 0.15000 0.07236 0.10526
0.0 0.15000 0.25 0.08552 0.10197
0.0 0.35 0.25 0.10032 0.08717
0.0 0.45 0.25 0.10032 0.08717
0.0 0.85000 0.25 0.08552 0.10197
0.0 0.95000 0.25 0.10032 0.08717
4.0 0.85000 0.35 0.06085 0.11348
7.0 0.05 0.45 0.07401 0.09375
10.0 0.25 0.45 0.07401 0.12171
4.0 0.45 0.45 0.08552 0.09539
5.0 0.65 0.45 0.08059 0.09539
9.0 0.75 0.45 0.07072 0.08223
7.0 0.85000 0.45 0.07401 0.09375
9.0 0.05 0.55 0.07730 0.09703
1.0 0.35 0.55 0.07894 0.09703
