0 0.164474 0.054276 0.075658 0.098684
4 0.274671 0.060855 0.072368 0.123355
0 0.384868 0.054276 0.075658 0.098684
0 0.935855 0.054276 0.075658 0.098684
1 0.054276 0.164474 0.078947 0.090461
9 0.164474 0.274671 0.069079 0.092105
12 0.715461 0.274671 0.078947 0.095395
0 0.715461 0.384868 0.077303 0.106908
0 0.935855 0.384868 0.075658 0.098684
0 0.495066 0.495066 0.075658 0.098684
1 0.605263 0.495066 0.078947 0.106908
0 0.054276 0.605263 0.075658 0.098684
0 0.495066 0.605263 0.075658 0.098684
1 0.825658 0.605263 0.078947 0.090461
0 0.935855 0.605263 0.077303 0.106908
12 0.164474 0.715461 0.083882 0.093750
10 0.384868 0.715461 0.070724 0.105263
0 0.605263 0.715461 0.077303 0.106908
5 0.054276 0.825658 0.080592 0.101974
8 0.384868 0.825658 0.070724 0.092105
0 0.495066 0.825658 0.077303 0.106908
0 0.274671 0.935855 0.077303 0.106908
