0 0.164474 0.054276 0.074013 0.106908
0 0.274671 0.054276 0.074013 0.106908
12 0.605263 0.054276 0.075658 0.090461
4 0.054276 0.164474 0.065789 0.100329
0 0.164474 0.164474 0.078947 0.101974
0 0.384868 0.164474 0.074013 0.106908
8 0.825658 0.164474 0.085526 0.103618
0 0.054276 0.274671 0.074013 0.106908
5 0.825658 0.274671 0.082237 0.108553
0 0.274671 0.495066 0.074013 0.106908
1 0.495066 0.495066 0.088816 0.106908
12 0.605263 0.495066 0.083882 0.087171
0 0.825658 0.495066 0.078947 0.101974
0 0.715461 0.605263 0.078947 0.101974
0 0.384868 0.715461 0.074013 0.106908
1 0.715461 0.715461 0.088816 0.106908
0 0.825658 0.715461 0.078947 0.101974
0 0.935855 0.715461 0.074013 0.106908
4 0.164474 0.825658 0.065789 0.100329
1 0.054276 0.935855 0.088816 0.106908
0 0.715461 0.935855 0.078947 0.101974
9 0.825658 0.935855 0.093750 0.087171
