0 0.384868 0.054276 0.077303 0.092105
5 0.605263 0.054276 0.082237 0.108553
12 0.054276 0.164474 0.069079 0.088816
1 0.164474 0.164474 0.075658 0.103618
4 0.605263 0.164474 0.074013 0.113487
0 0.715461 0.164474 0.077303 0.092105
0 0.825658 0.164474 0.077303 0.092105
0 0.935855 0.164474 0.077303 0.092105
0 0.054276 0.274671 0.078947 0.115132
0 0.164474 0.274671 0.077303 0.092105
12 0.495066 0.274671 0.069079 0.088816
0 0.715461 0.274671 0.077303 0.092105
9 0.164474 0.384868 0.077303 0.100329
1 0.384868 0.384868 0.080592 0.108553
4 0.054276 0.495066 0.074013 0.113487
0 0.605263 0.495066 0.078947 0.115132
1 0.715461 0.605263 0.075658 0.103618
0 0.164474 0.825658 0.078947 0.115132
0 0.495066 0.825658 0.077303 0.092105
0 0.605263 0.825658 0.078947 0.115132
0 0.054276 0.935855 0.078947 0.115132
8 0.605263 0.935855 0.083882 0.126645
