12 0.164474 0.054276 0.088816 0.090461
0 0.274671 0.054276 0.088816 0.106908
12 0.605263 0.054276 0.078947 0.095395
0 0.715461 0.054276 0.077303 0.106908
4 0.825658 0.060855 0.072368 0.123355
1 0.054276 0.164474 0.092105 0.098684
0 0.274671 0.164474 0.077303 0.106908
1 0.495066 0.164474 0.092105 0.098684
0 0.605263 0.164474 0.088816 0.106908
0 0.825658 0.164474 0.077303 0.106908
5 0.935855 0.164474 0.082237 0.097039
0 0.825658 0.274671 0.077303 0.106908
0 0.274671 0.384868 0.077303 0.106908
0 0.605263 0.384868 0.088816 0.106908
1 0.935855 0.384868 0.092105 0.098684
0 0.274671 0.495066 0.077303 0.106908
10 0.274671 0.605263 0.067434 0.106908
0 0.164474 0.715461 0.077303 0.106908
9 0.384868 0.715461 0.070724 0.092105
0 0.495066 0.825658 0.077303 0.106908
0 0.935855 0.825658 0.077303 0.106908
8 0.935855 0.935855 0.097039 0.105263
