0 0.054276 0.054276 0.074013 0.106908
0 0.274671 0.054276 0.074013 0.106908
8 0.054276 0.164474 0.072368 0.110197
4 0.274671 0.164474 0.075658 0.113487
12 0.054276 0.274671 0.075658 0.090461
1 0.605263 0.274671 0.077303 0.103618
1 0.164474 0.384868 0.088816 0.106908
0 0.605263 0.384868 0.082237 0.113487
1 0.384868 0.495066 0.088816 0.106908
0 0.495066 0.495066 0.082237 0.113487
0 0.825658 0.495066 0.082237 0.113487
0 0.274671 0.605263 0.074013 0.106908
0 0.495066 0.605263 0.074013 0.106908
0 0.384868 0.715461 0.074013 0.106908
5 0.495066 0.715461 0.077303 0.098684
9 0.605263 0.715461 0.072368 0.087171
0 0.054276 0.825658 0.082237 0.113487
0 0.384868 0.825658 0.082237 0.113487
10 0.605263 0.825658 0.067434 0.110197
0 0.054276 0.935855 0.074013 0.106908
12 0.495066 0.935855 0.078947 0.092105
0 0.935855 0.935855 0.082237 0.113487
