0 0.054276 0.055921 0.082237 0.113487
0 0.605263 0.055921 0.082237 0.113487
1 0.715461 0.054276 0.092105 0.098684
0 0.825658 0.054276 0.088816 0.106908
5 0.054276 0.164474 0.080592 0.095395
1 0.054276 0.274671 0.077303 0.103618
4 0.274671 0.274671 0.075658 0.113487
8 0.605263 0.384868 0.074013 0.123355
0 0.935855 0.384868 0.088816 0.106908
0 0.054276 0.495066 0.082237 0.113487
1 0.715461 0.495066 0.077303 0.103618
0 0.274671 0.605263 0.082237 0.113487
10 0.825658 0.605263 0.069079 0.111842
0 0.054276 0.715461 0.082237 0.113487
0 0.495066 0.715461 0.082237 0.113487
0 0.605263 0.715461 0.082237 0.113487
0 0.935855 0.715461 0.088816 0.106908
12 0.054276 0.825658 0.088816 0.090461
0 0.495066 0.825658 0.088816 0.106908
12 0.384868 0.935855 0.088816 0.090461
0 0.495066 0.935855 0.088816 0.106908
9 0.715461 0.935855 0.065789 0.095395
