0 0.495066 0.054276 0.088816 0.110197
0 0.715461 0.054276 0.088816 0.110197
12 0.935855 0.054276 0.075658 0.095395
0 0.715461 0.164474 0.082237 0.113487
0 0.054276 0.274671 0.088816 0.110197
5 0.715461 0.274671 0.077303 0.098684
0 0.825658 0.274671 0.088816 0.110197
0 0.935855 0.274671 0.082237 0.113487
10 0.605263 0.384868 0.067434 0.106908
4 0.825658 0.384868 0.074013 0.115132
0 0.935855 0.384868 0.088816 0.110197
0 0.164474 0.495066 0.088816 0.110197
0 0.274671 0.495066 0.088816 0.110197
1 0.715461 0.495066 0.077303 0.093750
8 0.825658 0.495066 0.077303 0.118421
1 0.274671 0.715461 0.077303 0.093750
0 0.605263 0.715461 0.082237 0.113487
0 0.605263 0.825658 0.082237 0.113487
1 0.825658 0.825658 0.077303 0.093750
9 0.384868 0.935855 0.082237 0.088816
0 0.605263 0.935855 0.082237 0.113487
12 0.935855 0.935855 0.075658 0.095395
