0 0.054276 0.054276 0.085526 0.101974
12 0.935855 0.054276 0.069079 0.088816
12 0.164474 0.164474 0.082237 0.110197
0 0.384868 0.164474 0.085526 0.101974
4 0.825658 0.164474 0.060855 0.113487
0 0.274671 0.274671 0.085526 0.101974
0 0.384868 0.274671 0.077303 0.092105
1 0.715461 0.274671 0.078947 0.097039
0 0.495066 0.384868 0.077303 0.092105
0 0.605263 0.384868 0.085526 0.101974
0 0.715461 0.384868 0.085526 0.101974
0 0.274671 0.495066 0.085526 0.101974
0 0.384868 0.495066 0.077303 0.092105
5 0.605263 0.715461 0.082237 0.108553
1 0.715461 0.715461 0.078947 0.097039
0 0.935855 0.715461 0.085526 0.101974
1 0.054276 0.825658 0.078947 0.097039
4 0.384868 0.825658 0.060855 0.113487
0 0.605263 0.825658 0.077303 0.092105
0 0.825658 0.825658 0.085526 0.101974
8 0.495066 0.935855 0.101974 0.093750
9 0.715461 0.935855 0.077303 0.100329
