1 0.164474 0.054276 0.080592 0.097039
12 0.605263 0.054276 0.075658 0.090461
10 0.935855 0.054276 0.067434 0.110197
0 0.054276 0.274671 0.085526 0.098684
12 0.164474 0.274671 0.075658 0.090461
1 0.715461 0.274671 0.080592 0.097039
0 0.825658 0.274671 0.085526 0.098684
4 0.164474 0.384868 0.078947 0.093750
0 0.384868 0.384868 0.074013 0.106908
0 0.164474 0.495066 0.074013 0.106908
8 0.384868 0.495066 0.074013 0.123355
0 0.495066 0.495066 0.074013 0.106908
0 0.715461 0.605263 0.085526 0.098684
0 0.164474 0.715461 0.074013 0.106908
0 0.384868 0.715461 0.085526 0.098684
0 0.054276 0.825658 0.085526 0.098684
1 0.164474 0.825658 0.088816 0.106908
5 0.715461 0.825658 0.077303 0.098684
9 0.825658 0.825658 0.072368 0.087171
0 0.935855 0.825658 0.074013 0.106908
0 0.274671 0.935855 0.074013 0.106908
0 0.495066 0.935855 0.085526 0.098684
