0 0.054276 0.057566 0.087171 0.116776
0 0.605263 0.057566 0.087171 0.116776
0 0.715461 0.057566 0.087171 0.116776
12 0.825658 0.057566 0.080592 0.115132
1 0.164474 0.164474 0.080592 0.108553
0 0.274671 0.164474 0.087171 0.116776
8 0.715461 0.164474 0.078947 0.120066
0 0.054276 0.274671 0.087171 0.116776
0 0.384868 0.274671 0.078947 0.115132
12 0.605263 0.274671 0.080592 0.115132
10 0.495066 0.384868 0.070724 0.129934
1 0.054276 0.495066 0.080592 0.108553
0 0.384868 0.495066 0.078947 0.115132
0 0.605263 0.495066 0.078947 0.115132
5 0.054276 0.605263 0.074013 0.101974
9 0.384868 0.605263 0.080592 0.105263
0 0.164474 0.715461 0.078947 0.115132
0 0.274671 0.715461 0.078947 0.115132
0 0.935855 0.715461 0.078947 0.115132
4 0.495066 0.825658 0.074013 0.113487
0 0.605263 0.825658 0.078947 0.115132
1 0.715461 0.935855 0.080592 0.108553
