0 0.054276 0.164474 0.077303 0.100329
0 0.274671 0.164474 0.077303 0.100329
12 0.605263 0.164474 0.077303 0.100329
0 0.825658 0.164474 0.077303 0.100329
8 0.605263 0.274671 0.072368 0.125000
0 0.605263 0.384868 0.077303 0.100329
0 0.715461 0.384868 0.077303 0.100329
0 0.164474 0.495066 0.077303 0.100329
1 0.274671 0.495066 0.083882 0.097039
1 0.605263 0.495066 0.083882 0.097039
9 0.825658 0.495066 0.062500 0.088816
0 0.935855 0.495066 0.077303 0.100329
10 0.164474 0.605263 0.072368 0.121711
1 0.715461 0.605263 0.083882 0.097039
0 0.164474 0.715461 0.077303 0.100329
12 0.384868 0.715461 0.077303 0.100329
0 0.605263 0.715461 0.077303 0.100329
0 0.935855 0.715461 0.077303 0.100329
0 0.715461 0.825658 0.077303 0.100329
0 0.164474 0.935855 0.077303 0.100329
5 0.384868 0.935855 0.074013 0.100329
4 0.715461 0.935855 0.078947 0.106908
