5 0.054276 0.054276 0.080592 0.097039
0 0.715461 0.054276 0.077303 0.098684
0 0.054276 0.164474 0.077303 0.106908
0 0.054276 0.274671 0.077303 0.106908
8 0.274671 0.274671 0.074013 0.097039
0 0.825658 0.274671 0.077303 0.106908
1 0.164474 0.384868 0.074013 0.103618
0 0.274671 0.384868 0.077303 0.098684
0 0.825658 0.384868 0.077303 0.106908
1 0.935855 0.495066 0.078947 0.090461
0 0.495066 0.605263 0.077303 0.098684
12 0.825658 0.605263 0.078947 0.095395
0 0.495066 0.715461 0.077303 0.106908
0 0.605263 0.715461 0.077303 0.098684
9 0.935855 0.715461 0.069079 0.092105
12 0.384868 0.825658 0.078947 0.095395
0 0.825658 0.825658 0.077303 0.106908
0 0.274671 0.935855 0.077303 0.106908
0 0.605263 0.935855 0.077303 0.098684
10 0.715461 0.935855 0.064145 0.103618
4 0.825658 0.930921 0.074013 0.134868
1 0.935855 0.935855 0.078947 0.090461
