0 0.274671 0.054276 0.075658 0.097039
0 0.054276 0.164474 0.077303 0.106908
0 0.935855 0.164474 0.077303 0.106908
0 0.054276 0.274671 0.077303 0.106908
0 0.605263 0.274671 0.077303 0.106908
4 0.715461 0.274671 0.069079 0.116776
5 0.384868 0.384868 0.082237 0.097039
0 0.605263 0.384868 0.075658 0.097039
0 0.935855 0.384868 0.077303 0.106908
0 0.715461 0.495066 0.077303 0.106908
1 0.825658 0.495066 0.080592 0.097039
1 0.274671 0.605263 0.078947 0.090461
12 0.825658 0.605263 0.078947 0.095395
1 0.274671 0.715461 0.080592 0.097039
10 0.605263 0.715461 0.067434 0.106908
0 0.825658 0.715461 0.077303 0.106908
8 0.164474 0.825658 0.075658 0.111842
9 0.384868 0.825658 0.074013 0.097039
12 0.054276 0.935855 0.080592 0.113487
0 0.384868 0.935855 0.077303 0.106908
0 0.605263 0.935855 0.077303 0.106908
0 0.715461 0.935855 0.077303 0.106908
