0 0.164474 0.054276 0.088816 0.106908
0 0.274671 0.054276 0.088816 0.106908
0 0.164474 0.164474 0.088816 0.106908
0 0.605263 0.164474 0.088816 0.106908
0 0.935855 0.164474 0.088816 0.106908
10 0.384868 0.274671 0.069079 0.111842
0 0.715461 0.274671 0.085526 0.101974
8 0.274671 0.384868 0.097039 0.105263
5 0.715461 0.384868 0.072368 0.105263
4 0.935855 0.384868 0.060855 0.113487
12 0.054276 0.495066 0.082237 0.110197
0 0.274671 0.495066 0.088816 0.106908
0 0.054276 0.605263 0.085526 0.101974
12 0.274671 0.605263 0.082237 0.110197
0 0.935855 0.605263 0.088816 0.106908
1 0.054276 0.715461 0.078947 0.097039
0 0.274671 0.715461 0.088816 0.106908
9 0.825658 0.715461 0.070724 0.092105
0 0.495066 0.825658 0.088816 0.106908
0 0.054276 0.935855 0.088816 0.106908
1 0.495066 0.935855 0.092105 0.098684
1 0.825658 0.935855 0.092105 0.098684
