0 0.054276 0.054276 0.088816 0.110197
0 0.274671 0.054276 0.088816 0.110197
0 0.605263 0.057566 0.078947 0.115132
0 0.715461 0.054276 0.088816 0.110197
1 0.825658 0.054276 0.080592 0.108553
12 0.935855 0.054276 0.075658 0.095395
0 0.935855 0.164474 0.088816 0.110197
0 0.935855 0.384868 0.088816 0.110197
0 0.384868 0.495066 0.088816 0.110197
1 0.054276 0.605263 0.077303 0.093750
12 0.164474 0.605263 0.080592 0.115132
4 0.384868 0.605263 0.074013 0.113487
1 0.495066 0.605263 0.077303 0.093750
0 0.825658 0.605263 0.078947 0.115132
0 0.164474 0.715461 0.088816 0.110197
5 0.495066 0.715461 0.077303 0.098684
10 0.605263 0.715461 0.070724 0.129934
0 0.825658 0.715461 0.088816 0.110197
8 0.935855 0.715461 0.077303 0.118421
9 0.715461 0.825658 0.080592 0.105263
0 0.495066 0.935855 0.088816 0.110197
0 0.605263 0.935855 0.078947 0.115132
