0 0.825658 0.055921 0.078947 0.111842
0 0.054276 0.164474 0.078947 0.111842
0 0.715461 0.164474 0.078947 0.111842
0 0.935855 0.164474 0.078947 0.111842
0 0.274671 0.274671 0.077303 0.098684
1 0.715461 0.274671 0.080592 0.106908
0 0.054276 0.384868 0.078947 0.111842
1 0.384868 0.384868 0.074013 0.103618
12 0.495066 0.384868 0.077303 0.110197
0 0.825658 0.384868 0.077303 0.098684
0 0.054276 0.495066 0.078947 0.111842
12 0.384868 0.495066 0.077303 0.110197
5 0.605263 0.495066 0.080592 0.097039
9 0.274671 0.605263 0.070724 0.090461
4 0.605263 0.605263 0.067434 0.120066
0 0.825658 0.605263 0.078947 0.111842
1 0.054276 0.715461 0.074013 0.103618
0 0.825658 0.715461 0.078947 0.111842
0 0.935855 0.715461 0.078947 0.111842
0 0.605263 0.825658 0.077303 0.098684
8 0.274671 0.935855 0.082237 0.126645
0 0.935855 0.935855 0.078947 0.111842
