0 0.274671 0.054276 0.088816 0.106908
10 0.384868 0.055921 0.069079 0.111842
0 0.825658 0.054276 0.088816 0.106908
0 0.054276 0.164474 0.085526 0.098684
8 0.274671 0.164474 0.074013 0.123355
0 0.164474 0.384868 0.085526 0.098684
4 0.384868 0.384868 0.078947 0.093750
0 0.495066 0.384868 0.085526 0.098684
12 0.164474 0.495066 0.088816 0.090461
5 0.605263 0.495066 0.075658 0.097039
1 0.054276 0.605263 0.092105 0.098684
12 0.164474 0.605263 0.083882 0.098684
1 0.274671 0.605263 0.080592 0.097039
0 0.274671 0.715461 0.085526 0.098684
0 0.495066 0.715461 0.088816 0.106908
0 0.605263 0.715461 0.088816 0.106908
0 0.825658 0.715461 0.085526 0.098684
1 0.605263 0.825658 0.092105 0.098684
0 0.935855 0.825658 0.085526 0.098684
0 0.054276 0.935855 0.088816 0.106908
9 0.384868 0.935855 0.069079 0.083882
0 0.605263 0.935855 0.085526 0.098684
