0 0.164474 0.054276 0.075658 0.098684
0 0.715461 0.054276 0.077303 0.100329
12 0.825658 0.054276 0.077303 0.100329
8 0.054276 0.164474 0.072368 0.125000
0 0.274671 0.164474 0.075658 0.098684
0 0.054276 0.274671 0.077303 0.100329
0 0.164474 0.274671 0.075658 0.098684
0 0.384868 0.274671 0.075658 0.098684
0 0.495066 0.274671 0.077303 0.100329
1 0.825658 0.274671 0.083882 0.097039
0 0.164474 0.384868 0.077303 0.100329
1 0.384868 0.384868 0.083882 0.097039
5 0.164474 0.495066 0.080592 0.101974
12 0.935855 0.495066 0.083882 0.093750
0 0.495066 0.605263 0.075658 0.098684
9 0.715461 0.605263 0.070724 0.090461
0 0.825658 0.605263 0.075658 0.098684
0 0.935855 0.605263 0.077303 0.100329
1 0.054276 0.825658 0.083882 0.097039
0 0.054276 0.935855 0.075658 0.098684
0 0.274671 0.935855 0.077303 0.100329
4 0.715461 0.930921 0.075658 0.133224
