1 0.274671 0.054276 0.078947 0.090461
9 0.384868 0.054276 0.069079 0.092105
0 0.274671 0.164474 0.077303 0.106908
0 0.274671 0.274671 0.077303 0.106908
0 0.715461 0.274671 0.077303 0.092105
0 0.384868 0.384868 0.077303 0.092105
0 0.495066 0.384868 0.077303 0.092105
0 0.605263 0.384868 0.077303 0.106908
1 0.715461 0.384868 0.075658 0.103618
12 0.495066 0.495066 0.078947 0.095395
0 0.495066 0.605263 0.077303 0.106908
1 0.605263 0.605263 0.075658 0.103618
0 0.715461 0.605263 0.077303 0.106908
0 0.935855 0.605263 0.077303 0.106908
0 0.495066 0.715461 0.077303 0.092105
0 0.935855 0.715461 0.077303 0.106908
8 0.164474 0.825658 0.075658 0.111842
0 0.274671 0.825658 0.077303 0.106908
0 0.164474 0.935855 0.077303 0.092105
4 0.274671 0.935855 0.082237 0.105263
5 0.495066 0.935855 0.082237 0.108553
12 0.935855 0.935855 0.078947 0.095395
