13 0.164474 0.054276 0.075658 0.090461
1 0.274671 0.054276 0.088816 0.106908
13 0.495066 0.054276 0.078947 0.106908
0 0.715461 0.054276 0.085526 0.101974
13 0.384868 0.164474 0.077303 0.095395
0 0.715461 0.164474 0.085526 0.101974
8 0.935855 0.164474 0.077303 0.118421
11 0.054276 0.274671 0.082237 0.100329
12 0.274671 0.274671 0.077303 0.110197
9 0.605263 0.274671 0.082237 0.088816
1 0.715461 0.274671 0.078947 0.097039
12 0.935855 0.274671 0.075658 0.090461
5 0.384868 0.384868 0.077303 0.098684
1 0.495066 0.384868 0.078947 0.097039
8 0.605263 0.384868 0.082237 0.126645
7 0.715461 0.384868 0.074013 0.093750
13 0.274671 0.495066 0.077303 0.095395
5 0.384868 0.495066 0.077303 0.098684
4 0.605263 0.495066 0.065789 0.100329
0 0.825658 0.495066 0.078947 0.111842
1 0.054276 0.605263 0.078947 0.097039
12 0.384868 0.605263 0.075658 0.095395
12 0.495066 0.605263 0.082237 0.110197
8 0.715461 0.605263 0.101974 0.093750
0 0.825658 0.605263 0.085526 0.101974
5 0.054276 0.715461 0.077303 0.098684
1 0.164474 0.715461 0.088816 0.106908
4 0.384868 0.715461 0.067434 0.120066
9 0.495066 0.715461 0.072368 0.087171
1 0.605263 0.715461 0.088816 0.106908
5 0.715461 0.715461 0.077303 0.098684
0 0.825658 0.715461 0.088816 0.110197
0 0.935855 0.715461 0.085526 0.101974
1 0.054276 0.825658 0.080592 0.106908
10 0.164474 0.825658 0.077303 0.106908
11 0.274671 0.825658 0.082237 0.100329
0 0.605263 0.825658 0.085526 0.101974
10 0.825658 0.825658 0.077303 0.106908
11 0.935855 0.825658 0.087171 0.097039
0 0.054276 0.935855 0.088816 0.110197
1 0.274671 0.935855 0.078947 0.097039
4 0.384868 0.935855 0.067434 0.120066
0 0.495066 0.935855 0.074013 0.106908
12 0.715461 0.935855 0.075658 0.095395
