12 0.054276 0.054276 0.077303 0.110197
1 0.164474 0.054276 0.088816 0.106908
4 0.274671 0.054276 0.065789 0.100329
9 0.384868 0.054276 0.080592 0.105263
5 0.605263 0.054276 0.077303 0.100329
4 0.715461 0.054276 0.065789 0.100329
9 0.054276 0.164474 0.078947 0.100329
11 0.274671 0.164474 0.087171 0.106908
13 0.495066 0.164474 0.082237 0.095395
7 0.605263 0.164474 0.070724 0.093750
0 0.825658 0.164474 0.074013 0.098684
5 0.935855 0.164474 0.077303 0.098684
13 0.164474 0.274671 0.077303 0.095395
12 0.384868 0.274671 0.077303 0.110197
1 0.495066 0.274671 0.088816 0.106908
12 0.605263 0.274671 0.095395 0.082237
8 0.715461 0.274671 0.082237 0.126645
1 0.825658 0.274671 0.080592 0.106908
10 0.054276 0.384868 0.070724 0.129934
5 0.164474 0.384868 0.077303 0.100329
0 0.274671 0.384868 0.074013 0.106908
4 0.384868 0.384868 0.075658 0.118421
1 0.605263 0.384868 0.088816 0.106908
13 0.715461 0.384868 0.077303 0.095395
11 0.825658 0.384868 0.087171 0.097039
12 0.164474 0.495066 0.077303 0.110197
9 0.274671 0.495066 0.072368 0.087171
1 0.384868 0.495066 0.088816 0.115132
0 0.825658 0.495066 0.074013 0.106908
0 0.274671 0.605263 0.074013 0.098684
1 0.605263 0.605263 0.088816 0.115132
0 0.715461 0.605263 0.078947 0.115132
8 0.274671 0.715461 0.082237 0.126645
10 0.495066 0.715461 0.070724 0.129934
1 0.715461 0.715461 0.088816 0.115132
0 0.825658 0.715461 0.078947 0.111842
12 0.935855 0.715461 0.080592 0.115132
8 0.054276 0.825658 0.082237 0.126645
0 0.274671 0.825658 0.078947 0.111842
0 0.384868 0.825658 0.078947 0.111842
0 0.935855 0.825658 0.078947 0.111842
5 0.054276 0.935855 0.088816 0.110197
13 0.495066 0.935855 0.082237 0.095395
11 0.935855 0.935855 0.087171 0.106908
