12 0.164474 0.054276 0.077303 0.100329
13 0.274671 0.054276 0.075658 0.105263
5 0.495066 0.054276 0.074013 0.100329
0 0.605263 0.054276 0.077303 0.100329
1 0.715461 0.054276 0.080592 0.097039
1 0.054276 0.164474 0.075658 0.103618
1 0.384868 0.164474 0.083882 0.097039
9 0.605263 0.164474 0.062500 0.088816
10 0.715461 0.164474 0.074013 0.106908
11 0.935855 0.164474 0.070724 0.075658
13 0.164474 0.274671 0.075658 0.095395
12 0.384868 0.274671 0.069079 0.088816
0 0.605263 0.274671 0.077303 0.092105
11 0.715461 0.274671 0.070724 0.075658
8 0.054276 0.384868 0.072368 0.125000
8 0.384868 0.384868 0.074013 0.123355
4 0.495066 0.384868 0.082237 0.105263
5 0.825658 0.384868 0.075658 0.097039
1 0.274671 0.495066 0.075658 0.103618
8 0.384868 0.495066 0.072368 0.125000
7 0.495066 0.495066 0.078947 0.085526
5 0.605263 0.495066 0.075658 0.097039
9 0.825658 0.495066 0.069079 0.083882
12 0.935855 0.495066 0.077303 0.100329
1 0.054276 0.605263 0.080592 0.097039
13 0.274671 0.605263 0.078947 0.090461
9 0.384868 0.605263 0.069079 0.083882
10 0.274671 0.715461 0.072368 0.121711
0 0.384868 0.715461 0.077303 0.100329
0 0.495066 0.715461 0.077303 0.092105
1 0.825658 0.715461 0.080592 0.097039
0 0.935855 0.715461 0.077303 0.092105
12 0.054276 0.825658 0.077303 0.100329
11 0.164474 0.825658 0.080592 0.098684
13 0.384868 0.825658 0.075658 0.095395
10 0.495066 0.825658 0.069079 0.093750
5 0.605263 0.825658 0.075658 0.097039
0 0.715461 0.825658 0.077303 0.092105
1 0.054276 0.935855 0.075658 0.103618
0 0.164474 0.935855 0.077303 0.100329
4 0.605263 0.935855 0.078947 0.093750
1 0.715461 0.935855 0.083882 0.097039
0 0.825658 0.935855 0.085526 0.098684
0 0.935855 0.935855 0.085526 0.098684
