10 0.054276 0.054276 0.067434 0.093750
13 0.274671 0.054276 0.080592 0.100329
9 0.495066 0.054276 0.093750 0.087171
1 0.715461 0.054276 0.088816 0.106908
5 0.825658 0.054276 0.082237 0.108553
1 0.384868 0.164474 0.088816 0.106908
5 0.605263 0.164474 0.077303 0.098684
0 0.825658 0.164474 0.078947 0.101974
0 0.935855 0.164474 0.075658 0.097039
10 0.164474 0.274671 0.075658 0.103618
9 0.274671 0.274671 0.074013 0.097039
1 0.384868 0.274671 0.080592 0.097039
1 0.495066 0.274671 0.088816 0.106908
13 0.605263 0.274671 0.088816 0.098684
4 0.825658 0.274671 0.065789 0.100329
0 0.054276 0.384868 0.074013 0.106908
0 0.495066 0.384868 0.075658 0.097039
0 0.715461 0.384868 0.078947 0.101974
13 0.825658 0.384868 0.088816 0.098684
1 0.384868 0.495066 0.083882 0.106908
12 0.495066 0.495066 0.080592 0.113487
0 0.715461 0.495066 0.078947 0.090461
12 0.825658 0.495066 0.083882 0.087171
1 0.935855 0.495066 0.080592 0.097039
11 0.164474 0.605263 0.087171 0.097039
7 0.274671 0.605263 0.070724 0.090461
8 0.495066 0.605263 0.085526 0.103618
9 0.715461 0.605263 0.093750 0.087171
13 0.825658 0.605263 0.077303 0.095395
5 0.935855 0.605263 0.074013 0.105263
1 0.274671 0.715461 0.088816 0.106908
5 0.495066 0.715461 0.077303 0.098684
12 0.605263 0.715461 0.075658 0.090461
11 0.825658 0.715461 0.077303 0.110197
0 0.164474 0.825658 0.078947 0.101974
10 0.274671 0.825658 0.067434 0.110197
12 0.495066 0.825658 0.083882 0.087171
8 0.605263 0.825658 0.085526 0.103618
11 0.825658 0.825658 0.077303 0.110197
8 0.935855 0.825658 0.072368 0.110197
12 0.164474 0.935855 0.074013 0.097039
0 0.495066 0.935855 0.074013 0.106908
4 0.605263 0.935855 0.065789 0.100329
0 0.715461 0.935855 0.078947 0.101974
