12 0.054276 0.054276 0.074013 0.097039
0 0.164474 0.054276 0.078947 0.090461
5 0.274671 0.054276 0.077303 0.103618
11 0.495066 0.054276 0.074013 0.110197
8 0.164474 0.164474 0.072368 0.110197
0 0.274671 0.164474 0.085526 0.110197
10 0.715461 0.164474 0.067434 0.110197
1 0.825658 0.164474 0.088816 0.106908
7 0.054276 0.274671 0.069079 0.101974
5 0.274671 0.274671 0.074013 0.101974
0 0.384868 0.274671 0.078947 0.090461
0 0.825658 0.274671 0.087171 0.116776
9 0.935855 0.274671 0.072368 0.087171
8 0.054276 0.384868 0.072368 0.110197
12 0.164474 0.384868 0.074013 0.095395
1 0.495066 0.384868 0.088816 0.106908
10 0.605263 0.384868 0.074013 0.121711
5 0.825658 0.384868 0.077303 0.100329
5 0.935855 0.384868 0.077303 0.098684
1 0.384868 0.495066 0.078947 0.103618
0 0.495066 0.495066 0.087171 0.116776
13 0.715461 0.495066 0.062500 0.083882
0 0.935855 0.495066 0.085526 0.110197
4 0.274671 0.605263 0.077303 0.115132
0 0.384868 0.605263 0.078947 0.090461
13 0.495066 0.605263 0.083882 0.093750
11 0.605263 0.605263 0.087171 0.097039
8 0.825658 0.605263 0.078947 0.120066
0 0.274671 0.715461 0.087171 0.116776
1 0.384868 0.715461 0.088816 0.106908
4 0.495066 0.715461 0.088816 0.113487
9 0.605263 0.715461 0.077303 0.103618
9 0.715461 0.715461 0.077303 0.103618
0 0.054276 0.825658 0.074013 0.106908
1 0.274671 0.825658 0.085526 0.106908
13 0.384868 0.825658 0.083882 0.093750
1 0.605263 0.825658 0.088816 0.106908
10 0.825658 0.825658 0.074013 0.121711
12 0.935855 0.825658 0.075658 0.090461
13 0.054276 0.935855 0.062500 0.083882
12 0.274671 0.935855 0.075658 0.090461
11 0.384868 0.935855 0.075658 0.080592
12 0.715461 0.935855 0.075658 0.090461
1 0.935855 0.935855 0.085526 0.106908
