12 0.384868 0.057566 0.080592 0.115132
12 0.495066 0.054276 0.083882 0.087171
1 0.825658 0.054276 0.080592 0.108553
9 0.054276 0.164474 0.093750 0.087171
0 0.164474 0.164474 0.078947 0.115132
8 0.274671 0.164474 0.072368 0.100329
0 0.495066 0.164474 0.077303 0.092105
13 0.605263 0.164474 0.075658 0.105263
13 0.715461 0.164474 0.075658 0.105263
4 0.825658 0.164474 0.082237 0.105263
1 0.935855 0.164474 0.075658 0.103618
0 0.274671 0.274671 0.077303 0.092105
5 0.495066 0.274671 0.083882 0.105263
1 0.605263 0.274671 0.075658 0.103618
4 0.715461 0.274671 0.074013 0.113487
4 0.825658 0.274671 0.105263 0.092105
0 0.935855 0.274671 0.078947 0.115132
8 0.164474 0.384868 0.072368 0.100329
1 0.274671 0.384868 0.080592 0.108553
11 0.495066 0.384868 0.080592 0.098684
8 0.935855 0.384868 0.085526 0.103618
12 0.164474 0.495066 0.069079 0.088816
5 0.274671 0.495066 0.082237 0.108553
13 0.384868 0.495066 0.075658 0.105263
12 0.495066 0.495066 0.069079 0.088816
1 0.605263 0.495066 0.083882 0.106908
0 0.715461 0.495066 0.077303 0.092105
0 0.935855 0.495066 0.077303 0.092105
11 0.054276 0.605263 0.080592 0.098684
0 0.605263 0.605263 0.077303 0.092105
12 0.715461 0.605263 0.080592 0.115132
0 0.054276 0.715461 0.078947 0.101974
1 0.274671 0.715461 0.075658 0.103618
13 0.384868 0.715461 0.080592 0.100329
7 0.605263 0.715461 0.062500 0.093750
10 0.935855 0.715461 0.074013 0.106908
5 0.274671 0.825658 0.082237 0.108553
9 0.605263 0.825658 0.077303 0.100329
1 0.715461 0.825658 0.075658 0.103618
10 0.935855 0.825658 0.075658 0.103618
5 0.164474 0.935855 0.082237 0.108553
0 0.274671 0.935855 0.077303 0.092105
9 0.715461 0.935855 0.093750 0.087171
11 0.825658 0.935855 0.092105 0.103618
