5 0.274671 0.054276 0.082237 0.108553
5 0.384868 0.054276 0.083882 0.105263
13 0.495066 0.054276 0.082237 0.095395
7 0.605263 0.054276 0.062500 0.093750
1 0.715461 0.054276 0.075658 0.103618
1 0.935855 0.054276 0.075658 0.103618
0 0.164474 0.164474 0.085526 0.098684
5 0.495066 0.164474 0.083882 0.105263
0 0.715461 0.164474 0.085526 0.098684
10 0.935855 0.164474 0.069079 0.111842
12 0.164474 0.274671 0.080592 0.115132
11 0.274671 0.274671 0.082237 0.098684
0 0.384868 0.274671 0.085526 0.098684
8 0.715461 0.274671 0.083882 0.126645
13 0.825658 0.274671 0.082237 0.095395
4 0.054276 0.384868 0.074013 0.113487
11 0.495066 0.384868 0.080592 0.098684
12 0.605263 0.384868 0.069079 0.088816
0 0.935855 0.384868 0.077303 0.092105
1 0.054276 0.495066 0.075658 0.103618
12 0.274671 0.495066 0.080592 0.115132
0 0.495066 0.495066 0.088816 0.106908
13 0.935855 0.495066 0.080592 0.101974
9 0.054276 0.605263 0.077303 0.100329
12 0.164474 0.605263 0.083882 0.098684
10 0.274671 0.605263 0.074013 0.106908
8 0.384868 0.605263 0.097039 0.105263
0 0.715461 0.605263 0.088816 0.106908
12 0.825658 0.605263 0.080592 0.115132
4 0.164474 0.715461 0.078947 0.093750
13 0.274671 0.715461 0.080592 0.101974
4 0.384868 0.715461 0.082237 0.105263
0 0.605263 0.715461 0.077303 0.092105
5 0.935855 0.715461 0.082237 0.108553
0 0.164474 0.825658 0.077303 0.092105
1 0.495066 0.825658 0.080592 0.097039
1 0.605263 0.825658 0.080592 0.108553
0 0.715461 0.825658 0.085526 0.098684
11 0.825658 0.825658 0.082237 0.098684
9 0.935855 0.825658 0.077303 0.100329
8 0.495066 0.935855 0.083882 0.126645
1 0.605263 0.935855 0.080592 0.108553
10 0.715461 0.934211 0.070724 0.129934
1 0.935855 0.935855 0.075658 0.103618
