10 0.274671 0.054276 0.067434 0.106908
5 0.495066 0.054276 0.078947 0.097039
13 0.605263 0.054276 0.083882 0.098684
4 0.715461 0.055921 0.075658 0.113487
1 0.935855 0.054276 0.083882 0.097039
0 0.054276 0.164474 0.077303 0.100329
13 0.164474 0.164474 0.075658 0.088816
0 0.274671 0.164474 0.082237 0.113487
8 0.384868 0.164474 0.074013 0.123355
11 0.605263 0.164474 0.082237 0.100329
7 0.715461 0.164474 0.074013 0.101974
12 0.825658 0.164474 0.078947 0.095395
9 0.935855 0.164474 0.065789 0.095395
5 0.164474 0.274671 0.078947 0.097039
4 0.274671 0.274671 0.074013 0.134868
12 0.715461 0.274671 0.078947 0.092105
1 0.054276 0.384868 0.077303 0.103618
1 0.164474 0.384868 0.077303 0.103618
7 0.605263 0.384868 0.078947 0.085526
5 0.715461 0.384868 0.080592 0.097039
13 0.825658 0.384868 0.078947 0.090461
8 0.054276 0.495066 0.072368 0.125000
1 0.164474 0.495066 0.077303 0.103618
0 0.384868 0.495066 0.082237 0.113487
11 0.495066 0.495066 0.080592 0.090461
13 0.715461 0.495066 0.075658 0.088816
8 0.825658 0.495066 0.072368 0.125000
10 0.935855 0.495066 0.067434 0.106908
1 0.054276 0.605263 0.074013 0.103618
1 0.384868 0.605263 0.074013 0.103618
12 0.495066 0.605263 0.077303 0.100329
9 0.715461 0.605263 0.082237 0.088816
0 0.164474 0.715461 0.088816 0.110197
0 0.495066 0.715461 0.077303 0.098684
0 0.825658 0.715461 0.077303 0.100329
0 0.164474 0.825658 0.088816 0.110197
12 0.274671 0.825658 0.075658 0.095395
0 0.495066 0.825658 0.077303 0.098684
5 0.605263 0.825658 0.078947 0.097039
11 0.164474 0.935855 0.080592 0.090461
9 0.274671 0.935855 0.082237 0.088816
0 0.384868 0.935855 0.088816 0.110197
12 0.495066 0.935855 0.078947 0.092105
1 0.605263 0.935855 0.074013 0.103618
