1 0.164474 0.054276 0.080592 0.106908
9 0.384868 0.054276 0.078947 0.100329
9 0.495066 0.054276 0.065789 0.095395
8 0.715461 0.060855 0.074013 0.123355
1 0.384868 0.164474 0.080592 0.108553
1 0.935855 0.164474 0.078947 0.090461
0 0.054276 0.274671 0.077303 0.106908
0 0.164474 0.274671 0.078947 0.111842
13 0.384868 0.274671 0.082237 0.095395
8 0.495066 0.274671 0.075658 0.111842
1 0.825658 0.274671 0.077303 0.103618
7 0.935855 0.274671 0.070724 0.093750
13 0.054276 0.384868 0.083882 0.098684
0 0.384868 0.384868 0.078947 0.111842
11 0.605263 0.384868 0.075658 0.101974
0 0.715461 0.384868 0.077303 0.106908
10 0.825658 0.384868 0.070724 0.129934
1 0.935855 0.384868 0.080592 0.106908
12 0.495066 0.495066 0.080592 0.115132
5 0.605263 0.495066 0.078947 0.097039
9 0.715461 0.495066 0.080592 0.105263
1 0.825658 0.495066 0.078947 0.090461
5 0.935855 0.495066 0.077303 0.100329
5 0.054276 0.605263 0.077303 0.100329
0 0.495066 0.605263 0.078947 0.111842
7 0.605263 0.605263 0.074013 0.101974
0 0.715461 0.605263 0.078947 0.111842
12 0.935855 0.605263 0.080592 0.115132
4 0.054276 0.715461 0.067434 0.120066
13 0.164474 0.715461 0.083882 0.098684
8 0.384868 0.715461 0.074013 0.123355
0 0.495066 0.715461 0.082237 0.113487
4 0.715461 0.715461 0.074013 0.113487
0 0.825658 0.715461 0.082237 0.113487
1 0.054276 0.825658 0.080592 0.108553
1 0.164474 0.825658 0.077303 0.103618
12 0.384868 0.825658 0.080592 0.115132
4 0.495066 0.825658 0.074013 0.113487
12 0.715461 0.825658 0.080592 0.115132
13 0.825658 0.825658 0.075658 0.090461
11 0.274671 0.935855 0.092105 0.103618
10 0.495066 0.935855 0.067434 0.106908
0 0.825658 0.935855 0.082237 0.113487
5 0.935855 0.935855 0.082237 0.097039
