4 0.054276 0.057566 0.072368 0.116776
1 0.164474 0.054276 0.074013 0.103618
11 0.274671 0.054276 0.087171 0.103618
10 0.384868 0.054276 0.064145 0.103618
5 0.495066 0.054276 0.077303 0.098684
12 0.715461 0.054276 0.075658 0.095395
7 0.164474 0.164474 0.078947 0.103618
1 0.495066 0.164474 0.074013 0.103618
0 0.605263 0.164474 0.088816 0.110197
12 0.715461 0.164474 0.074013 0.095395
10 0.054276 0.274671 0.067434 0.090461
13 0.825658 0.274671 0.075658 0.088816
0 0.935855 0.274671 0.088816 0.110197
12 0.274671 0.384868 0.074013 0.095395
1 0.384868 0.384868 0.077303 0.093750
13 0.495066 0.384868 0.100329 0.077303
7 0.605263 0.384868 0.078947 0.103618
0 0.715461 0.384868 0.077303 0.098684
0 0.825658 0.384868 0.088816 0.110197
8 0.935855 0.384868 0.074013 0.097039
5 0.054276 0.495066 0.080592 0.097039
0 0.164474 0.495066 0.088816 0.110197
12 0.384868 0.495066 0.074013 0.095395
9 0.495066 0.495066 0.082237 0.088816
1 0.605263 0.495066 0.074013 0.103618
5 0.715461 0.495066 0.080592 0.097039
12 0.935855 0.495066 0.101974 0.085526
1 0.495066 0.605263 0.090461 0.097039
0 0.715461 0.605263 0.088816 0.110197
9 0.825658 0.605263 0.082237 0.088816
13 0.054276 0.715461 0.100329 0.077303
9 0.274671 0.715461 0.082237 0.088816
0 0.384868 0.715461 0.100329 0.087171
11 0.495066 0.715461 0.087171 0.103618
11 0.605263 0.715461 0.087171 0.103618
8 0.715461 0.715461 0.101974 0.106908
8 0.495066 0.825658 0.077303 0.118421
13 0.605263 0.825658 0.083882 0.093750
0 0.054276 0.935855 0.100329 0.087171
1 0.384868 0.935855 0.077303 0.093750
4 0.495066 0.935855 0.074013 0.115132
5 0.605263 0.935855 0.077303 0.098684
1 0.825658 0.935855 0.077303 0.093750
0 0.935855 0.935855 0.077303 0.098684
