12 0.054276 0.054276 0.077303 0.110197
11 0.715461 0.054276 0.075658 0.101974
8 0.825658 0.060855 0.074013 0.123355
0 0.935855 0.055921 0.082237 0.113487
0 0.384868 0.164474 0.085526 0.110197
0 0.495066 0.164474 0.085526 0.110197
12 0.825658 0.164474 0.077303 0.110197
9 0.054276 0.274671 0.078947 0.100329
0 0.384868 0.274671 0.078947 0.111842
8 0.495066 0.274671 0.077303 0.121711
1 0.605263 0.274671 0.080592 0.106908
5 0.715461 0.274671 0.077303 0.100329
11 0.825658 0.274671 0.074013 0.110197
7 0.935855 0.274671 0.074013 0.101974
1 0.164474 0.384868 0.077303 0.103618
5 0.274671 0.384868 0.078947 0.097039
10 0.495066 0.384868 0.065789 0.126645
8 0.825658 0.384868 0.077303 0.121711
0 0.054276 0.495066 0.082237 0.113487
1 0.164474 0.495066 0.080592 0.106908
4 0.274671 0.495066 0.067434 0.120066
1 0.384868 0.495066 0.080592 0.106908
0 0.495066 0.495066 0.085526 0.110197
1 0.605263 0.495066 0.077303 0.103618
13 0.935855 0.495066 0.075658 0.090461
1 0.054276 0.605263 0.077303 0.103618
1 0.274671 0.605263 0.077303 0.103618
12 0.384868 0.605263 0.074013 0.095395
5 0.495066 0.605263 0.078947 0.097039
13 0.605263 0.605263 0.083882 0.098684
12 0.715461 0.605263 0.077303 0.110197
4 0.825658 0.605263 0.067434 0.120066
5 0.274671 0.715461 0.078947 0.097039
9 0.384868 0.715461 0.078947 0.100329
0 0.495066 0.715461 0.078947 0.111842
13 0.605263 0.715461 0.083882 0.093750
11 0.054276 0.825658 0.087171 0.106908
0 0.495066 0.825658 0.085526 0.110197
10 0.715461 0.825658 0.065789 0.126645
10 0.825658 0.825658 0.070724 0.110197
13 0.935855 0.825658 0.075658 0.090461
9 0.164474 0.935855 0.078947 0.100329
0 0.274671 0.935855 0.078947 0.111842
7 0.935855 0.935855 0.074013 0.101974
