1 0.164474 0.054276 0.077303 0.093750
1 0.825658 0.054276 0.077303 0.093750
0 0.935855 0.054276 0.078947 0.101974
1 0.054276 0.164474 0.078947 0.097039
0 0.164474 0.164474 0.085526 0.101974
0 0.605263 0.164474 0.078947 0.101974
1 0.825658 0.164474 0.078947 0.097039
1 0.054276 0.274671 0.078947 0.097039
10 0.274671 0.274671 0.077303 0.106908
10 0.495066 0.274671 0.077303 0.106908
13 0.605263 0.274671 0.080592 0.100329
12 0.715461 0.274671 0.083882 0.087171
11 0.935855 0.274671 0.083882 0.098684
13 0.054276 0.384868 0.078947 0.106908
12 0.274671 0.384868 0.083882 0.087171
8 0.384868 0.384868 0.101974 0.093750
11 0.495066 0.384868 0.082237 0.100329
5 0.935855 0.384868 0.082237 0.108553
11 0.054276 0.495066 0.083882 0.098684
8 0.164474 0.495066 0.101974 0.093750
5 0.274671 0.495066 0.077303 0.098684
12 0.384868 0.495066 0.082237 0.110197
7 0.605263 0.495066 0.077303 0.095395
9 0.715461 0.495066 0.082237 0.088816
8 0.935855 0.495066 0.085526 0.103618
13 0.054276 0.605263 0.080592 0.100329
7 0.164474 0.605263 0.077303 0.095395
1 0.274671 0.605263 0.078947 0.097039
0 0.384868 0.605263 0.085526 0.101974
0 0.495066 0.605263 0.078947 0.101974
9 0.825658 0.605263 0.093750 0.087171
0 0.935855 0.605263 0.078947 0.101974
9 0.164474 0.715461 0.077303 0.097039
1 0.274671 0.715461 0.083882 0.106908
12 0.384868 0.715461 0.083882 0.087171
0 0.605263 0.715461 0.078947 0.101974
12 0.715461 0.715461 0.075658 0.095395
13 0.825658 0.715461 0.078947 0.106908
5 0.164474 0.825658 0.082237 0.108553
0 0.495066 0.825658 0.088816 0.110197
5 0.715461 0.825658 0.077303 0.098684
4 0.164474 0.935855 0.105263 0.092105
0 0.274671 0.935855 0.085526 0.101974
4 0.384868 0.935855 0.105263 0.092105
