5 0.054276 0.054276 0.083882 0.105263
5 0.274671 0.054276 0.078947 0.097039
10 0.605263 0.054276 0.067434 0.106908
13 0.715461 0.054276 0.082237 0.095395
1 0.935855 0.054276 0.075658 0.103618
5 0.054276 0.164474 0.082237 0.097039
1 0.164474 0.164474 0.080592 0.108553
13 0.274671 0.164474 0.082237 0.095395
13 0.384868 0.164474 0.082237 0.095395
8 0.495066 0.164474 0.075658 0.111842
12 0.935855 0.164474 0.078947 0.095395
10 0.274671 0.274671 0.067434 0.106908
5 0.495066 0.274671 0.078947 0.097039
4 0.715461 0.274671 0.082237 0.105263
7 0.825658 0.274671 0.069079 0.097039
12 0.935855 0.274671 0.080592 0.115132
9 0.054276 0.384868 0.069079 0.092105
0 0.164474 0.384868 0.078947 0.115132
8 0.384868 0.384868 0.074013 0.123355
12 0.495066 0.384868 0.078947 0.095395
7 0.274671 0.495066 0.069079 0.090461
0 0.384868 0.495066 0.077303 0.106908
0 0.825658 0.495066 0.078947 0.115132
1 0.054276 0.605263 0.078947 0.090461
1 0.274671 0.605263 0.077303 0.103618
0 0.495066 0.605263 0.077303 0.092105
0 0.715461 0.605263 0.082237 0.113487
0 0.825658 0.605263 0.077303 0.092105
1 0.054276 0.715461 0.075658 0.103618
13 0.164474 0.715461 0.075658 0.105263
11 0.605263 0.715461 0.092105 0.103618
1 0.935855 0.715461 0.080592 0.108553
8 0.054276 0.825658 0.072368 0.100329
0 0.164474 0.825658 0.078947 0.115132
0 0.274671 0.825658 0.082237 0.113487
12 0.495066 0.825658 0.078947 0.092105
11 0.605263 0.825658 0.075658 0.101974
11 0.715461 0.825658 0.080592 0.098684
10 0.825658 0.825658 0.070724 0.129934
0 0.935855 0.825658 0.077303 0.106908
1 0.274671 0.935855 0.077303 0.103618
9 0.715461 0.935855 0.080592 0.105263
4 0.825658 0.935855 0.072368 0.123355
9 0.935855 0.935855 0.065789 0.095395
