4 0.054276 0.054276 0.078947 0.106908
1 0.274671 0.054276 0.083882 0.097039
4 0.384868 0.054276 0.082237 0.105263
12 0.495066 0.054276 0.101974 0.085526
0 0.605263 0.054276 0.077303 0.092105
13 0.935855 0.054276 0.078947 0.090461
13 0.164474 0.164474 0.075658 0.105263
0 0.384868 0.164474 0.077303 0.100329
11 0.825658 0.164474 0.087171 0.103618
5 0.054276 0.274671 0.080592 0.095395
1 0.274671 0.274671 0.083882 0.097039
11 0.384868 0.274671 0.070724 0.075658
9 0.605263 0.274671 0.062500 0.088816
5 0.715461 0.274671 0.082237 0.108553
8 0.935855 0.274671 0.101974 0.106908
7 0.274671 0.384868 0.078947 0.085526
0 0.384868 0.384868 0.100329 0.087171
0 0.495066 0.384868 0.077303 0.100329
0 0.605263 0.384868 0.077303 0.092105
12 0.054276 0.495066 0.101974 0.085526
0 0.164474 0.495066 0.077303 0.100329
0 0.384868 0.495066 0.077303 0.092105
10 0.495066 0.495066 0.072368 0.121711
10 0.825658 0.495066 0.072368 0.121711
12 0.495066 0.605263 0.077303 0.100329
1 0.605263 0.605263 0.083882 0.097039
1 0.715461 0.605263 0.083882 0.097039
1 0.054276 0.715461 0.075658 0.103618
1 0.164474 0.715461 0.090461 0.097039
0 0.274671 0.715461 0.077303 0.100329
13 0.384868 0.715461 0.100329 0.077303
7 0.715461 0.715461 0.078947 0.085526
9 0.825658 0.715461 0.077303 0.100329
1 0.935855 0.715461 0.083882 0.097039
13 0.164474 0.825658 0.078947 0.090461
12 0.274671 0.825658 0.101974 0.085526
5 0.605263 0.825658 0.082237 0.108553
9 0.715461 0.825658 0.070724 0.082237
11 0.054276 0.935855 0.070724 0.075658
12 0.164474 0.935855 0.069079 0.088816
8 0.384868 0.935855 0.072368 0.125000
5 0.495066 0.935855 0.082237 0.108553
8 0.715461 0.935855 0.101974 0.106908
0 0.825658 0.935855 0.100329 0.087171
