11 0.495066 0.054276 0.074013 0.110197
0 0.935855 0.054276 0.074013 0.098684
1 0.164474 0.164474 0.083882 0.106908
0 0.274671 0.164474 0.077303 0.106908
13 0.384868 0.164474 0.087171 0.108553
0 0.605263 0.164474 0.078947 0.101974
5 0.715461 0.164474 0.082237 0.108553
9 0.935855 0.164474 0.093750 0.087171
9 0.274671 0.274671 0.093750 0.101974
1 0.384868 0.274671 0.085526 0.106908
1 0.495066 0.274671 0.088816 0.115132
13 0.715461 0.274671 0.087171 0.108553
0 0.825658 0.274671 0.077303 0.106908
1 0.935855 0.274671 0.085526 0.106908
13 0.054276 0.384868 0.062500 0.083882
0 0.274671 0.384868 0.078947 0.101974
12 0.384868 0.384868 0.078947 0.095395
8 0.495066 0.384868 0.075658 0.111842
8 0.715461 0.384868 0.075658 0.111842
1 0.825658 0.384868 0.078947 0.090461
12 0.935855 0.384868 0.083882 0.087171
0 0.054276 0.495066 0.074013 0.098684
4 0.164474 0.495066 0.072368 0.116776
1 0.384868 0.495066 0.085526 0.106908
8 0.495066 0.495066 0.077303 0.121711
11 0.715461 0.495066 0.095395 0.080592
0 0.164474 0.605263 0.074013 0.098684
5 0.384868 0.605263 0.088816 0.110197
5 0.495066 0.605263 0.082237 0.097039
10 0.605263 0.605263 0.067434 0.106908
13 0.715461 0.605263 0.083882 0.093750
12 0.825658 0.605263 0.078947 0.095395
4 0.054276 0.715461 0.072368 0.116776
7 0.164474 0.715461 0.069079 0.101974
1 0.274671 0.715461 0.078947 0.090461
11 0.605263 0.715461 0.074013 0.110197
0 0.715461 0.715461 0.077303 0.106908
0 0.164474 0.825658 0.074013 0.098684
12 0.935855 0.825658 0.078947 0.095395
4 0.054276 0.935855 0.105263 0.092105
1 0.164474 0.935855 0.085526 0.106908
12 0.274671 0.935855 0.078947 0.095395
5 0.384868 0.935855 0.077303 0.100329
10 0.825658 0.935855 0.067434 0.106908
