10 0.054276 0.054276 0.067434 0.106908
7 0.274671 0.054276 0.074013 0.101974
4 0.495066 0.060855 0.072368 0.123355
5 0.825658 0.054276 0.082237 0.097039
0 0.164474 0.164474 0.088816 0.106908
12 0.274671 0.164474 0.078947 0.092105
13 0.384868 0.164474 0.083882 0.098684
0 0.605263 0.164474 0.082237 0.113487
9 0.715461 0.164474 0.069079 0.092105
10 0.054276 0.274671 0.069079 0.111842
7 0.384868 0.274671 0.069079 0.097039
1 0.715461 0.274671 0.078947 0.090461
0 0.825658 0.274671 0.082237 0.113487
13 0.935855 0.274671 0.087171 0.108553
1 0.054276 0.384868 0.092105 0.098684
11 0.274671 0.384868 0.075658 0.101974
1 0.384868 0.384868 0.078947 0.090461
1 0.935855 0.384868 0.077303 0.103618
13 0.054276 0.495066 0.083882 0.098684
8 0.164474 0.495066 0.074013 0.123355
13 0.605263 0.495066 0.080592 0.101974
5 0.715461 0.495066 0.080592 0.095395
0 0.825658 0.495066 0.077303 0.106908
0 0.935855 0.495066 0.088816 0.106908
1 0.274671 0.605263 0.078947 0.090461
12 0.384868 0.605263 0.088816 0.090461
9 0.935855 0.605263 0.069079 0.092105
5 0.054276 0.715461 0.082237 0.097039
11 0.164474 0.715461 0.080592 0.101974
8 0.495066 0.715461 0.075658 0.111842
12 0.605263 0.715461 0.078947 0.092105
0 0.715461 0.715461 0.077303 0.106908
9 0.825658 0.715461 0.069079 0.092105
0 0.935855 0.715461 0.088816 0.106908
4 0.164474 0.825658 0.062500 0.101974
0 0.274671 0.825658 0.082237 0.113487
11 0.384868 0.825658 0.080592 0.101974
0 0.495066 0.825658 0.082237 0.113487
8 0.715461 0.825658 0.075658 0.111842
12 0.164474 0.935855 0.078947 0.095395
1 0.274671 0.935855 0.092105 0.098684
1 0.495066 0.935855 0.078947 0.090461
5 0.715461 0.935855 0.082237 0.097039
10 0.825658 0.935855 0.069079 0.111842
