8 0.164474 0.054276 0.101974 0.106908
1 0.495066 0.054276 0.090461 0.097039
1 0.605263 0.054276 0.092105 0.098684
11 0.715461 0.054276 0.075658 0.101974
5 0.825658 0.054276 0.080592 0.095395
0 0.164474 0.164474 0.082237 0.113487
11 0.274671 0.164474 0.087171 0.103618
11 0.384868 0.164474 0.075658 0.101974
9 0.715461 0.164474 0.070724 0.082237
9 0.825658 0.164474 0.070724 0.082237
4 0.935855 0.164474 0.062500 0.101974
0 0.274671 0.274671 0.075658 0.097039
5 0.384868 0.274671 0.080592 0.095395
1 0.935855 0.274671 0.092105 0.098684
7 0.274671 0.384868 0.074013 0.101974
0 0.384868 0.384868 0.088816 0.106908
1 0.715461 0.384868 0.077303 0.103618
1 0.825658 0.384868 0.090461 0.097039
5 0.164474 0.495066 0.078947 0.097039
8 0.274671 0.495066 0.074013 0.123355
9 0.384868 0.495066 0.070724 0.092105
5 0.495066 0.495066 0.074013 0.105263
13 0.825658 0.495066 0.100329 0.077303
13 0.495066 0.605263 0.100329 0.077303
12 0.605263 0.605263 0.101974 0.085526
12 0.825658 0.605263 0.078947 0.092105
0 0.935855 0.605263 0.082237 0.113487
0 0.054276 0.715461 0.100329 0.087171
13 0.495066 0.715461 0.083882 0.098684
12 0.605263 0.715461 0.088816 0.090461
4 0.825658 0.715461 0.062500 0.101974
11 0.935855 0.715461 0.087171 0.103618
0 0.274671 0.825658 0.075658 0.097039
0 0.384868 0.825658 0.100329 0.087171
10 0.495066 0.825658 0.067434 0.106908
12 0.715461 0.825658 0.078947 0.092105
13 0.935855 0.825658 0.080592 0.101974
10 0.054276 0.935855 0.067434 0.106908
7 0.164474 0.935855 0.070724 0.090461
0 0.495066 0.935855 0.075658 0.097039
1 0.605263 0.935855 0.080592 0.097039
1 0.715461 0.935855 0.090461 0.097039
8 0.825658 0.935855 0.072368 0.095395
0 0.935855 0.935855 0.088816 0.106908
