10 0.164474 0.054276 0.080592 0.098684
13 0.274671 0.054276 0.075658 0.090461
0 0.384868 0.164474 0.077303 0.092105
10 0.495066 0.164474 0.074013 0.106908
10 0.605263 0.164474 0.074013 0.106908
0 0.715461 0.164474 0.078947 0.111842
5 0.935855 0.164474 0.082237 0.108553
1 0.054276 0.274671 0.080592 0.106908
0 0.164474 0.274671 0.077303 0.092105
5 0.495066 0.274671 0.077303 0.100329
5 0.935855 0.274671 0.088816 0.110197
9 0.054276 0.384868 0.070724 0.090461
0 0.274671 0.384868 0.074013 0.098684
1 0.495066 0.384868 0.088816 0.115132
12 0.605263 0.384868 0.069079 0.088816
13 0.715461 0.384868 0.075658 0.105263
13 0.935855 0.384868 0.075658 0.105263
9 0.164474 0.495066 0.077303 0.100329
12 0.384868 0.495066 0.077303 0.110197
0 0.605263 0.495066 0.077303 0.092105
1 0.715461 0.495066 0.088816 0.115132
11 0.825658 0.495066 0.087171 0.106908
12 0.935855 0.495066 0.095395 0.082237
7 0.054276 0.605263 0.085526 0.098684
12 0.164474 0.605263 0.077303 0.110197
4 0.274671 0.605263 0.075658 0.118421
8 0.384868 0.605263 0.082237 0.126645
0 0.495066 0.605263 0.077303 0.092105
13 0.715461 0.605263 0.062500 0.083882
5 0.935855 0.605263 0.088816 0.110197
0 0.054276 0.715461 0.077303 0.092105
9 0.164474 0.715461 0.070724 0.090461
1 0.274671 0.715461 0.075658 0.103618
11 0.384868 0.715461 0.087171 0.106908
4 0.825658 0.715461 0.082237 0.105263
0 0.935855 0.715461 0.078947 0.111842
8 0.164474 0.825658 0.074013 0.097039
11 0.274671 0.825658 0.095395 0.080592
12 0.825658 0.825658 0.078947 0.095395
0 0.935855 0.825658 0.078947 0.111842
4 0.054276 0.930921 0.074013 0.134868
1 0.164474 0.935855 0.088816 0.115132
1 0.715461 0.935855 0.088816 0.115132
8 0.935855 0.935855 0.074013 0.123355
