4 0.274671 0.057566 0.077303 0.115132
1 0.384868 0.054276 0.080592 0.106908
0 0.495066 0.054276 0.078947 0.090461
0 0.715461 0.054276 0.077303 0.100329
12 0.054276 0.164474 0.074013 0.097039
0 0.164474 0.164474 0.078947 0.090461
1 0.274671 0.164474 0.088816 0.106908
9 0.384868 0.164474 0.078947 0.100329
1 0.495066 0.164474 0.083882 0.097039
9 0.605263 0.164474 0.078947 0.100329
0 0.715461 0.164474 0.078947 0.111842
9 0.935855 0.164474 0.062500 0.088816
10 0.605263 0.274671 0.072368 0.121711
1 0.715461 0.274671 0.083882 0.097039
12 0.935855 0.274671 0.077303 0.100329
12 0.384868 0.384868 0.077303 0.110197
0 0.495066 0.384868 0.077303 0.100329
5 0.825658 0.384868 0.074013 0.100329
13 0.935855 0.384868 0.075658 0.090461
11 0.164474 0.495066 0.078947 0.095395
0 0.274671 0.495066 0.078947 0.111842
13 0.605263 0.495066 0.062500 0.083882
11 0.715461 0.495066 0.078947 0.095395
12 0.935855 0.495066 0.075658 0.090461
8 0.054276 0.605263 0.067434 0.121711
5 0.164474 0.605263 0.077303 0.098684
5 0.274671 0.605263 0.077303 0.103618
12 0.384868 0.605263 0.077303 0.100329
8 0.605263 0.605263 0.082237 0.126645
8 0.715461 0.605263 0.082237 0.126645
10 0.935855 0.605263 0.067434 0.093750
7 0.164474 0.715461 0.070724 0.093750
0 0.274671 0.715461 0.078947 0.111842
0 0.495066 0.715461 0.074013 0.106908
13 0.605263 0.715461 0.077303 0.095395
13 0.164474 0.825658 0.062500 0.083882
11 0.274671 0.825658 0.087171 0.097039
4 0.495066 0.825658 0.077303 0.115132
1 0.605263 0.825658 0.078947 0.103618
10 0.825658 0.825658 0.067434 0.093750
5 0.935855 0.825658 0.077303 0.098684
0 0.054276 0.935855 0.078947 0.090461
1 0.164474 0.935855 0.083882 0.097039
1 0.935855 0.935855 0.080592 0.106908
