4 0.054276 0.054276 0.078947 0.106908
1 0.274671 0.057566 0.088816 0.115132
11 0.384868 0.054276 0.078947 0.095395
9 0.495066 0.054276 0.077303 0.103618
5 0.605263 0.054276 0.080592 0.095395
13 0.715461 0.054276 0.062500 0.083882
4 0.825658 0.059211 0.075658 0.118421
1 0.935855 0.054276 0.092105 0.098684
10 0.054276 0.164474 0.067434 0.093750
0 0.274671 0.164474 0.077303 0.100329
12 0.384868 0.164474 0.074013 0.097039
10 0.605263 0.164474 0.080592 0.098684
7 0.825658 0.164474 0.078947 0.085526
5 0.935855 0.164474 0.077303 0.103618
8 0.054276 0.274671 0.074013 0.123355
4 0.164474 0.274671 0.077303 0.115132
7 0.274671 0.274671 0.077303 0.098684
13 0.384868 0.274671 0.062500 0.083882
4 0.495066 0.274671 0.075658 0.133224
5 0.605263 0.274671 0.077303 0.103618
11 0.825658 0.274671 0.070724 0.075658
7 0.935855 0.274671 0.085526 0.098684
13 0.054276 0.384868 0.062500 0.083882
4 0.164474 0.384868 0.062500 0.101974
0 0.274671 0.384868 0.088816 0.106908
10 0.384868 0.384868 0.072368 0.121711
13 0.495066 0.384868 0.062500 0.083882
10 0.605263 0.384868 0.072368 0.121711
0 0.825658 0.384868 0.074013 0.098684
11 0.935855 0.384868 0.078947 0.095395
1 0.054276 0.495066 0.078947 0.106908
5 0.164474 0.495066 0.080592 0.101974
0 0.274671 0.495066 0.078947 0.090461
11 0.384868 0.495066 0.078947 0.085526
8 0.495066 0.495066 0.072368 0.125000
0 0.605263 0.495066 0.088816 0.106908
4 0.715461 0.495066 0.077303 0.115132
1 0.825658 0.495066 0.078947 0.103618
12 0.935855 0.495066 0.074013 0.097039
4 0.054276 0.605263 0.078947 0.106908
1 0.164474 0.605263 0.088816 0.115132
0 0.274671 0.605263 0.077303 0.100329
12 0.384868 0.605263 0.088816 0.090461
0 0.605263 0.605263 0.075658 0.098684
11 0.715461 0.605263 0.078947 0.095395
5 0.825658 0.605263 0.074013 0.100329
9 0.935855 0.605263 0.077303 0.103618
7 0.164474 0.715461 0.075658 0.101974
4 0.274671 0.715461 0.077303 0.115132
8 0.495066 0.715461 0.097039 0.105263
7 0.825658 0.715461 0.077303 0.098684
12 0.935855 0.715461 0.095395 0.082237
0 0.054276 0.825658 0.078947 0.090461
1 0.274671 0.825658 0.088816 0.115132
8 0.384868 0.825658 0.097039 0.105263
11 0.495066 0.825658 0.078947 0.095395
1 0.605263 0.825658 0.088816 0.115132
0 0.715461 0.825658 0.088816 0.106908
5 0.825658 0.825658 0.080592 0.095395
1 0.935855 0.825658 0.078947 0.103618
12 0.054276 0.935855 0.083882 0.093750
7 0.274671 0.935855 0.078947 0.085526
0 0.495066 0.935855 0.078947 0.090461
5 0.605263 0.935855 0.080592 0.095395
9 0.715461 0.935855 0.062500 0.088816
11 0.935855 0.935855 0.095395 0.080592
