11 0.054276 0.054276 0.092105 0.103618
1 0.164474 0.054276 0.075658 0.103618
12 0.274671 0.057566 0.080592 0.115132
13 0.384868 0.054276 0.077303 0.095395
11 0.495066 0.054276 0.074013 0.110197
8 0.825658 0.054276 0.101974 0.106908
8 0.054276 0.164474 0.072368 0.100329
9 0.164474 0.164474 0.070724 0.082237
11 0.274671 0.164474 0.087171 0.097039
0 0.384868 0.164474 0.100329 0.087171
0 0.495066 0.164474 0.100329 0.087171
13 0.825658 0.164474 0.075658 0.095395
5 0.054276 0.274671 0.083882 0.105263
1 0.164474 0.274671 0.090461 0.097039
4 0.274671 0.274671 0.065789 0.100329
0 0.384868 0.274671 0.100329 0.087171
4 0.495066 0.274671 0.072368 0.116776
10 0.605263 0.274671 0.069079 0.093750
1 0.715461 0.274671 0.080592 0.097039
12 0.825658 0.274671 0.083882 0.098684
10 0.054276 0.384868 0.069079 0.093750
1 0.164474 0.384868 0.088816 0.106908
7 0.384868 0.384868 0.069079 0.101974
4 0.495066 0.384868 0.065789 0.100329
0 0.605263 0.384868 0.085526 0.110197
0 0.715461 0.384868 0.085526 0.098684
8 0.825658 0.384868 0.077303 0.121711
13 0.054276 0.495066 0.075658 0.105263
12 0.164474 0.495066 0.101974 0.085526
0 0.274671 0.495066 0.085526 0.098684
4 0.384868 0.495066 0.074013 0.113487
7 0.495066 0.495066 0.062500 0.093750
10 0.605263 0.495066 0.067434 0.110197
0 0.825658 0.495066 0.085526 0.098684
4 0.935855 0.495066 0.072368 0.116776
12 0.054276 0.605263 0.074013 0.095395
8 0.164474 0.605263 0.074013 0.123355
1 0.274671 0.605263 0.075658 0.103618
9 0.384868 0.605263 0.070724 0.082237
5 0.495066 0.605263 0.077303 0.098684
5 0.605263 0.605263 0.083882 0.105263
7 0.715461 0.605263 0.083882 0.072368
11 0.825658 0.605263 0.087171 0.103618
1 0.935855 0.605263 0.085526 0.106908
0 0.054276 0.715461 0.077303 0.092105
1 0.164474 0.715461 0.080592 0.108553
5 0.274671 0.715461 0.080592 0.095395
1 0.715461 0.715461 0.090461 0.097039
5 0.825658 0.715461 0.080592 0.095395
9 0.935855 0.715461 0.069079 0.083882
4 0.054276 0.825658 0.082237 0.105263
11 0.164474 0.825658 0.074013 0.110197
4 0.274671 0.825658 0.074013 0.113487
13 0.384868 0.825658 0.075658 0.105263
7 0.495066 0.825658 0.069079 0.090461
12 0.605263 0.825658 0.101974 0.085526
7 0.715461 0.825658 0.083882 0.072368
0 0.825658 0.825658 0.100329 0.087171
0 0.935855 0.825658 0.077303 0.092105
11 0.054276 0.935855 0.080592 0.098684
10 0.164474 0.935855 0.069079 0.093750
4 0.274671 0.935855 0.074013 0.113487
5 0.384868 0.935855 0.082237 0.108553
5 0.605263 0.935855 0.082237 0.108553
1 0.825658 0.935855 0.080592 0.097039
11 0.935855 0.935855 0.082237 0.098684
