5 0.054276 0.054276 0.077303 0.100329
9 0.164474 0.054276 0.077303 0.103618
1 0.274671 0.054276 0.090461 0.097039
7 0.384868 0.054276 0.077303 0.098684
4 0.495066 0.057566 0.069079 0.116776
11 0.715461 0.054276 0.078947 0.095395
0 0.935855 0.054276 0.078947 0.090461
12 0.164474 0.164474 0.074013 0.095395
11 0.274671 0.164474 0.077303 0.110197
1 0.384868 0.164474 0.085526 0.106908
13 0.495066 0.164474 0.077303 0.095395
0 0.605263 0.164474 0.078947 0.090461
7 0.935855 0.164474 0.069079 0.101974
4 0.054276 0.274671 0.065789 0.100329
11 0.164474 0.274671 0.087171 0.103618
5 0.274671 0.274671 0.077303 0.100329
12 0.384868 0.274671 0.083882 0.098684
1 0.605263 0.274671 0.080592 0.097039
8 0.715461 0.274671 0.072368 0.110197
11 0.825658 0.274671 0.078947 0.095395
7 0.935855 0.274671 0.077303 0.098684
4 0.054276 0.384868 0.069079 0.116776
5 0.164474 0.384868 0.075658 0.097039
5 0.274671 0.384868 0.077303 0.100329
4 0.384868 0.384868 0.072368 0.116776
0 0.495066 0.384868 0.085526 0.098684
0 0.715461 0.384868 0.100329 0.087171
8 0.825658 0.384868 0.074013 0.123355
4 0.935855 0.384868 0.069079 0.116776
0 0.054276 0.495066 0.075658 0.097039
1 0.164474 0.495066 0.080592 0.097039
0 0.384868 0.495066 0.085526 0.110197
9 0.495066 0.495066 0.069079 0.092105
11 0.605263 0.495066 0.074013 0.110197
10 0.825658 0.495066 0.070724 0.110197
12 0.054276 0.605263 0.074013 0.097039
4 0.164474 0.605263 0.072368 0.116776
8 0.274671 0.605263 0.072368 0.095395
1 0.384868 0.605263 0.080592 0.097039
13 0.495066 0.605263 0.100329 0.077303
9 0.605263 0.605263 0.070724 0.082237
10 0.715461 0.605263 0.070724 0.110197
0 0.825658 0.605263 0.078947 0.090461
0 0.935855 0.605263 0.078947 0.090461
1 0.054276 0.715461 0.090461 0.097039
7 0.384868 0.715461 0.075658 0.105263
1 0.495066 0.715461 0.080592 0.097039
13 0.605263 0.715461 0.062500 0.083882
11 0.715461 0.715461 0.074013 0.110197
12 0.935855 0.715461 0.074013 0.097039
10 0.054276 0.825658 0.070724 0.116776
4 0.164474 0.825658 0.085526 0.095395
13 0.274671 0.825658 0.088816 0.098684
5 0.384868 0.825658 0.077303 0.100329
10 0.495066 0.825658 0.069079 0.093750
8 0.825658 0.825658 0.074013 0.123355
11 0.935855 0.825658 0.078947 0.095395
1 0.054276 0.935855 0.078947 0.103618
1 0.164474 0.935855 0.088816 0.106908
5 0.274671 0.935855 0.080592 0.095395
4 0.384868 0.935855 0.077303 0.115132
7 0.495066 0.935855 0.069079 0.101974
0 0.605263 0.935855 0.085526 0.098684
0 0.715461 0.935855 0.100329 0.087171
5 0.825658 0.935855 0.077303 0.100329
12 0.935855 0.935855 0.074013 0.097039
