5 0.054276 0.054276 0.082237 0.097039
8 0.274671 0.062500 0.083882 0.126645
8 0.384868 0.054276 0.101974 0.093750
1 0.495066 0.054276 0.080592 0.106908
0 0.605263 0.054276 0.078947 0.090461
11 0.715461 0.054276 0.078947 0.095395
11 0.825658 0.054276 0.078947 0.095395
0 0.935855 0.054276 0.085526 0.101974
11 0.054276 0.164474 0.095395 0.080592
12 0.164474 0.164474 0.077303 0.110197
4 0.274671 0.164474 0.067434 0.120066
5 0.384868 0.164474 0.082237 0.097039
7 0.495066 0.164474 0.069079 0.090461
13 0.605263 0.164474 0.087171 0.108553
4 0.825658 0.164474 0.074013 0.113487
9 0.935855 0.164474 0.069079 0.092105
7 0.054276 0.274671 0.077303 0.098684
4 0.164474 0.274671 0.060855 0.113487
4 0.274671 0.274671 0.060855 0.113487
5 0.384868 0.274671 0.082237 0.097039
0 0.495066 0.274671 0.077303 0.106908
4 0.605263 0.274671 0.074013 0.113487
12 0.825658 0.274671 0.077303 0.110197
0 0.054276 0.384868 0.074013 0.098684
0 0.274671 0.384868 0.078947 0.111842
1 0.384868 0.384868 0.080592 0.106908
7 0.715461 0.384868 0.077303 0.098684
1 0.825658 0.384868 0.088816 0.115132
7 0.935855 0.384868 0.085526 0.098684
4 0.054276 0.495066 0.060855 0.113487
5 0.164474 0.495066 0.088816 0.110197
1 0.384868 0.495066 0.088816 0.115132
9 0.495066 0.495066 0.093750 0.101974
4 0.605263 0.495066 0.075658 0.118421
5 0.935855 0.495066 0.072368 0.105263
7 0.274671 0.605263 0.077303 0.098684
10 0.495066 0.605263 0.080592 0.098684
11 0.605263 0.605263 0.078947 0.095395
0 0.715461 0.605263 0.077303 0.106908
12 0.825658 0.605263 0.078947 0.095395
10 0.935855 0.605263 0.080592 0.098684
5 0.054276 0.715461 0.082237 0.097039
10 0.164474 0.715461 0.065789 0.126645
10 0.274671 0.715461 0.067434 0.093750
0 0.384868 0.715461 0.078947 0.111842
1 0.495066 0.715461 0.078947 0.097039
12 0.605263 0.715461 0.095395 0.082237
0 0.715461 0.715461 0.077303 0.106908
13 0.054276 0.825658 0.100329 0.095395
12 0.164474 0.825658 0.080592 0.115132
1 0.274671 0.825658 0.078947 0.090461
0 0.384868 0.825658 0.085526 0.101974
8 0.495066 0.825658 0.083882 0.126645
11 0.605263 0.825658 0.078947 0.095395
11 0.715461 0.825658 0.078947 0.095395
13 0.825658 0.825658 0.087171 0.108553
9 0.935855 0.825658 0.078947 0.100329
0 0.054276 0.935855 0.078947 0.111842
5 0.164474 0.935855 0.077303 0.103618
7 0.274671 0.935855 0.077303 0.098684
8 0.384868 0.935855 0.083882 0.126645
1 0.495066 0.935855 0.080592 0.106908
11 0.605263 0.935855 0.078947 0.095395
1 0.715461 0.935855 0.078947 0.097039
4 0.825658 0.935855 0.074013 0.113487
13 0.935855 0.935855 0.062500 0.083882
