8 0.054276 0.060855 0.074013 0.123355
12 0.384868 0.054276 0.083882 0.098684
0 0.495066 0.054276 0.078947 0.090461
11 0.605263 0.054276 0.082237 0.098684
0 0.715461 0.054276 0.085526 0.098684
13 0.825658 0.054276 0.075658 0.095395
9 0.935855 0.054276 0.070724 0.090461
10 0.054276 0.164474 0.074013 0.121711
0 0.495066 0.164474 0.075658 0.098684
4 0.605263 0.164474 0.077303 0.115132
10 0.715461 0.164474 0.070724 0.105263
4 0.825658 0.164474 0.075658 0.133224
4 0.935855 0.164474 0.077303 0.115132
0 0.164474 0.274671 0.075658 0.098684
13 0.274671 0.274671 0.074013 0.085526
8 0.384868 0.274671 0.072368 0.125000
11 0.495066 0.274671 0.078947 0.085526
0 0.605263 0.274671 0.085526 0.098684
12 0.715461 0.274671 0.077303 0.100329
1 0.054276 0.384868 0.078947 0.103618
13 0.164474 0.384868 0.075658 0.095395
4 0.274671 0.384868 0.060855 0.113487
11 0.384868 0.384868 0.082237 0.098684
7 0.495066 0.384868 0.078947 0.085526
10 0.605263 0.384868 0.067434 0.093750
1 0.715461 0.384868 0.083882 0.097039
0 0.825658 0.384868 0.085526 0.098684
8 0.054276 0.495066 0.070724 0.092105
4 0.164474 0.495066 0.078947 0.093750
5 0.274671 0.495066 0.072368 0.105263
11 0.384868 0.495066 0.070724 0.075658
4 0.495066 0.495066 0.075658 0.133224
5 0.605263 0.495066 0.080592 0.101974
13 0.715461 0.495066 0.074013 0.085526
7 0.825658 0.495066 0.085526 0.098684
12 0.054276 0.605263 0.083882 0.093750
11 0.164474 0.605263 0.078947 0.085526
4 0.274671 0.605263 0.077303 0.115132
1 0.384868 0.605263 0.080592 0.097039
1 0.495066 0.605263 0.083882 0.097039
5 0.605263 0.605263 0.080592 0.101974
12 0.715461 0.605263 0.074013 0.097039
4 0.825658 0.605263 0.075658 0.133224
0 0.935855 0.605263 0.077303 0.100329
0 0.054276 0.715461 0.085526 0.101974
5 0.164474 0.715461 0.080592 0.101974
5 0.274671 0.715461 0.072368 0.105263
0 0.384868 0.715461 0.075658 0.098684
0 0.495066 0.715461 0.085526 0.098684
7 0.605263 0.715461 0.085526 0.098684
11 0.715461 0.715461 0.078947 0.095395
1 0.825658 0.715461 0.080592 0.097039
5 0.935855 0.715461 0.077303 0.103618
5 0.054276 0.825658 0.072368 0.105263
1 0.164474 0.825658 0.080592 0.097039
7 0.274671 0.825658 0.067434 0.087171
1 0.384868 0.825658 0.080592 0.097039
11 0.605263 0.825658 0.082237 0.098684
4 0.715461 0.825658 0.075658 0.133224
1 0.825658 0.825658 0.078947 0.106908
10 0.274671 0.935855 0.067434 0.093750
7 0.384868 0.935855 0.077303 0.098684
8 0.495066 0.935855 0.070724 0.092105
9 0.605263 0.935855 0.069079 0.083882
12 0.715461 0.935855 0.083882 0.098684
9 0.825658 0.935855 0.077303 0.103618
