11 0.054276 0.054276 0.077303 0.110197
1 0.164474 0.054276 0.083882 0.097039
0 0.274671 0.054276 0.078947 0.090461
7 0.384868 0.054276 0.077303 0.098684
13 0.825658 0.054276 0.078947 0.090461
0 0.054276 0.164474 0.085526 0.110197
7 0.164474 0.164474 0.085526 0.098684
0 0.274671 0.164474 0.078947 0.101974
8 0.384868 0.164474 0.070724 0.092105
9 0.495066 0.164474 0.062500 0.088816
0 0.605263 0.164474 0.078947 0.090461
12 0.715461 0.164474 0.083882 0.093750
1 0.825658 0.164474 0.083882 0.097039
10 0.935855 0.164474 0.075658 0.103618
4 0.054276 0.274671 0.078947 0.106908
11 0.164474 0.274671 0.083882 0.098684
11 0.384868 0.274671 0.078947 0.095395
0 0.495066 0.274671 0.077303 0.100329
0 0.605263 0.274671 0.075658 0.098684
10 0.825658 0.274671 0.067434 0.093750
4 0.935855 0.274671 0.069079 0.116776
10 0.054276 0.384868 0.072368 0.121711
12 0.164474 0.384868 0.074013 0.095395
5 0.274671 0.384868 0.077303 0.100329
5 0.495066 0.384868 0.074013 0.100329
4 0.605263 0.384868 0.069079 0.116776
7 0.715461 0.384868 0.077303 0.098684
7 0.935855 0.384868 0.077303 0.098684
7 0.054276 0.495066 0.070724 0.090461
1 0.164474 0.495066 0.083882 0.106908
0 0.274671 0.495066 0.075658 0.097039
13 0.384868 0.495066 0.062500 0.083882
4 0.495066 0.495066 0.069079 0.116776
4 0.605263 0.495066 0.075658 0.133224
1 0.715461 0.495066 0.085526 0.106908
11 0.825658 0.495066 0.074013 0.110197
8 0.054276 0.605263 0.085526 0.103618
4 0.164474 0.605263 0.105263 0.092105
1 0.384868 0.605263 0.078947 0.106908
11 0.495066 0.605263 0.077303 0.110197
12 0.715461 0.605263 0.074013 0.095395
7 0.825658 0.605263 0.085526 0.098684
5 0.935855 0.605263 0.077303 0.103618
4 0.164474 0.715461 0.078947 0.106908
5 0.274671 0.715461 0.080592 0.101974
12 0.384868 0.715461 0.074013 0.097039
5 0.495066 0.715461 0.082237 0.108553
0 0.605263 0.715461 0.078947 0.090461
0 0.715461 0.715461 0.078947 0.090461
1 0.825658 0.715461 0.083882 0.106908
10 0.935855 0.715461 0.072368 0.121711
1 0.054276 0.825658 0.083882 0.106908
9 0.164474 0.825658 0.069079 0.092105
9 0.384868 0.825658 0.069079 0.092105
5 0.495066 0.825658 0.074013 0.100329
4 0.715461 0.825658 0.075658 0.133224
13 0.825658 0.825658 0.078947 0.090461
11 0.935855 0.825658 0.074013 0.110197
5 0.054276 0.935855 0.077303 0.100329
13 0.274671 0.935855 0.088816 0.098684
11 0.384868 0.935855 0.070724 0.075658
8 0.495066 0.935855 0.072368 0.125000
4 0.605263 0.935855 0.069079 0.116776
12 0.715461 0.935855 0.083882 0.093750
8 0.825658 0.935855 0.072368 0.095395
0 0.935855 0.935855 0.078947 0.090461
