11 0.164474 0.054276 0.078947 0.095395
0 0.274671 0.054276 0.078947 0.101974
11 0.384868 0.054276 0.078947 0.095395
9 0.495066 0.054276 0.070724 0.082237
1 0.605263 0.054276 0.083882 0.106908
9 0.715461 0.054276 0.070724 0.082237
7 0.935855 0.054276 0.083882 0.072368
7 0.164474 0.164474 0.070724 0.093750
11 0.274671 0.164474 0.087171 0.106908
10 0.384868 0.164474 0.067434 0.090461
5 0.495066 0.164474 0.077303 0.100329
8 0.715461 0.164474 0.085526 0.103618
4 0.825658 0.164474 0.072368 0.116776
0 0.054276 0.274671 0.078947 0.111842
4 0.164474 0.274671 0.105263 0.092105
0 0.495066 0.274671 0.078947 0.111842
4 0.605263 0.274671 0.072368 0.116776
11 0.715461 0.274671 0.074013 0.110197
0 0.825658 0.274671 0.085526 0.110197
12 0.935855 0.274671 0.083882 0.087171
1 0.054276 0.384868 0.080592 0.106908
10 0.164474 0.384868 0.065789 0.126645
13 0.384868 0.384868 0.080592 0.100329
11 0.495066 0.384868 0.087171 0.106908
12 0.715461 0.384868 0.101974 0.085526
0 0.935855 0.384868 0.078947 0.111842
13 0.054276 0.495066 0.075658 0.090461
11 0.164474 0.495066 0.087171 0.106908
12 0.274671 0.495066 0.101974 0.085526
0 0.384868 0.495066 0.078947 0.090461
5 0.605263 0.495066 0.077303 0.100329
9 0.715461 0.495066 0.077303 0.103618
13 0.825658 0.495066 0.100329 0.077303
13 0.935855 0.495066 0.075658 0.090461
0 0.054276 0.605263 0.085526 0.110197
5 0.164474 0.605263 0.082237 0.108553
4 0.274671 0.605263 0.105263 0.092105
7 0.384868 0.605263 0.083882 0.072368
1 0.495066 0.605263 0.083882 0.106908
10 0.605263 0.605263 0.075658 0.103618
12 0.715461 0.605263 0.101974 0.085526
4 0.825658 0.605263 0.067434 0.120066
4 0.935855 0.605263 0.067434 0.120066
7 0.164474 0.715461 0.083882 0.072368
5 0.274671 0.715461 0.077303 0.103618
1 0.384868 0.715461 0.085526 0.106908
1 0.495066 0.715461 0.078947 0.103618
0 0.605263 0.715461 0.078947 0.101974
0 0.715461 0.715461 0.100329 0.087171
8 0.825658 0.715461 0.101974 0.106908
9 0.935855 0.715461 0.070724 0.082237
8 0.054276 0.825658 0.077303 0.121711
7 0.164474 0.825658 0.070724 0.093750
1 0.274671 0.825658 0.083882 0.106908
8 0.384868 0.825658 0.067434 0.121711
7 0.495066 0.825658 0.070724 0.093750
10 0.715461 0.825658 0.075658 0.103618
5 0.825658 0.825658 0.077303 0.100329
0 0.935855 0.825658 0.078947 0.101974
1 0.054276 0.935855 0.083882 0.106908
4 0.164474 0.935855 0.085526 0.095395
5 0.384868 0.935855 0.077303 0.100329
4 0.495066 0.935855 0.077303 0.115132
5 0.605263 0.935855 0.080592 0.095395
11 0.825658 0.935855 0.078947 0.095395
12 0.935855 0.935855 0.101974 0.085526
