1 0.054276 0.054276 0.087171 0.105263
11 0.164474 0.054276 0.082237 0.100329
10 0.274671 0.060855 0.074013 0.121711
7 0.384868 0.054276 0.090461 0.085526
0 0.495066 0.057566 0.087171 0.116776
1 0.605263 0.054276 0.092105 0.098684
4 0.715461 0.055921 0.088816 0.113487
11 0.825658 0.054276 0.092105 0.103618
11 0.935855 0.054276 0.075658 0.080592
9 0.054276 0.164474 0.085526 0.077303
5 0.274671 0.164474 0.080592 0.095395
0 0.384868 0.164474 0.078947 0.101974
13 0.495066 0.164474 0.080592 0.100329
0 0.605263 0.164474 0.087171 0.116776
4 0.715461 0.164474 0.088816 0.113487
12 0.825658 0.164474 0.088816 0.090461
5 0.054276 0.274671 0.074013 0.101974
0 0.164474 0.274671 0.078947 0.101974
12 0.274671 0.274671 0.092105 0.098684
10 0.384868 0.274671 0.070724 0.129934
10 0.495066 0.274671 0.074013 0.121711
13 0.605263 0.274671 0.080592 0.100329
8 0.825658 0.274671 0.097039 0.105263
1 0.935855 0.274671 0.083882 0.106908
7 0.274671 0.384868 0.090461 0.085526
7 0.384868 0.384868 0.075658 0.101974
8 0.495066 0.384868 0.078947 0.120066
9 0.605263 0.384868 0.085526 0.077303
1 0.715461 0.384868 0.092105 0.098684
1 0.825658 0.384868 0.087171 0.105263
1 0.935855 0.384868 0.087171 0.105263
11 0.054276 0.495066 0.075658 0.080592
10 0.164474 0.495066 0.070724 0.129934
8 0.274671 0.495066 0.078947 0.120066
12 0.605263 0.495066 0.080592 0.115132
4 0.825658 0.495066 0.105263 0.092105
0 0.054276 0.605263 0.087171 0.116776
4 0.164474 0.605263 0.105263 0.092105
11 0.274671 0.605263 0.083882 0.098684
5 0.384868 0.605263 0.074013 0.101974
0 0.495066 0.605263 0.087171 0.116776
4 0.605263 0.605263 0.062500 0.101974
7 0.825658 0.605263 0.090461 0.085526
0 0.935855 0.605263 0.087171 0.116776
7 0.054276 0.715461 0.075658 0.101974
12 0.274671 0.715461 0.092105 0.098684
0 0.384868 0.715461 0.087171 0.116776
0 0.495066 0.715461 0.087171 0.116776
8 0.605263 0.715461 0.078947 0.120066
5 0.935855 0.715461 0.082237 0.108553
13 0.054276 0.825658 0.080592 0.100329
5 0.164474 0.825658 0.074013 0.101974
13 0.274671 0.825658 0.082237 0.095395
4 0.384868 0.825658 0.088816 0.113487
4 0.605263 0.825658 0.105263 0.092105
12 0.715461 0.825658 0.088816 0.090461
5 0.825658 0.825658 0.074013 0.101974
11 0.935855 0.825658 0.092105 0.103618
4 0.054276 0.935855 0.062500 0.101974
1 0.274671 0.935855 0.092105 0.098684
11 0.384868 0.935855 0.075658 0.080592
7 0.495066 0.935855 0.069079 0.090461
0 0.605263 0.935855 0.088816 0.106908
1 0.715461 0.935855 0.087171 0.105263
9 0.825658 0.935855 0.085526 0.077303
5 0.935855 0.935855 0.080592 0.095395
