7 0.054276 0.054276 0.069079 0.090461
10 0.164474 0.054276 0.064145 0.103618
7 0.274671 0.054276 0.069079 0.090461
4 0.495066 0.067434 0.074013 0.134868
11 0.605263 0.054276 0.082237 0.100329
8 0.715461 0.054276 0.070724 0.092105
9 0.825658 0.054276 0.070724 0.090461
12 0.054276 0.164474 0.069079 0.088816
11 0.164474 0.164474 0.075658 0.080592
5 0.274671 0.164474 0.080592 0.095395
0 0.384868 0.164474 0.077303 0.098684
11 0.495066 0.164474 0.078947 0.085526
10 0.715461 0.164474 0.074013 0.121711
10 0.935855 0.164474 0.064145 0.103618
0 0.054276 0.274671 0.077303 0.092105
4 0.164474 0.274671 0.088816 0.113487
7 0.274671 0.274671 0.062500 0.093750
10 0.384868 0.274671 0.074013 0.106908
0 0.495066 0.274671 0.077303 0.098684
4 0.605263 0.274671 0.062500 0.101974
4 0.715461 0.274671 0.088816 0.113487
11 0.825658 0.274671 0.080592 0.098684
13 0.935855 0.274671 0.075658 0.105263
1 0.054276 0.384868 0.075658 0.103618
4 0.164474 0.384868 0.062500 0.101974
12 0.274671 0.384868 0.088816 0.090461
1 0.384868 0.384868 0.078947 0.106908
1 0.495066 0.384868 0.087171 0.105263
12 0.605263 0.384868 0.069079 0.088816
8 0.715461 0.384868 0.097039 0.105263
13 0.935855 0.384868 0.082237 0.095395
5 0.164474 0.495066 0.074013 0.101974
1 0.274671 0.495066 0.080592 0.108553
5 0.384868 0.495066 0.080592 0.097039
7 0.605263 0.495066 0.069079 0.090461
0 0.715461 0.495066 0.075658 0.098684
13 0.825658 0.495066 0.075658 0.105263
11 0.935855 0.495066 0.080592 0.098684
11 0.054276 0.605263 0.082237 0.100329
5 0.164474 0.605263 0.080592 0.101974
12 0.274671 0.605263 0.088816 0.090461
1 0.384868 0.605263 0.092105 0.098684
0 0.605263 0.605263 0.088816 0.106908
9 0.715461 0.605263 0.085526 0.077303
9 0.935855 0.605263 0.070724 0.092105
5 0.054276 0.715461 0.080592 0.101974
1 0.164474 0.715461 0.080592 0.108553
0 0.384868 0.715461 0.075658 0.098684
11 0.715461 0.715461 0.080592 0.098684
0 0.825658 0.715461 0.087171 0.116776
8 0.935855 0.715461 0.072368 0.100329
1 0.054276 0.825658 0.087171 0.105263
4 0.164474 0.825658 0.062500 0.101974
5 0.274671 0.825658 0.080592 0.101974
12 0.384868 0.825658 0.083882 0.093750
0 0.605263 0.825658 0.075658 0.098684
13 0.715461 0.825658 0.080592 0.100329
0 0.054276 0.935855 0.077303 0.098684
5 0.164474 0.935855 0.080592 0.101974
8 0.274671 0.935855 0.078947 0.120066
7 0.384868 0.935855 0.082237 0.103618
9 0.495066 0.935855 0.085526 0.077303
0 0.605263 0.935855 0.078947 0.115132
4 0.715461 0.930921 0.075658 0.133224
4 0.825658 0.935855 0.074013 0.113487
1 0.935855 0.935855 0.074013 0.103618
