11 0.054276 0.054276 0.087171 0.106908
12 0.164474 0.054276 0.074013 0.095395
8 0.274671 0.060855 0.074013 0.123355
9 0.384868 0.054276 0.070724 0.090461
0 0.495066 0.054276 0.075658 0.098684
7 0.715461 0.054276 0.075658 0.105263
7 0.825658 0.054276 0.067434 0.087171
9 0.935855 0.054276 0.070724 0.090461
8 0.054276 0.164474 0.074013 0.123355
12 0.164474 0.164474 0.077303 0.110197
10 0.274671 0.164474 0.069079 0.093750
8 0.384868 0.164474 0.072368 0.110197
13 0.495066 0.164474 0.077303 0.095395
4 0.605263 0.164474 0.075658 0.133224
0 0.825658 0.164474 0.074013 0.106908
11 0.935855 0.164474 0.078947 0.085526
1 0.054276 0.274671 0.080592 0.097039
13 0.274671 0.274671 0.075658 0.095395
10 0.384868 0.274671 0.067434 0.110197
5 0.605263 0.274671 0.077303 0.098684
5 0.715461 0.274671 0.077303 0.098684
11 0.825658 0.274671 0.082237 0.098684
10 0.935855 0.274671 0.067434 0.110197
4 0.054276 0.384868 0.067434 0.120066
13 0.164474 0.384868 0.075658 0.095395
7 0.495066 0.384868 0.069079 0.101974
11 0.605263 0.384868 0.087171 0.097039
13 0.715461 0.384868 0.077303 0.095395
11 0.825658 0.384868 0.082237 0.098684
7 0.935855 0.384868 0.085526 0.098684
12 0.054276 0.495066 0.083882 0.093750
7 0.164474 0.495066 0.075658 0.105263
11 0.274671 0.495066 0.087171 0.097039
1 0.384868 0.495066 0.085526 0.106908
1 0.495066 0.495066 0.080592 0.097039
9 0.825658 0.495066 0.078947 0.100329
11 0.935855 0.495066 0.087171 0.106908
9 0.054276 0.605263 0.070724 0.090461
5 0.164474 0.605263 0.077303 0.100329
0 0.274671 0.605263 0.075658 0.098684
0 0.605263 0.605263 0.078947 0.111842
10 0.715461 0.605263 0.069079 0.093750
4 0.825658 0.605263 0.065789 0.100329
4 0.935855 0.605263 0.072368 0.116776
12 0.054276 0.715461 0.075658 0.090461
1 0.164474 0.715461 0.080592 0.106908
0 0.274671 0.715461 0.074013 0.106908
12 0.384868 0.715461 0.077303 0.110197
0 0.495066 0.715461 0.085526 0.098684
4 0.715461 0.715461 0.078947 0.093750
5 0.825658 0.715461 0.077303 0.098684
0 0.935855 0.715461 0.075658 0.098684
4 0.164474 0.825658 0.067434 0.120066
0 0.274671 0.825658 0.074013 0.106908
4 0.384868 0.825658 0.078947 0.093750
5 0.495066 0.825658 0.080592 0.101974
0 0.605263 0.825658 0.085526 0.110197
5 0.825658 0.825658 0.077303 0.100329
5 0.935855 0.825658 0.075658 0.097039
1 0.164474 0.935855 0.080592 0.106908
0 0.274671 0.935855 0.075658 0.098684
7 0.495066 0.935855 0.075658 0.105263
1 0.605263 0.935855 0.088816 0.106908
1 0.715461 0.935855 0.085526 0.106908
4 0.825658 0.935855 0.065789 0.100329
8 0.935855 0.935855 0.070724 0.092105
