1 0.054276 0.054276 0.085526 0.106908
7 0.164474 0.054276 0.069079 0.101974
7 0.274671 0.054276 0.077303 0.098684
10 0.715461 0.054276 0.070724 0.110197
11 0.935855 0.054276 0.074013 0.110197
4 0.054276 0.164474 0.072368 0.116776
11 0.164474 0.164474 0.074013 0.110197
11 0.274671 0.164474 0.078947 0.095395
13 0.384868 0.164474 0.078947 0.106908
5 0.605263 0.164474 0.077303 0.103618
0 0.715461 0.164474 0.077303 0.106908
5 0.935855 0.164474 0.077303 0.100329
5 0.054276 0.274671 0.077303 0.100329
4 0.164474 0.274671 0.077303 0.115132
7 0.274671 0.274671 0.077303 0.095395
10 0.495066 0.274671 0.067434 0.106908
11 0.605263 0.274671 0.080592 0.101974
4 0.715461 0.274671 0.077303 0.115132
1 0.825658 0.274671 0.078947 0.103618
0 0.935855 0.274671 0.085526 0.110197
5 0.054276 0.384868 0.077303 0.100329
12 0.164474 0.384868 0.074013 0.095395
0 0.274671 0.384868 0.088816 0.110197
0 0.384868 0.384868 0.088816 0.110197
4 0.605263 0.384868 0.072368 0.116776
7 0.715461 0.384868 0.078947 0.103618
8 0.825658 0.384868 0.067434 0.121711
11 0.935855 0.384868 0.074013 0.110197
12 0.054276 0.495066 0.074013 0.095395
13 0.164474 0.495066 0.078947 0.106908
0 0.384868 0.495066 0.088816 0.110197
1 0.495066 0.495066 0.083882 0.106908
0 0.605263 0.495066 0.085526 0.110197
8 0.715461 0.495066 0.075658 0.111842
7 0.825658 0.495066 0.069079 0.101974
4 0.935855 0.495066 0.105263 0.092105
13 0.164474 0.605263 0.087171 0.108553
12 0.274671 0.605263 0.074013 0.097039
10 0.495066 0.605263 0.067434 0.106908
1 0.605263 0.605263 0.083882 0.106908
0 0.715461 0.605263 0.085526 0.110197
1 0.825658 0.605263 0.085526 0.106908
9 0.935855 0.605263 0.093750 0.087171
12 0.054276 0.715461 0.075658 0.095395
8 0.164474 0.715461 0.067434 0.121711
0 0.274671 0.715461 0.077303 0.106908
11 0.384868 0.715461 0.074013 0.110197
10 0.495066 0.715461 0.067434 0.093750
0 0.605263 0.715461 0.088816 0.110197
8 0.715461 0.715461 0.085526 0.103618
12 0.825658 0.715461 0.074013 0.095395
9 0.054276 0.825658 0.069079 0.092105
13 0.164474 0.825658 0.062500 0.083882
5 0.274671 0.825658 0.082237 0.097039
5 0.384868 0.825658 0.077303 0.100329
9 0.715461 0.825658 0.069079 0.092105
4 0.825658 0.825658 0.072368 0.116776
1 0.935855 0.825658 0.085526 0.106908
5 0.054276 0.935855 0.077303 0.100329
4 0.164474 0.935855 0.074013 0.115132
11 0.274671 0.935855 0.074013 0.110197
1 0.384868 0.935855 0.078947 0.103618
1 0.495066 0.935855 0.083882 0.106908
4 0.605263 0.935855 0.072368 0.116776
0 0.715461 0.935855 0.085526 0.110197
9 0.825658 0.935855 0.077303 0.103618
