1 0.164474 0.054276 0.074013 0.103618
8 0.274671 0.055921 0.075658 0.111842
1 0.384868 0.054276 0.074013 0.103618
0 0.495066 0.054276 0.078947 0.101974
0 0.605263 0.054276 0.085526 0.098684
5 0.715461 0.054276 0.082237 0.097039
7 0.825658 0.054276 0.077303 0.095395
13 0.164474 0.164474 0.080592 0.100329
12 0.274671 0.164474 0.083882 0.098684
12 0.384868 0.164474 0.083882 0.098684
8 0.495066 0.164474 0.083882 0.126645
8 0.715461 0.164474 0.074013 0.123355
5 0.825658 0.164474 0.083882 0.105263
10 0.054276 0.274671 0.070724 0.129934
4 0.164474 0.274671 0.105263 0.092105
11 0.274671 0.274671 0.092105 0.103618
4 0.384868 0.274671 0.078947 0.093750
1 0.495066 0.274671 0.074013 0.103618
13 0.605263 0.274671 0.080592 0.100329
1 0.715461 0.274671 0.078947 0.090461
5 0.825658 0.274671 0.075658 0.097039
5 0.935855 0.274671 0.075658 0.097039
1 0.054276 0.384868 0.080592 0.097039
10 0.164474 0.384868 0.069079 0.093750
7 0.495066 0.384868 0.069079 0.090461
13 0.715461 0.384868 0.082237 0.095395
12 0.825658 0.384868 0.083882 0.087171
7 0.054276 0.495066 0.067434 0.087171
9 0.164474 0.495066 0.093750 0.087171
0 0.384868 0.495066 0.077303 0.098684
0 0.495066 0.495066 0.077303 0.098684
12 0.605263 0.495066 0.080592 0.115132
0 0.715461 0.495066 0.077303 0.098684
9 0.825658 0.495066 0.080592 0.105263
11 0.935855 0.495066 0.083882 0.098684
4 0.054276 0.605263 0.074013 0.134868
11 0.164474 0.605263 0.080592 0.101974
0 0.274671 0.605263 0.078947 0.101974
13 0.384868 0.605263 0.087171 0.108553
10 0.495066 0.605263 0.069079 0.093750
4 0.605263 0.605263 0.074013 0.113487
4 0.715461 0.605263 0.074013 0.134868
11 0.825658 0.605263 0.083882 0.098684
5 0.935855 0.605263 0.082237 0.097039
4 0.054276 0.715461 0.074013 0.113487
7 0.274671 0.715461 0.067434 0.087171
12 0.384868 0.715461 0.078947 0.095395
5 0.495066 0.715461 0.083882 0.105263
0 0.605263 0.715461 0.085526 0.098684
11 0.715461 0.715461 0.082237 0.098684
0 0.825658 0.715461 0.077303 0.098684
0 0.054276 0.825658 0.085526 0.098684
1 0.164474 0.825658 0.080592 0.097039
0 0.274671 0.825658 0.077303 0.098684
9 0.384868 0.825658 0.080592 0.105263
11 0.495066 0.825658 0.092105 0.103618
4 0.605263 0.825658 0.074013 0.134868
11 0.715461 0.825658 0.080592 0.090461
7 0.825658 0.825658 0.067434 0.087171
4 0.935855 0.825658 0.105263 0.092105
1 0.054276 0.935855 0.078947 0.090461
7 0.274671 0.935855 0.082237 0.103618
10 0.384868 0.935855 0.069079 0.093750
8 0.495066 0.935855 0.083882 0.126645
1 0.825658 0.935855 0.080592 0.108553
5 0.935855 0.935855 0.075658 0.097039
