8 0.054276 0.059211 0.078947 0.120066
4 0.164474 0.054276 0.065789 0.100329
9 0.274671 0.054276 0.069079 0.092105
4 0.384868 0.057566 0.074013 0.115132
11 0.495066 0.054276 0.074013 0.110197
7 0.605263 0.054276 0.078947 0.103618
5 0.715461 0.054276 0.080592 0.097039
4 0.825658 0.055921 0.088816 0.113487
12 0.935855 0.054276 0.092105 0.098684
1 0.054276 0.164474 0.087171 0.105263
5 0.274671 0.164474 0.074013 0.101974
8 0.384868 0.164474 0.077303 0.118421
4 0.495066 0.164474 0.074013 0.115132
0 0.605263 0.164474 0.077303 0.098684
8 0.715461 0.164474 0.074013 0.097039
0 0.825658 0.164474 0.077303 0.098684
0 0.164474 0.274671 0.087171 0.116776
13 0.384868 0.274671 0.080592 0.100329
10 0.605263 0.274671 0.077303 0.106908
5 0.715461 0.274671 0.077303 0.098684
1 0.825658 0.274671 0.077303 0.093750
11 0.935855 0.274671 0.082237 0.100329
8 0.054276 0.384868 0.074013 0.097039
13 0.384868 0.384868 0.080592 0.100329
0 0.495066 0.384868 0.074013 0.106908
0 0.715461 0.384868 0.088816 0.110197
1 0.825658 0.384868 0.088816 0.106908
11 0.935855 0.384868 0.074013 0.110197
5 0.054276 0.495066 0.074013 0.101974
10 0.164474 0.495066 0.074013 0.121711
1 0.274671 0.495066 0.087171 0.105263
5 0.384868 0.495066 0.074013 0.101974
11 0.495066 0.495066 0.080592 0.090461
7 0.605263 0.495066 0.090461 0.085526
4 0.715461 0.495066 0.074013 0.134868
0 0.825658 0.495066 0.085526 0.110197
0 0.054276 0.605263 0.087171 0.116776
0 0.164474 0.605263 0.088816 0.110197
9 0.274671 0.605263 0.069079 0.092105
10 0.384868 0.605263 0.074013 0.121711
12 0.495066 0.605263 0.075658 0.090461
4 0.054276 0.715461 0.072368 0.116776
7 0.164474 0.715461 0.069079 0.101974
1 0.274671 0.715461 0.087171 0.105263
4 0.384868 0.715461 0.088816 0.113487
5 0.495066 0.715461 0.080592 0.097039
11 0.605263 0.715461 0.075658 0.080592
7 0.715461 0.715461 0.075658 0.105263
7 0.825658 0.715461 0.090461 0.085526
13 0.935855 0.715461 0.075658 0.088816
10 0.054276 0.825658 0.077303 0.106908
0 0.274671 0.825658 0.087171 0.116776
9 0.384868 0.825658 0.085526 0.077303
1 0.495066 0.825658 0.087171 0.105263
11 0.605263 0.825658 0.087171 0.097039
13 0.715461 0.825658 0.075658 0.088816
12 0.825658 0.825658 0.092105 0.098684
11 0.935855 0.825658 0.074013 0.110197
1 0.054276 0.935855 0.087171 0.105263
4 0.164474 0.935855 0.072368 0.116776
1 0.384868 0.935855 0.077303 0.093750
0 0.495066 0.935855 0.087171 0.116776
12 0.605263 0.935855 0.092105 0.098684
12 0.715461 0.935855 0.078947 0.095395
1 0.825658 0.935855 0.087171 0.105263
5 0.935855 0.935855 0.077303 0.100329
