7 0.054276 0.054276 0.078947 0.085526
4 0.164474 0.067434 0.075658 0.133224
11 0.495066 0.054276 0.078947 0.095395
11 0.605263 0.054276 0.078947 0.095395
7 0.715461 0.054276 0.075658 0.101974
4 0.825658 0.067434 0.075658 0.133224
4 0.935855 0.054276 0.062500 0.101974
8 0.164474 0.164474 0.072368 0.125000
4 0.274671 0.164474 0.077303 0.115132
13 0.384868 0.164474 0.087171 0.108553
0 0.605263 0.164474 0.077303 0.106908
4 0.715461 0.164474 0.072368 0.123355
10 0.935855 0.164474 0.069079 0.111842
0 0.054276 0.274671 0.078947 0.090461
1 0.164474 0.274671 0.083882 0.097039
11 0.274671 0.274671 0.070724 0.075658
5 0.384868 0.274671 0.074013 0.100329
1 0.495066 0.274671 0.078947 0.103618
0 0.605263 0.274671 0.077303 0.100329
1 0.825658 0.274671 0.092105 0.098684
5 0.935855 0.274671 0.077303 0.103618
1 0.054276 0.384868 0.078947 0.103618
12 0.164474 0.384868 0.078947 0.095395
9 0.274671 0.384868 0.070724 0.090461
0 0.384868 0.384868 0.077303 0.106908
13 0.605263 0.384868 0.074013 0.085526
10 0.715461 0.384868 0.072368 0.121711
9 0.825658 0.384868 0.070724 0.090461
4 0.935855 0.384868 0.077303 0.115132
4 0.274671 0.495066 0.077303 0.115132
1 0.384868 0.495066 0.083882 0.097039
9 0.495066 0.495066 0.070724 0.092105
1 0.605263 0.495066 0.078947 0.103618
11 0.715461 0.495066 0.078947 0.095395
10 0.825658 0.495066 0.069079 0.111842
11 0.935855 0.495066 0.082237 0.100329
5 0.054276 0.605263 0.080592 0.101974
12 0.164474 0.605263 0.074013 0.097039
0 0.384868 0.605263 0.077303 0.100329
5 0.605263 0.605263 0.080592 0.095395
1 0.715461 0.605263 0.078947 0.103618
5 0.825658 0.605263 0.074013 0.100329
0 0.935855 0.605263 0.077303 0.100329
12 0.054276 0.715461 0.083882 0.093750
10 0.164474 0.715461 0.067434 0.106908
1 0.274671 0.715461 0.078947 0.106908
0 0.495066 0.715461 0.075658 0.098684
13 0.605263 0.715461 0.062500 0.083882
5 0.715461 0.715461 0.074013 0.100329
13 0.825658 0.715461 0.074013 0.085526
11 0.935855 0.715461 0.070724 0.075658
7 0.054276 0.825658 0.077303 0.098684
11 0.164474 0.825658 0.078947 0.085526
4 0.274671 0.825658 0.062500 0.101974
8 0.384868 0.825658 0.070724 0.092105
8 0.495066 0.825658 0.097039 0.105263
12 0.605263 0.825658 0.077303 0.100329
0 0.715461 0.825658 0.078947 0.090461
7 0.825658 0.825658 0.078947 0.085526
8 0.054276 0.935855 0.067434 0.121711
0 0.164474 0.935855 0.078947 0.090461
4 0.274671 0.935855 0.072368 0.123355
0 0.495066 0.935855 0.077303 0.106908
12 0.715461 0.935855 0.077303 0.100329
7 0.825658 0.935855 0.085526 0.098684
5 0.935855 0.935855 0.082237 0.097039
