10 0.164474 0.054276 0.064145 0.103618
8 0.384868 0.060855 0.067434 0.121711
11 0.495066 0.054276 0.078947 0.085526
1 0.605263 0.054276 0.078947 0.106908
11 0.715461 0.054276 0.082237 0.100329
12 0.825658 0.054276 0.074013 0.097039
4 0.274671 0.164474 0.062500 0.101974
5 0.384868 0.164474 0.080592 0.101974
4 0.495066 0.164474 0.074013 0.115132
1 0.605263 0.164474 0.078947 0.106908
7 0.715461 0.164474 0.078947 0.103618
10 0.825658 0.164474 0.067434 0.093750
4 0.935855 0.164474 0.062500 0.101974
8 0.054276 0.274671 0.097039 0.105263
8 0.164474 0.274671 0.097039 0.105263
5 0.274671 0.274671 0.077303 0.098684
1 0.384868 0.274671 0.078947 0.106908
0 0.495066 0.274671 0.075658 0.098684
11 0.605263 0.274671 0.082237 0.100329
12 0.825658 0.274671 0.074013 0.097039
0 0.935855 0.274671 0.088816 0.110197
5 0.054276 0.384868 0.077303 0.098684
4 0.164474 0.384868 0.077303 0.115132
1 0.274671 0.384868 0.092105 0.098684
0 0.384868 0.384868 0.088816 0.106908
8 0.495066 0.384868 0.077303 0.118421
4 0.605263 0.384868 0.072368 0.116776
4 0.715461 0.384868 0.075658 0.133224
0 0.825658 0.384868 0.088816 0.110197
4 0.935855 0.384868 0.074013 0.115132
1 0.164474 0.495066 0.092105 0.098684
0 0.274671 0.495066 0.088816 0.106908
12 0.384868 0.495066 0.083882 0.093750
7 0.495066 0.495066 0.075658 0.101974
11 0.605263 0.495066 0.082237 0.100329
9 0.715461 0.495066 0.070724 0.090461
7 0.825658 0.495066 0.075658 0.101974
11 0.935855 0.495066 0.080592 0.090461
0 0.054276 0.605263 0.088816 0.110197
13 0.164474 0.605263 0.080592 0.101974
5 0.384868 0.605263 0.077303 0.100329
13 0.495066 0.605263 0.074013 0.085526
5 0.605263 0.605263 0.077303 0.098684
0 0.715461 0.605263 0.088816 0.106908
0 0.825658 0.605263 0.088816 0.110197
10 0.935855 0.605263 0.064145 0.103618
10 0.054276 0.715461 0.077303 0.106908
1 0.164474 0.715461 0.092105 0.098684
12 0.274671 0.715461 0.074013 0.095395
0 0.384868 0.715461 0.075658 0.098684
5 0.605263 0.715461 0.077303 0.103618
11 0.715461 0.715461 0.082237 0.100329
13 0.935855 0.715461 0.062500 0.083882
5 0.274671 0.825658 0.080592 0.101974
1 0.384868 0.825658 0.078947 0.106908
1 0.495066 0.825658 0.078947 0.106908
13 0.605263 0.825658 0.075658 0.088816
11 0.715461 0.825658 0.080592 0.090461
7 0.825658 0.825658 0.078947 0.103618
7 0.164474 0.935855 0.078947 0.103618
9 0.274671 0.935855 0.077303 0.103618
0 0.384868 0.935855 0.085526 0.110197
9 0.495066 0.935855 0.069079 0.092105
4 0.715461 0.935855 0.077303 0.115132
7 0.825658 0.935855 0.082237 0.103618
12 0.935855 0.935855 0.083882 0.093750
