1 0.054276 0.054276 0.080592 0.106908
10 0.164474 0.062500 0.065789 0.126645
4 0.274671 0.059211 0.067434 0.120066
11 0.384868 0.054276 0.087171 0.106908
4 0.495066 0.059211 0.067434 0.120066
12 0.605263 0.054276 0.092105 0.098684
10 0.825658 0.062500 0.065789 0.126645
9 0.054276 0.164474 0.085526 0.077303
1 0.164474 0.164474 0.083882 0.097039
0 0.274671 0.164474 0.078947 0.115132
12 0.384868 0.164474 0.077303 0.100329
1 0.495066 0.164474 0.087171 0.105263
1 0.605263 0.164474 0.080592 0.106908
13 0.715461 0.164474 0.080592 0.100329
1 0.825658 0.164474 0.080592 0.106908
8 0.935855 0.164474 0.072368 0.100329
9 0.054276 0.274671 0.078947 0.100329
12 0.274671 0.274671 0.077303 0.100329
4 0.384868 0.274671 0.067434 0.120066
12 0.605263 0.274671 0.077303 0.100329
4 0.825658 0.274671 0.082237 0.105263
5 0.935855 0.274671 0.083882 0.105263
0 0.054276 0.384868 0.087171 0.116776
13 0.274671 0.384868 0.075658 0.090461
7 0.384868 0.384868 0.069079 0.090461
12 0.495066 0.384868 0.077303 0.110197
0 0.605263 0.384868 0.078947 0.111842
4 0.715461 0.384868 0.088816 0.113487
7 0.825658 0.384868 0.062500 0.093750
4 0.935855 0.384868 0.074013 0.113487
5 0.054276 0.495066 0.083882 0.105263
5 0.164474 0.495066 0.083882 0.105263
0 0.274671 0.495066 0.078947 0.115132
5 0.495066 0.495066 0.074013 0.100329
5 0.605263 0.495066 0.083882 0.105263
7 0.715461 0.495066 0.070724 0.093750
7 0.935855 0.495066 0.069079 0.090461
7 0.054276 0.605263 0.090461 0.085526
0 0.164474 0.605263 0.078947 0.115132
5 0.495066 0.605263 0.082237 0.108553
11 0.715461 0.605263 0.092105 0.103618
11 0.825658 0.605263 0.087171 0.106908
0 0.935855 0.605263 0.078947 0.111842
4 0.054276 0.715461 0.067434 0.120066
13 0.164474 0.715461 0.078947 0.090461
0 0.274671 0.715461 0.087171 0.116776
10 0.384868 0.715461 0.072368 0.121711
8 0.495066 0.715461 0.072368 0.100329
11 0.605263 0.715461 0.087171 0.106908
1 0.715461 0.715461 0.080592 0.106908
0 0.935855 0.715461 0.078947 0.111842
7 0.054276 0.825658 0.062500 0.093750
5 0.164474 0.825658 0.077303 0.100329
0 0.274671 0.825658 0.078947 0.115132
13 0.384868 0.825658 0.075658 0.090461
11 0.495066 0.825658 0.087171 0.106908
8 0.605263 0.825658 0.072368 0.100329
1 0.715461 0.825658 0.075658 0.103618
1 0.825658 0.825658 0.087171 0.105263
0 0.054276 0.935855 0.078947 0.111842
11 0.274671 0.935855 0.075658 0.080592
4 0.384868 0.935855 0.074013 0.113487
8 0.495066 0.935855 0.078947 0.120066
10 0.605263 0.935855 0.065789 0.126645
9 0.825658 0.935855 0.077303 0.100329
11 0.935855 0.935855 0.075658 0.080592
