7 0.054276 0.054276 0.069079 0.090461
10 0.384868 0.064145 0.070724 0.129934
5 0.495066 0.054276 0.083882 0.105263
11 0.605263 0.054276 0.092105 0.103618
11 0.825658 0.054276 0.092105 0.103618
7 0.935855 0.054276 0.078947 0.103618
5 0.164474 0.164474 0.082237 0.097039
7 0.274671 0.164474 0.062500 0.093750
8 0.384868 0.164474 0.077303 0.118421
0 0.495066 0.164474 0.078947 0.115132
0 0.715461 0.164474 0.078947 0.115132
1 0.825658 0.164474 0.075658 0.103618
13 0.935855 0.164474 0.077303 0.095395
5 0.054276 0.274671 0.083882 0.105263
8 0.164474 0.274671 0.077303 0.118421
11 0.274671 0.274671 0.087171 0.097039
5 0.384868 0.274671 0.082237 0.097039
10 0.605263 0.274671 0.067434 0.110197
1 0.715461 0.274671 0.075658 0.103618
4 0.825658 0.274671 0.074013 0.113487
12 0.935855 0.274671 0.069079 0.088816
4 0.274671 0.384868 0.072368 0.123355
4 0.384868 0.384868 0.065789 0.100329
9 0.495066 0.384868 0.077303 0.100329
8 0.605263 0.384868 0.083882 0.126645
7 0.715461 0.384868 0.078947 0.103618
10 0.825658 0.384868 0.067434 0.110197
1 0.054276 0.495066 0.080592 0.108553
12 0.164474 0.495066 0.080592 0.115132
7 0.274671 0.495066 0.069079 0.090461
1 0.384868 0.495066 0.075658 0.103618
12 0.495066 0.495066 0.069079 0.088816
0 0.605263 0.495066 0.077303 0.092105
9 0.715461 0.495066 0.082237 0.088816
11 0.825658 0.495066 0.092105 0.103618
0 0.935855 0.495066 0.077303 0.092105
1 0.054276 0.605263 0.075658 0.103618
1 0.164474 0.605263 0.075658 0.103618
13 0.274671 0.605263 0.082237 0.095395
1 0.384868 0.605263 0.080592 0.108553
0 0.495066 0.605263 0.088816 0.110197
0 0.605263 0.605263 0.078947 0.115132
5 0.715461 0.605263 0.077303 0.098684
9 0.935855 0.605263 0.072368 0.087171
11 0.054276 0.715461 0.087171 0.097039
8 0.164474 0.715461 0.077303 0.118421
12 0.274671 0.715461 0.078947 0.095395
13 0.384868 0.715461 0.082237 0.095395
0 0.605263 0.715461 0.077303 0.106908
12 0.825658 0.715461 0.069079 0.088816
5 0.935855 0.715461 0.083882 0.105263
0 0.054276 0.825658 0.077303 0.092105
4 0.164474 0.825658 0.074013 0.115132
4 0.274671 0.825658 0.065789 0.100329
13 0.384868 0.825658 0.087171 0.108553
9 0.495066 0.825658 0.069079 0.092105
11 0.715461 0.825658 0.092105 0.103618
4 0.825658 0.825658 0.072368 0.123355
5 0.164474 0.935855 0.083882 0.105263
4 0.274671 0.935855 0.074013 0.113487
4 0.384868 0.935855 0.082237 0.105263
1 0.495066 0.935855 0.088816 0.106908
11 0.605263 0.935855 0.082237 0.100329
0 0.715461 0.935855 0.077303 0.092105
0 0.825658 0.935855 0.077303 0.106908
10 0.935855 0.935855 0.067434 0.110197
