0.0 0.05 0.05 0.08552 0.09868
0.0 0.15000 0.05 0.08552 0.09868
0.0 0.25 0.05 0.08552 0.09868
0.0 0.35 0.05 0.08552 0.09868
0.0 0.45 0.05 0.08552 0.09868
0.0 0.55 0.05 0.08552 0.09868
0.0 0.65 0.05 0.08552 0.09868
0.0 0.75 0.05 0.08552 0.09868
0.0 0.85000 0.05 0.08552 0.09868
0.0 0.95000 0.05 0.08552 0.09868
0.0 0.05 0.15000 0.08552 0.09868
0.0 0.15000 0.15000 0.08552 0.09868
0.0 0.25 0.15000 0.08552 0.09868
0.0 0.35 0.15000 0.08552 0.09868
0.0 0.45 0.15000 0.08552 0.09868
0.0 0.55 0.15000 0.08552 0.09868
0.0 0.65 0.15000 0.08552 0.09868
0.0 0.75 0.15000 0.08552 0.09868
0.0 0.85000 0.15000 0.08552 0.09868
0.0 0.95000 0.15000 0.08552 0.09868
0.0 0.05 0.25 0.08552 0.09868
0.0 0.15000 0.25 0.08552 0.09868
