12.0 0.05 0.05 0.07401 0.09539
0.0 0.15000 0.05 0.10032 0.08717
5.0 0.25 0.05 0.08059 0.09539
8.0 0.35 0.06085 0.07730 0.12171
4.0 0.65 0.05 0.07894 0.09375
4.0 0.95000 0.05 0.08552 0.09539
7.0 0.05 0.15000 0.06743 0.08717
13.0 0.35 0.15000 0.10032 0.07730
9.0 0.85000 0.15000 0.07072 0.08223
4.0 0.95000 0.15000 0.08552 0.09539
13.0 0.05 0.25 0.08388 0.09375
1.0 0.15000 0.25 0.09046 0.09703
13.0 0.25 0.25 0.07565 0.09539
0.0 0.35 0.25 0.08552 0.11019
1.0 0.45 0.25 0.09046 0.09703
1.0 0.65 0.25 0.09046 0.09703
0.0 0.75 0.25 0.10032 0.08717
4.0 0.85000 0.25 0.07894 0.09375
10.0 0.95000 0.25 0.06743 0.09046
1.0 0.05 0.35 0.08552 0.10690
12.0 0.15000 0.35 0.10197 0.08552
5.0 0.35 0.35 0.08059 0.09539
4.0 0.75 0.35 0.07236 0.11677
10.0 0.85000 0.35 0.06907 0.09375
10.0 0.15000 0.45 0.06743 0.09046
9.0 0.35 0.45 0.06907 0.09210
0.0 0.35 0.55 0.10032 0.08717
0.0 0.55 0.55 0.10032 0.08717
7.0 0.95000 0.55 0.08388 0.07236
0.0 0.25 0.65 0.08552 0.09868
11.0 0.05 0.75 0.08223 0.09868
0.0 0.55 0.75 0.10032 0.08717
0.0 0.45 0.85000 0.08552 0.09868
11.0 0.35 0.95000 0.08223 0.09868
4.0 0.45 0.94078 0.07236 0.11677
7.0 0.85000 0.95000 0.08388 0.07236
