12.0 0.05098 0.05 0.10197 0.08552
5.0 0.25 0.05 0.08059 0.09539
8.0 0.35 0.05263 0.10197 0.10690
4.0 0.65 0.05 0.08552 0.09539
4.0 0.95000 0.05 0.08552 0.09539
7.0 0.05 0.15000 0.08388 0.07236
13.0 0.35 0.15000 0.08388 0.09868
9.0 0.85000 0.15000 0.06578 0.09539
4.0 0.95000 0.15000 0.07236 0.11677
13.0 0.05 0.25 0.10032 0.07730
1.0 0.15000 0.25 0.07730 0.10361
13.0 0.25 0.25 0.10032 0.07730
1.0 0.45 0.25 0.09046 0.09703
0.0 0.55 0.25 0.10032 0.08717
1.0 0.65 0.25 0.09046 0.09703
4.0 0.85000 0.25 0.08552 0.09539
10.0 0.95000 0.25 0.06743 0.09046
1.0 0.05 0.35 0.08552 0.10690
12.0 0.15000 0.35 0.10197 0.08552
5.0 0.35 0.35 0.07730 0.10032
4.0 0.75 0.35 0.08552 0.09539
10.0 0.85000 0.35 0.06743 0.10690
0.0 0.95000 0.35 0.10032 0.08717
10.0 0.15000 0.45 0.06743 0.09046
9.0 0.35 0.45 0.07072 0.08223
0.0 0.35 0.55 0.10032 0.08717
7.0 0.95000 0.55 0.08388 0.07236
0.0 0.25 0.65 0.08552 0.11019
0.0 0.95000 0.65 0.08223 0.11348
11.0 0.05 0.75 0.08717 0.10361
0.0 0.75 0.75 0.10032 0.08717
0.0 0.45 0.85000 0.10032 0.08717
0.0 0.05 0.95000 0.10032 0.08717
11.0 0.35 0.94407 0.07401 0.11019
4.0 0.45 0.94078 0.07236 0.11677
7.0 0.85000 0.95000 0.08388 0.07236
