12.0 0.05098 0.05 0.10197 0.08552
0.0 0.15000 0.05 0.10032 0.08717
5.0 0.25 0.05 0.08059 0.09539
8.0 0.35 0.05263 0.10197 0.10690
0.0 0.45 0.05 0.10032 0.08717
4.0 0.65 0.05 0.08552 0.09539
4.0 0.95000 0.05 0.08552 0.09539
7.0 0.05 0.15000 0.06907 0.10197
0.0 0.25 0.15000 0.10032 0.08717
13.0 0.35 0.15000 0.10032 0.07730
9.0 0.85000 0.15000 0.06907 0.09210
4.0 0.95000 0.15000 0.08552 0.09539
13.0 0.05 0.25 0.08388 0.09375
1.0 0.15000 0.25 0.09046 0.09703
13.0 0.25 0.25 0.08388 0.09375
0.0 0.35 0.25 0.10032 0.08717
1.0 0.45 0.25 0.09046 0.09703
0.0 0.55 0.25 0.10032 0.08717
1.0 0.65 0.25 0.09046 0.09703
0.0 0.75 0.25 0.10032 0.08717
4.0 0.85000 0.25 0.08552 0.09539
10.0 0.95000 0.25 0.06743 0.09046
1.0 0.05 0.35 0.09046 0.09703
12.0 0.15000 0.35 0.10197 0.08552
5.0 0.35 0.35 0.08059 0.09539
4.0 0.75 0.35 0.08552 0.09539
10.0 0.85000 0.35 0.06743 0.09046
0.0 0.95000 0.35 0.10032 0.08717
10.0 0.15000 0.45 0.07072 0.11019
9.0 0.35 0.45 0.07072 0.08223
7.0 0.95000 0.55 0.06907 0.10197
0.0 0.45 0.65 0.10032 0.08717
11.0 0.05 0.75 0.07401 0.11019
0.0 0.55 0.75 0.10032 0.08717
0.0 0.05 0.95000 0.10032 0.08717
11.0 0.35 0.94736 0.08717 0.10361
4.0 0.45 0.95000 0.08552 0.09539
7.0 0.85000 0.94736 0.06907 0.10197
