12.0 0.05 0.05 0.08388 0.09868
5.0 0.25 0.05 0.07565 0.09703
8.0 0.35 0.05263 0.10197 0.10690
0.0 0.45 0.05427 0.08552 0.11019
9.0 0.55 0.05 0.06907 0.09210
4.0 0.65 0.05 0.07894 0.09375
12.0 0.75 0.05 0.07894 0.09210
8.0 0.85000 0.06085 0.07401 0.12335
4.0 0.95000 0.05 0.07894 0.09375
7.0 0.05 0.15000 0.06743 0.08717
13.0 0.15000 0.15000 0.10032 0.09539
0.0 0.25 0.15000 0.08552 0.11019
13.0 0.35 0.15000 0.10032 0.09539
5.0 0.45 0.15000 0.07565 0.09703
9.0 0.55 0.15000 0.06907 0.08388
11.0 0.65 0.15000 0.07565 0.10197
9.0 0.75 0.15000 0.07072 0.08223
9.0 0.85000 0.15000 0.06907 0.09210
4.0 0.95000 0.15000 0.07236 0.11677
13.0 0.05 0.25 0.07565 0.09539
1.0 0.15000 0.25 0.08552 0.10690
13.0 0.25 0.25 0.07565 0.09539
0.0 0.35 0.25 0.10032 0.08717
1.0 0.45 0.25 0.08552 0.10690
1.0 0.65 0.25 0.08552 0.10690
0.0 0.75 0.25 0.08552 0.09868
4.0 0.85000 0.25 0.07894 0.09375
10.0 0.95000 0.25 0.07072 0.11019
1.0 0.05 0.35 0.07894 0.09703
12.0 0.15000 0.35 0.08388 0.09868
12.0 0.25 0.35 0.08388 0.09868
5.0 0.35 0.35 0.07565 0.09703
5.0 0.45 0.35 0.07565 0.09703
8.0 0.55 0.35 0.07401 0.12335
1.0 0.65 0.35 0.08059 0.09703
4.0 0.75 0.35 0.08552 0.09539
10.0 0.85000 0.35 0.06907 0.09375
0.0 0.95000 0.35 0.08552 0.10197
4.0 0.05 0.45 0.07565 0.11348
10.0 0.15000 0.45 0.07072 0.11019
9.0 0.35 0.45 0.06578 0.09539
0.0 0.35 0.55 0.08552 0.09868
7.0 0.95000 0.55 0.07401 0.10197
0.0 0.45 0.65 0.08552 0.09868
13.0 0.65 0.65 0.08388 0.09868
11.0 0.05 0.75 0.07565 0.10197
0.0 0.55 0.75 0.08552 0.10197
0.0 0.75 0.75 0.08223 0.11348
0.0 0.45 0.85000 0.08552 0.11019
4.0 0.75 0.85000 0.07565 0.11348
7.0 0.85000 0.85000 0.06743 0.08717
0.0 0.05 0.95000 0.08552 0.09868
5.0 0.15000 0.95000 0.07565 0.09703
4.0 0.25 0.94078 0.07236 0.11677
11.0 0.35 0.95000 0.08223 0.09868
4.0 0.45 0.94243 0.06085 0.11348
11.0 0.55 0.95000 0.08223 0.09868
9.0 0.65 0.95000 0.07730 0.09703
5.0 0.75 0.95000 0.07894 0.09703
7.0 0.85000 0.95000 0.06743 0.08717
7.0 0.95000 0.95000 0.07401 0.09375
