12.0 0.05 0.05 0.07401 0.09539
5.0 0.25 0.05263 0.07236 0.10526
8.0 0.35 0.06085 0.07401 0.12335
0.0 0.45 0.05098 0.08552 0.10197
9.0 0.55 0.05 0.07730 0.09703
4.0 0.65 0.05592 0.06085 0.11348
12.0 0.75 0.05427 0.08223 0.11019
8.0 0.85000 0.05 0.10197 0.09375
4.0 0.95000 0.05592 0.07565 0.11348
7.0 0.05 0.15000 0.07401 0.09375
13.0 0.15000 0.15000 0.08388 0.09375
13.0 0.35 0.15000 0.08388 0.09868
5.0 0.45 0.15000 0.08059 0.09539
9.0 0.55 0.15000 0.06907 0.09210
11.0 0.65 0.15000 0.07401 0.11019
9.0 0.75 0.15000 0.06907 0.09210
9.0 0.85000 0.15000 0.07072 0.08223
4.0 0.95000 0.15000 0.06085 0.11348
13.0 0.05 0.25 0.10032 0.09539
1.0 0.15000 0.25 0.08552 0.10690
13.0 0.25 0.25 0.08388 0.09868
1.0 0.45 0.25 0.08552 0.10690
1.0 0.65 0.25 0.09046 0.09703
4.0 0.85000 0.25 0.07236 0.11677
10.0 0.95000 0.25 0.07401 0.12171
1.0 0.05 0.35 0.07894 0.09703
12.0 0.15000 0.35 0.07894 0.09210
12.0 0.25 0.35 0.08223 0.11019
5.0 0.35 0.35 0.07730 0.10032
5.0 0.45 0.35 0.07236 0.10526
8.0 0.55 0.35 0.10197 0.09375
1.0 0.65 0.35 0.07894 0.09703
4.0 0.75 0.35 0.07236 0.11677
10.0 0.85000 0.35 0.07072 0.11019
4.0 0.05 0.45 0.07565 0.11348
10.0 0.15000 0.45 0.06743 0.10690
9.0 0.35 0.45 0.06907 0.09210
0.0 0.35 0.55 0.08552 0.10197
7.0 0.95000 0.55 0.06907 0.10197
0.0 0.45 0.65 0.08552 0.11019
13.0 0.65 0.65 0.08388 0.09375
11.0 0.05 0.75 0.07730 0.11677
0.0 0.55 0.75 0.08552 0.11019
0.0 0.45 0.85000 0.08223 0.11348
4.0 0.75 0.85000 0.06085 0.11348
7.0 0.85000 0.85000 0.06907 0.10197
0.0 0.05 0.94736 0.08552 0.10197
5.0 0.15000 0.94572 0.07236 0.10526
4.0 0.25 0.94078 0.07236 0.11677
11.0 0.35 0.94078 0.07730 0.11677
4.0 0.45 0.94078 0.07236 0.11677
11.0 0.55 0.94407 0.07401 0.11019
9.0 0.65 0.95000 0.07072 0.08223
5.0 0.75 0.95000 0.07730 0.10032
7.0 0.85000 0.94736 0.06907 0.10197
7.0 0.95000 0.95000 0.07401 0.09375
