12.0 0.05 0.05427 0.08223 0.11019
5.0 0.25 0.05 0.07565 0.09703
8.0 0.35 0.06085 0.07401 0.12335
0.0 0.45 0.05427 0.08552 0.11019
9.0 0.55 0.05 0.07730 0.09703
4.0 0.65 0.05 0.07894 0.09375
12.0 0.75 0.05 0.10197 0.08552
8.0 0.85000 0.06085 0.07401 0.12335
4.0 0.95000 0.05 0.08552 0.09539
7.0 0.05 0.15000 0.08388 0.07236
13.0 0.15000 0.15000 0.10032 0.09539
0.0 0.25 0.15000 0.08552 0.09868
13.0 0.35 0.15000 0.10032 0.07730
5.0 0.45 0.15000 0.08059 0.09539
9.0 0.55 0.15000 0.06907 0.08388
11.0 0.65 0.15000 0.07401 0.11019
9.0 0.75 0.15000 0.07730 0.09703
9.0 0.85000 0.15000 0.06907 0.09210
4.0 0.95000 0.15000 0.08552 0.09539
13.0 0.05 0.25 0.10032 0.07730
1.0 0.15000 0.25 0.08552 0.10690
13.0 0.25 0.25 0.08388 0.09375
0.0 0.35 0.25 0.08552 0.09868
1.0 0.45 0.25 0.09046 0.09703
0.0 0.55 0.25 0.10032 0.08717
1.0 0.65 0.25 0.08059 0.09703
4.0 0.85000 0.25 0.07894 0.09375
10.0 0.95000 0.25 0.06743 0.09046
1.0 0.05 0.35 0.08059 0.09703
12.0 0.15000 0.35 0.07401 0.09539
12.0 0.25 0.35 0.08388 0.09868
5.0 0.35 0.35 0.07565 0.09703
5.0 0.45 0.35 0.07730 0.10032
8.0 0.55 0.35 0.10197 0.10690
1.0 0.65 0.35 0.08059 0.09703
4.0 0.75 0.35 0.06085 0.11348
10.0 0.85000 0.35 0.06743 0.09046
0.0 0.95000 0.35 0.08552 0.11019
4.0 0.05 0.45 0.07894 0.09375
10.0 0.15000 0.45 0.07072 0.11019
9.0 0.35 0.45 0.06907 0.09210
7.0 0.95000 0.55 0.08388 0.07236
13.0 0.65 0.65 0.08388 0.09375
0.0 0.95000 0.65 0.10032 0.08717
11.0 0.05 0.75 0.08717 0.10361
0.0 0.55 0.75 0.08552 0.11019
0.0 0.75 0.75 0.08552 0.09868
0.0 0.45 0.85000 0.08552 0.09868
4.0 0.75 0.85000 0.07894 0.09375
7.0 0.85000 0.85000 0.07401 0.09375
0.0 0.05 0.94407 0.08552 0.11019
5.0 0.15000 0.94572 0.07236 0.10526
4.0 0.25 0.94078 0.07236 0.11677
11.0 0.35 0.94078 0.07730 0.11677
4.0 0.45 0.94078 0.07236 0.11677
11.0 0.55 0.94407 0.07401 0.11019
9.0 0.65 0.95000 0.06907 0.09210
5.0 0.75 0.95000 0.08059 0.09539
7.0 0.85000 0.94736 0.06907 0.10197
7.0 0.95000 0.94736 0.06907 0.10197
