4.0 0.65 0.05 0.08552 0.09539
13.0 0.35 0.15000 0.10032 0.07730
10.0 0.85000 0.35 0.07401 0.12171
10.0 0.15000 0.45 0.07401 0.12171
9.0 0.35 0.45 0.07730 0.09703
0.0 0.35 0.55 0.08552 0.10197
7.0 0.95000 0.55 0.07401 0.09375
0.0 0.25 0.65 0.10032 0.08717
0.0 0.95000 0.65 0.10032 0.08717
11.0 0.05 0.75 0.07730 0.11677
0.0 0.55 0.75 0.10032 0.08717
0.0 0.75 0.75 0.10032 0.08717
0.0 0.45 0.85000 0.08552 0.10197
0.0 0.05 0.95000 0.10032 0.08717
4.0 0.45 0.94243 0.06085 0.11348
7.0 0.85000 0.95000 0.08388 0.07236
