4.0 0.65 0.05 0.08552 0.09539
0.0 0.25 0.15000 0.08552 0.09868
13.0 0.35 0.15000 0.10032 0.07730
10.0 0.85000 0.35 0.06743 0.09046
0.0 0.95000 0.35 0.08552 0.09868
10.0 0.15000 0.45 0.06743 0.09046
9.0 0.35 0.45 0.07072 0.08223
0.0 0.35 0.55 0.10032 0.08717
7.0 0.95000 0.55 0.06743 0.08717
0.0 0.25 0.65 0.10032 0.08717
0.0 0.45 0.65 0.08552 0.09868
0.0 0.95000 0.65 0.10032 0.08717
11.0 0.05 0.75 0.08223 0.09868
0.0 0.75 0.75 0.10032 0.08717
0.0 0.45 0.85000 0.10032 0.08717
0.0 0.05 0.95000 0.10032 0.08717
4.0 0.45 0.95000 0.08552 0.09539
7.0 0.85000 0.95000 0.06743 0.08717
