0.0 0.05 0.05427 0.08552 0.11019
0.0 0.15000 0.05098 0.08552 0.10197
12.0 0.55 0.05427 0.08223 0.11019
10.0 0.65 0.05 0.06743 0.09046
7.0 0.75 0.15000 0.08388 0.07236
7.0 0.85000 0.15000 0.07401 0.09375
4.0 0.15000 0.25 0.07236 0.11677
9.0 0.25 0.25 0.07730 0.09703
10.0 0.45 0.25 0.06743 0.09046
8.0 0.75 0.25 0.10197 0.10690
7.0 0.85000 0.25 0.07401 0.09375
5.0 0.25 0.35 0.07236 0.10526
13.0 0.35 0.35 0.10032 0.09539
13.0 0.75 0.35 0.10032 0.07730
5.0 0.95000 0.35 0.07236 0.10526
13.0 0.05 0.45 0.10032 0.09539
4.0 0.45 0.45 0.08552 0.09539
1.0 0.65 0.45 0.08552 0.10690
12.0 0.75 0.45 0.10197 0.08552
8.0 0.05 0.55 0.07730 0.12171
10.0 0.45 0.55 0.07072 0.11019
10.0 0.85000 0.55 0.07072 0.11019
9.0 0.15000 0.65 0.07730 0.09703
11.0 0.25 0.65 0.07730 0.11677
7.0 0.45 0.65 0.07401 0.09375
10.0 0.55 0.65 0.07401 0.12171
10.0 0.15000 0.75 0.07401 0.12171
7.0 0.25 0.75 0.08388 0.07236
0.0 0.35 0.75 0.08552 0.10197
0.0 0.75 0.75 0.08552 0.10197
7.0 0.95000 0.75 0.07401 0.09375
8.0 0.05098 0.85000 0.10197 0.10690
12.0 0.55 0.85000 0.08223 0.11019
1.0 0.65 0.85000 0.08552 0.10690
13.0 0.35 0.95000 0.10032 0.09539
11.0 0.45 0.94736 0.08717 0.10361
1.0 0.65 0.94572 0.08552 0.10690
0.0 0.75 0.94407 0.08552 0.11019
