0.0 0.05 0.05098 0.08552 0.10197
0.0 0.15000 0.05098 0.08552 0.10197
12.0 0.55 0.05427 0.08223 0.11019
10.0 0.65 0.06085 0.07401 0.12171
7.0 0.75 0.15000 0.07401 0.09375
7.0 0.85000 0.15000 0.06743 0.08717
4.0 0.15000 0.25 0.07894 0.09375
9.0 0.25 0.25 0.06907 0.08388
10.0 0.45 0.25 0.06907 0.09375
8.0 0.75 0.25 0.10197 0.09375
7.0 0.85000 0.25 0.06743 0.08717
5.0 0.25 0.35 0.07565 0.09703
13.0 0.35 0.35 0.10032 0.09539
13.0 0.75 0.35 0.07565 0.09539
5.0 0.95000 0.35 0.07236 0.10526
13.0 0.05 0.45 0.07565 0.09539
4.0 0.45 0.45 0.07894 0.09375
1.0 0.65 0.45 0.08059 0.09703
12.0 0.75 0.45 0.08223 0.11019
8.0 0.05 0.55 0.07401 0.12335
10.0 0.45 0.55 0.07401 0.12171
10.0 0.85000 0.55 0.06907 0.09375
9.0 0.15000 0.65 0.06907 0.08388
11.0 0.25 0.65 0.07730 0.11677
7.0 0.45 0.65 0.07401 0.09375
10.0 0.55 0.65 0.07401 0.12171
10.0 0.15000 0.75 0.06907 0.09375
7.0 0.25 0.75 0.07401 0.09375
0.0 0.35 0.75 0.08552 0.10197
0.0 0.75 0.75 0.08552 0.09868
7.0 0.95000 0.75 0.07401 0.09375
8.0 0.05098 0.85000 0.10197 0.09375
0.0 0.15000 0.85000 0.08552 0.09868
12.0 0.55 0.85000 0.08388 0.09868
1.0 0.65 0.85000 0.07894 0.09703
13.0 0.35 0.95000 0.10032 0.09539
11.0 0.45 0.95000 0.08223 0.09868
1.0 0.65 0.95000 0.08059 0.09703
0.0 0.75 0.95000 0.08552 0.09868
