0.0 0.05 0.05 0.08552 0.09868
12.0 0.55 0.05 0.10197 0.08552
10.0 0.65 0.05427 0.07072 0.11019
7.0 0.75 0.15000 0.07401 0.09375
7.0 0.85000 0.15000 0.06907 0.10197
4.0 0.15000 0.25 0.07236 0.11677
9.0 0.25 0.25 0.07730 0.09703
10.0 0.45 0.25 0.06743 0.09046
8.0 0.75 0.25 0.10197 0.09375
7.0 0.85000 0.25 0.06907 0.10197
5.0 0.25 0.35 0.08059 0.09539
13.0 0.35 0.35 0.10032 0.07730
13.0 0.75 0.35 0.10032 0.09539
5.0 0.95000 0.35 0.07565 0.09703
13.0 0.05 0.45 0.10032 0.07730
4.0 0.45 0.45 0.06085 0.11348
1.0 0.65 0.45 0.08059 0.09703
12.0 0.75 0.45 0.08388 0.09868
8.0 0.05 0.55 0.07730 0.12171
10.0 0.45 0.55 0.07401 0.12171
10.0 0.85000 0.55 0.07072 0.11019
9.0 0.15000 0.65 0.06907 0.09210
11.0 0.25 0.65 0.08223 0.09868
7.0 0.45 0.65 0.06907 0.10197
10.0 0.55 0.65 0.07072 0.11019
0.0 0.85000 0.65 0.08552 0.11019
10.0 0.15000 0.75 0.06907 0.09375
7.0 0.25 0.75 0.06907 0.10197
0.0 0.75 0.75 0.10032 0.08717
7.0 0.95000 0.75 0.06907 0.10197
8.0 0.05098 0.85000 0.10197 0.09375
0.0 0.15000 0.85000 0.08552 0.09868
12.0 0.55 0.85000 0.08388 0.09868
1.0 0.65 0.85000 0.08552 0.10690
13.0 0.35 0.95000 0.10032 0.07730
11.0 0.45 0.94407 0.07401 0.11019
1.0 0.65 0.95000 0.09046 0.09703
0.0 0.75 0.94736 0.08552 0.10197
