0.0 0.45 0.05427 0.08552 0.11019
12.0 0.55 0.05 0.07894 0.09210
10.0 0.65 0.05 0.06907 0.09375
9.0 0.95000 0.05 0.07730 0.09703
11.0 0.15000 0.15000 0.08223 0.09868
8.0 0.25 0.15000 0.07401 0.12335
10.0 0.35 0.15000 0.06907 0.09375
5.0 0.45 0.15000 0.07236 0.10526
7.0 0.75 0.15000 0.06743 0.08717
7.0 0.85000 0.15000 0.06907 0.10197
4.0 0.15000 0.25 0.07894 0.09375
9.0 0.25 0.25 0.07730 0.09703
10.0 0.45 0.25 0.07072 0.11019
8.0 0.75 0.25 0.07730 0.12171
7.0 0.85000 0.25 0.06907 0.10197
5.0 0.25 0.35 0.07730 0.10032
13.0 0.35 0.35 0.08388 0.09868
13.0 0.75 0.35 0.08388 0.09868
5.0 0.95000 0.35 0.07730 0.10032
13.0 0.05 0.45 0.08388 0.09868
4.0 0.35 0.45 0.07236 0.11677
4.0 0.45 0.45 0.07565 0.11348
12.0 0.55 0.45 0.07894 0.09210
1.0 0.65 0.45 0.08059 0.09703
12.0 0.75 0.45 0.07401 0.09539
4.0 0.85000 0.45 0.07565 0.11348
13.0 0.95000 0.45 0.08388 0.09375
8.0 0.05 0.55 0.07401 0.12335
9.0 0.25 0.55 0.06907 0.08388
10.0 0.45 0.55 0.07401 0.12171
13.0 0.75 0.55 0.08388 0.09868
10.0 0.85000 0.55 0.07401 0.12171
5.0 0.95000 0.55 0.07894 0.09703
4.0 0.05 0.65 0.07894 0.09375
9.0 0.15000 0.65 0.06907 0.09210
11.0 0.25 0.65 0.08223 0.09868
4.0 0.35 0.65 0.06085 0.11348
7.0 0.45 0.65 0.06743 0.08717
10.0 0.55 0.65 0.07401 0.12171
10.0 0.15000 0.75 0.07072 0.11019
7.0 0.25 0.75 0.07401 0.10197
7.0 0.95000 0.75 0.06907 0.10197
8.0 0.05 0.85000 0.07401 0.12335
12.0 0.55 0.85000 0.07894 0.09210
1.0 0.65 0.85000 0.08552 0.10690
0.0 0.95000 0.85000 0.08552 0.11019
11.0 0.15000 0.94736 0.07565 0.10197
7.0 0.25 0.94736 0.06907 0.10197
13.0 0.35 0.95000 0.07565 0.09539
11.0 0.45 0.94407 0.07401 0.11019
1.0 0.65 0.94572 0.08552 0.10690
4.0 0.85000 0.94243 0.06085 0.11348
