0.0 0.05 0.05427 0.08552 0.11019
0.0 0.45 0.05592 0.08223 0.11348
12.0 0.55 0.05 0.08388 0.09868
10.0 0.65 0.05263 0.06743 0.10690
0.0 0.85000 0.05 0.10032 0.08717
9.0 0.95000 0.05 0.06578 0.09539
11.0 0.15000 0.15000 0.08223 0.09868
8.0 0.25 0.15000 0.07730 0.12171
10.0 0.35 0.15000 0.06743 0.10690
5.0 0.45 0.15000 0.07565 0.09703
7.0 0.75 0.15000 0.06743 0.08717
7.0 0.85000 0.15000 0.06907 0.10197
0.0 0.95000 0.15000 0.08552 0.11019
4.0 0.15000 0.25 0.07236 0.11677
9.0 0.25 0.25 0.06907 0.09210
10.0 0.45 0.25 0.06907 0.09375
8.0 0.75 0.25 0.07730 0.12171
7.0 0.85000 0.25 0.06743 0.08717
5.0 0.25 0.35 0.08059 0.09539
13.0 0.35 0.35 0.10032 0.07730
13.0 0.75 0.35 0.10032 0.07730
5.0 0.95000 0.35 0.07565 0.09703
13.0 0.05 0.45 0.07565 0.09539
4.0 0.35 0.45 0.07565 0.11348
4.0 0.45 0.45 0.07236 0.11677
12.0 0.55 0.45 0.08388 0.09868
1.0 0.65 0.45 0.08552 0.10690
12.0 0.75 0.45 0.08388 0.09868
4.0 0.85000 0.45 0.08552 0.09539
13.0 0.95000 0.45 0.08388 0.09868
8.0 0.05 0.55 0.07401 0.12335
9.0 0.25 0.55 0.06578 0.09539
10.0 0.45 0.55 0.06907 0.09375
13.0 0.75 0.55 0.10032 0.07730
10.0 0.85000 0.55 0.06743 0.09046
5.0 0.95000 0.55 0.07730 0.10032
4.0 0.05 0.65 0.07565 0.11348
9.0 0.15000 0.65 0.06907 0.09210
11.0 0.25 0.65 0.07401 0.11019
4.0 0.35 0.65 0.07236 0.11677
7.0 0.45 0.65 0.06743 0.08717
10.0 0.55 0.65 0.06743 0.09046
0.0 0.85000 0.65 0.08552 0.11019
10.0 0.15000 0.75 0.07072 0.11019
7.0 0.25 0.75 0.08388 0.07236
7.0 0.95000 0.75 0.06907 0.10197
8.0 0.05 0.85000 0.07730 0.12171
0.0 0.15000 0.85000 0.10032 0.08717
12.0 0.55 0.85000 0.07894 0.09210
1.0 0.65 0.85000 0.08059 0.09703
0.0 0.75 0.85000 0.08552 0.09868
0.0 0.05 0.95000 0.08552 0.09868
11.0 0.15000 0.94736 0.07565 0.10197
7.0 0.25 0.94736 0.06907 0.10197
13.0 0.35 0.95000 0.07565 0.09539
11.0 0.45 0.94407 0.07401 0.11019
1.0 0.65 0.94572 0.08552 0.10690
0.0 0.75 0.94407 0.08552 0.11019
4.0 0.85000 0.95000 0.07894 0.09375
