12.0 0.55 0.05 0.08388 0.09868
10.0 0.65 0.05263 0.06743 0.10690
9.0 0.95000 0.05 0.06907 0.08388
11.0 0.15000 0.15000 0.08223 0.09868
8.0 0.25 0.15000 0.07401 0.12335
10.0 0.35 0.15000 0.06907 0.09375
5.0 0.45 0.15000 0.07730 0.10032
7.0 0.75 0.15000 0.06743 0.08717
7.0 0.85000 0.15000 0.07401 0.10197
0.0 0.95000 0.15000 0.08552 0.11019
4.0 0.15000 0.25 0.07565 0.11348
9.0 0.25 0.25 0.06907 0.08388
10.0 0.45 0.25 0.06907 0.09375
8.0 0.75 0.25 0.07730 0.12171
7.0 0.85000 0.25 0.06743 0.08717
5.0 0.25 0.35 0.07565 0.09703
13.0 0.35 0.35 0.07565 0.09539
13.0 0.75 0.35 0.07565 0.09539
5.0 0.95000 0.35 0.07894 0.09703
13.0 0.05 0.45 0.08388 0.09375
4.0 0.35 0.45 0.07236 0.11677
4.0 0.45 0.45 0.07894 0.09375
12.0 0.55 0.45 0.07401 0.09539
1.0 0.65 0.45 0.08059 0.09703
12.0 0.75 0.45 0.08388 0.09868
4.0 0.85000 0.45 0.07894 0.09375
13.0 0.95000 0.45 0.08388 0.09375
8.0 0.05 0.55 0.07730 0.12171
9.0 0.25 0.55 0.06907 0.08388
10.0 0.45 0.55 0.06907 0.09375
13.0 0.75 0.55 0.08388 0.09375
10.0 0.85000 0.55 0.06907 0.09375
5.0 0.95000 0.55 0.07565 0.09703
4.0 0.05 0.65 0.07236 0.11677
9.0 0.15000 0.65 0.06907 0.08388
11.0 0.25 0.65 0.08223 0.09868
4.0 0.35 0.65 0.07236 0.11677
7.0 0.45 0.65 0.06743 0.08717
10.0 0.55 0.65 0.06907 0.09375
0.0 0.05 0.75 0.08223 0.11348
10.0 0.15000 0.75 0.07072 0.11019
7.0 0.25 0.75 0.07401 0.10197
7.0 0.95000 0.75 0.07401 0.10197
8.0 0.05 0.85000 0.07730 0.12171
0.0 0.15000 0.85000 0.08552 0.09868
12.0 0.55 0.85000 0.07401 0.09539
1.0 0.65 0.85000 0.07730 0.10361
0.0 0.75 0.85000 0.08223 0.11348
11.0 0.15000 0.94407 0.07401 0.11019
7.0 0.25 0.95000 0.06743 0.08717
13.0 0.35 0.95000 0.08388 0.09375
11.0 0.45 0.95000 0.08223 0.09868
1.0 0.65 0.95000 0.08059 0.09703
0.0 0.75 0.94243 0.08223 0.11348
4.0 0.85000 0.95000 0.07894 0.09375
