0.0 0.05 0.05 0.10032 0.08717
0.0 0.15000 0.05 0.10032 0.08717
0.0 0.45 0.05 0.10032 0.08717
12.0 0.55 0.05 0.10197 0.08552
10.0 0.65 0.05427 0.07072 0.11019
7.0 0.75 0.15000 0.08388 0.07236
0.0 0.95000 0.15000 0.08552 0.11019
4.0 0.15000 0.25 0.08552 0.09539
9.0 0.25 0.25 0.06907 0.09210
10.0 0.45 0.25 0.07072 0.11019
7.0 0.85000 0.25 0.08388 0.07236
13.0 0.35 0.35 0.08388 0.09375
7.0 0.25 0.75 0.08388 0.07236
7.0 0.95000 0.75 0.06907 0.10197
8.0 0.05 0.85000 0.07730 0.12171
0.0 0.15000 0.85000 0.08552 0.11019
1.0 0.65 0.85000 0.09046 0.09703
