0.0 0.05 0.05098 0.08552 0.10197
0.0 0.15000 0.05 0.08552 0.09868
12.0 0.55 0.05427 0.08223 0.11019
10.0 0.65 0.06085 0.07401 0.12171
7.0 0.75 0.15000 0.07401 0.09375
4.0 0.15000 0.25 0.06085 0.11348
9.0 0.25 0.25 0.07730 0.09703
10.0 0.45 0.25 0.07401 0.12171
7.0 0.85000 0.25 0.07401 0.09375
13.0 0.35 0.35 0.10032 0.09539
0.0 0.05 0.75 0.08552 0.09868
7.0 0.25 0.75 0.07401 0.09375
0.0 0.35 0.75 0.08552 0.10197
7.0 0.95000 0.75 0.06743 0.08717
8.0 0.05 0.85000 0.07401 0.12335
1.0 0.65 0.85000 0.08059 0.09703
