5 0.384868 0.054276 0.077303 0.098684
7 0.935855 0.054276 0.077303 0.098684
11 0.384868 0.164474 0.078947 0.095395
0 0.495066 0.164474 0.074013 0.106908
0 0.605263 0.164474 0.074013 0.106908
8 0.384868 0.274671 0.072368 0.110197
0 0.274671 0.384868 0.074013 0.106908
1 0.715461 0.384868 0.078947 0.103618
4 0.825658 0.384868 0.077303 0.115132
0 0.164474 0.495066 0.074013 0.106908
4 0.384868 0.495066 0.065789 0.100329
8 0.605263 0.495066 0.067434 0.121711
0 0.384868 0.605263 0.078947 0.090461
7 0.495066 0.605263 0.077303 0.098684
0 0.605263 0.605263 0.078947 0.090461
0 0.715461 0.605263 0.078947 0.090461
0 0.935855 0.715461 0.078947 0.090461
0 0.164474 0.825658 0.078947 0.090461
7 0.495066 0.825658 0.075658 0.105263
4 0.715461 0.825658 0.065789 0.100329
11 0.274671 0.935855 0.078947 0.095395
10 0.825658 0.935855 0.067434 0.110197
