0 0.384868 0.054276 0.075658 0.097039
0 0.384868 0.164474 0.078947 0.090461
8 0.054276 0.274671 0.067434 0.121711
0 0.164474 0.274671 0.075658 0.097039
0 0.495066 0.274671 0.075658 0.097039
0 0.605263 0.274671 0.075658 0.097039
11 0.054276 0.384868 0.078947 0.095395
7 0.495066 0.384868 0.070724 0.090461
7 0.715461 0.384868 0.070724 0.090461
0 0.825658 0.384868 0.078947 0.090461
11 0.825658 0.495066 0.077303 0.110197
1 0.384868 0.605263 0.078947 0.103618
4 0.825658 0.605263 0.077303 0.115132
4 0.054276 0.825658 0.077303 0.115132
10 0.274671 0.825658 0.070724 0.116776
0 0.605263 0.825658 0.078947 0.090461
0 0.715461 0.825658 0.078947 0.090461
7 0.825658 0.825658 0.077303 0.098684
8 0.935855 0.825658 0.072368 0.095395
4 0.274671 0.935855 0.069079 0.116776
5 0.495066 0.935855 0.074013 0.105263
0 0.825658 0.935855 0.075658 0.097039
