0 0.054276 0.054276 0.088816 0.110197
0 0.715461 0.054276 0.088816 0.110197
0 0.274671 0.274671 0.078947 0.101974
0 0.825658 0.274671 0.088816 0.110197
8 0.054276 0.384868 0.077303 0.118421
5 0.164474 0.384868 0.082237 0.108553
1 0.715461 0.384868 0.077303 0.093750
4 0.825658 0.384868 0.074013 0.115132
0 0.164474 0.495066 0.088816 0.110197
7 0.274671 0.495066 0.077303 0.095395
0 0.384868 0.495066 0.088816 0.110197
11 0.495066 0.495066 0.083882 0.098684
0 0.715461 0.495066 0.088816 0.110197
8 0.164474 0.605263 0.077303 0.118421
7 0.274671 0.605263 0.077303 0.095395
11 0.384868 0.605263 0.083882 0.098684
10 0.495066 0.715461 0.077303 0.106908
0 0.825658 0.715461 0.088816 0.110197
0 0.935855 0.715461 0.088816 0.110197
4 0.164474 0.825658 0.105263 0.092105
7 0.384868 0.935855 0.077303 0.095395
4 0.825658 0.935855 0.105263 0.092105
