10 0.715461 0.054276 0.070724 0.105263
4 0.164474 0.164474 0.078947 0.093750
0 0.935855 0.274671 0.085526 0.098684
5 0.164474 0.384868 0.075658 0.097039
0 0.274671 0.384868 0.085526 0.098684
1 0.605263 0.384868 0.080592 0.097039
11 0.935855 0.384868 0.082237 0.098684
8 0.054276 0.495066 0.074013 0.123355
0 0.274671 0.495066 0.075658 0.098684
11 0.384868 0.495066 0.082237 0.098684
0 0.605263 0.495066 0.075658 0.098684
4 0.715461 0.495066 0.078947 0.093750
8 0.935855 0.495066 0.070724 0.092105
0 0.054276 0.605263 0.075658 0.098684
7 0.605263 0.605263 0.085526 0.098684
7 0.825658 0.605263 0.085526 0.098684
0 0.054276 0.715461 0.075658 0.098684
7 0.384868 0.715461 0.067434 0.087171
0 0.935855 0.715461 0.085526 0.098684
4 0.054276 0.825658 0.078947 0.093750
0 0.495066 0.825658 0.085526 0.098684
0 0.384868 0.935855 0.085526 0.098684
