0 0.054276 0.055921 0.082237 0.113487
5 0.164474 0.054276 0.080592 0.095395
0 0.274671 0.055921 0.082237 0.113487
4 0.935855 0.054276 0.062500 0.101974
8 0.054276 0.164474 0.097039 0.105263
4 0.825658 0.164474 0.062500 0.101974
11 0.935855 0.164474 0.082237 0.100329
11 0.164474 0.274671 0.075658 0.101974
0 0.825658 0.274671 0.082237 0.113487
7 0.274671 0.384868 0.075658 0.101974
4 0.384868 0.384868 0.075658 0.113487
0 0.935855 0.384868 0.088816 0.106908
7 0.825658 0.495066 0.075658 0.101974
10 0.054276 0.605263 0.067434 0.106908
0 0.164474 0.605263 0.088816 0.106908
0 0.274671 0.605263 0.082237 0.113487
0 0.384868 0.715461 0.082237 0.113487
0 0.054276 0.825658 0.082237 0.113487
8 0.715461 0.825658 0.097039 0.105263
0 0.054276 0.935855 0.088816 0.106908
7 0.384868 0.935855 0.075658 0.101974
1 0.495066 0.935855 0.092105 0.098684
