0 0.495066 0.054276 0.074013 0.106908
0 0.605263 0.054276 0.077303 0.098684
0 0.274671 0.164474 0.077303 0.098684
0 0.825658 0.164474 0.074013 0.106908
0 0.054276 0.274671 0.074013 0.106908
1 0.274671 0.274671 0.074013 0.103618
0 0.605263 0.274671 0.077303 0.098684
8 0.825658 0.274671 0.074013 0.097039
0 0.054276 0.384868 0.077303 0.098684
4 0.715461 0.384868 0.065789 0.100329
0 0.605263 0.495066 0.074013 0.106908
7 0.715461 0.495066 0.082237 0.103618
0 0.054276 0.605263 0.074013 0.106908
11 0.605263 0.605263 0.087171 0.097039
11 0.715461 0.605263 0.087171 0.097039
7 0.054276 0.715461 0.082237 0.103618
10 0.605263 0.715461 0.064145 0.103618
7 0.715461 0.715461 0.082237 0.103618
4 0.274671 0.825658 0.074013 0.134868
5 0.605263 0.825658 0.080592 0.097039
8 0.054276 0.935855 0.074013 0.097039
4 0.274671 0.935855 0.065789 0.100329
