11 0.605263 0.054276 0.077303 0.110197
11 0.935855 0.057566 0.077303 0.116776
0 0.054276 0.164474 0.085526 0.101974
0 0.164474 0.164474 0.085526 0.101974
8 0.715461 0.164474 0.072368 0.095395
4 0.935855 0.164474 0.060855 0.113487
0 0.605263 0.274671 0.075658 0.097039
1 0.715461 0.274671 0.080592 0.097039
8 0.054276 0.384868 0.101974 0.093750
0 0.164474 0.384868 0.075658 0.097039
7 0.274671 0.384868 0.070724 0.090461
0 0.384868 0.384868 0.085526 0.101974
7 0.164474 0.495066 0.074013 0.093750
10 0.605263 0.495066 0.074013 0.121711
0 0.164474 0.605263 0.085526 0.101974
0 0.384868 0.605263 0.075658 0.097039
7 0.495066 0.605263 0.070724 0.090461
4 0.054276 0.715461 0.060855 0.113487
5 0.715461 0.825658 0.072368 0.105263
0 0.825658 0.825658 0.075658 0.097039
4 0.054276 0.935855 0.060855 0.113487
0 0.935855 0.935855 0.085526 0.101974
