4 0.384868 0.055921 0.088816 0.113487
0 0.495066 0.057566 0.087171 0.116776
8 0.164474 0.164474 0.101974 0.106908
0 0.384868 0.164474 0.100329 0.087171
0 0.164474 0.274671 0.087171 0.116776
0 0.274671 0.274671 0.100329 0.087171
10 0.825658 0.274671 0.067434 0.090461
7 0.164474 0.384868 0.083882 0.072368
0 0.384868 0.384868 0.100329 0.087171
0 0.495066 0.384868 0.087171 0.116776
7 0.605263 0.384868 0.090461 0.085526
7 0.164474 0.495066 0.090461 0.085526
5 0.495066 0.495066 0.080592 0.095395
8 0.605263 0.495066 0.078947 0.120066
0 0.164474 0.605263 0.087171 0.116776
4 0.715461 0.605263 0.088816 0.113487
0 0.935855 0.605263 0.087171 0.116776
1 0.164474 0.825658 0.087171 0.105263
4 0.054276 0.935855 0.088816 0.113487
0 0.164474 0.935855 0.087171 0.116776
11 0.274671 0.935855 0.087171 0.103618
11 0.495066 0.935855 0.075658 0.080592
