0 0.054276 0.054276 0.077303 0.100329
1 0.384868 0.054276 0.083882 0.097039
0 0.495066 0.054276 0.078947 0.090461
5 0.825658 0.054276 0.077303 0.103618
0 0.054276 0.164474 0.078947 0.090461
7 0.605263 0.164474 0.077303 0.098684
0 0.384868 0.384868 0.078947 0.090461
7 0.495066 0.384868 0.077303 0.098684
0 0.605263 0.384868 0.078947 0.090461
0 0.054276 0.495066 0.078947 0.090461
11 0.164474 0.495066 0.070724 0.075658
0 0.384868 0.495066 0.077303 0.100329
0 0.495066 0.495066 0.077303 0.100329
7 0.825658 0.495066 0.078947 0.085526
10 0.274671 0.715461 0.067434 0.093750
11 0.164474 0.825658 0.078947 0.095395
4 0.274671 0.825658 0.077303 0.115132
0 0.495066 0.825658 0.078947 0.090461
4 0.935855 0.825658 0.077303 0.115132
8 0.164474 0.935855 0.072368 0.125000
4 0.605263 0.935855 0.077303 0.115132
8 0.935855 0.935855 0.072368 0.125000
