11 0.164474 0.054276 0.092105 0.103618
0 0.605263 0.054276 0.074013 0.106908
7 0.825658 0.054276 0.075658 0.105263
0 0.164474 0.164474 0.078947 0.115132
0 0.605263 0.274671 0.074013 0.106908
10 0.935855 0.274671 0.070724 0.129934
7 0.054276 0.384868 0.069079 0.090461
0 0.054276 0.495066 0.078947 0.115132
4 0.495066 0.495066 0.074013 0.113487
0 0.605263 0.495066 0.078947 0.115132
8 0.715461 0.495066 0.083882 0.126645
7 0.274671 0.605263 0.069079 0.090461
0 0.384868 0.605263 0.074013 0.106908
0 0.605263 0.605263 0.078947 0.115132
0 0.825658 0.605263 0.078947 0.115132
4 0.054276 0.715461 0.074013 0.113487
11 0.164474 0.715461 0.092105 0.103618
5 0.274671 0.715461 0.077303 0.098684
8 0.164474 0.825658 0.083882 0.126645
4 0.274671 0.825658 0.065789 0.100329
1 0.384868 0.825658 0.080592 0.108553
0 0.935855 0.825658 0.074013 0.106908
