0 0.054276 0.054276 0.075658 0.097039
0 0.274671 0.054276 0.075658 0.097039
0 0.054276 0.164474 0.074013 0.106908
0 0.715461 0.164474 0.074013 0.106908
5 0.054276 0.274671 0.074013 0.105263
8 0.384868 0.274671 0.072368 0.110197
0 0.495066 0.274671 0.074013 0.106908
7 0.715461 0.274671 0.070724 0.090461
1 0.935855 0.274671 0.088816 0.106908
4 0.164474 0.384868 0.069079 0.116776
10 0.384868 0.384868 0.070724 0.116776
0 0.495066 0.384868 0.074013 0.106908
0 0.274671 0.495066 0.075658 0.097039
11 0.495066 0.495066 0.077303 0.110197
7 0.715461 0.495066 0.075658 0.105263
0 0.164474 0.605263 0.074013 0.106908
8 0.715461 0.605263 0.072368 0.110197
11 0.274671 0.715461 0.077303 0.110197
0 0.605263 0.715461 0.075658 0.097039
7 0.935855 0.715461 0.075658 0.105263
4 0.164474 0.935855 0.065789 0.100329
4 0.605263 0.935855 0.065789 0.100329
