8 0.274671 0.054276 0.101974 0.106908
11 0.495066 0.054276 0.087171 0.103618
0 0.495066 0.164474 0.085526 0.101974
0 0.715461 0.164474 0.100329 0.087171
10 0.605263 0.274671 0.074013 0.121711
0 0.054276 0.384868 0.100329 0.087171
0 0.274671 0.384868 0.100329 0.087171
7 0.384868 0.384868 0.083882 0.072368
0 0.495066 0.384868 0.100329 0.087171
1 0.825658 0.384868 0.078947 0.097039
0 0.935855 0.384868 0.085526 0.101974
4 0.274671 0.495066 0.060855 0.113487
0 0.825658 0.495066 0.100329 0.087171
5 0.274671 0.605263 0.072368 0.105263
7 0.495066 0.605263 0.083882 0.072368
4 0.605263 0.605263 0.085526 0.095395
8 0.605263 0.715461 0.101974 0.093750
0 0.825658 0.715461 0.100329 0.087171
0 0.164474 0.825658 0.100329 0.087171
7 0.384868 0.825658 0.074013 0.093750
11 0.715461 0.825658 0.077303 0.116776
4 0.054276 0.935855 0.060855 0.113487
