0 0.054276 0.054276 0.075658 0.097039
10 0.935855 0.057566 0.070724 0.116776
0 0.825658 0.164474 0.075658 0.097039
0 0.054276 0.274671 0.078947 0.111842
0 0.495066 0.274671 0.075658 0.097039
0 0.605263 0.274671 0.078947 0.111842
0 0.825658 0.274671 0.075658 0.097039
4 0.935855 0.274671 0.067434 0.120066
0 0.274671 0.384868 0.078947 0.111842
4 0.605263 0.384868 0.067434 0.120066
7 0.935855 0.384868 0.070724 0.093750
11 0.054276 0.495066 0.087171 0.106908
4 0.605263 0.495066 0.069079 0.116776
0 0.715461 0.495066 0.075658 0.097039
8 0.715461 0.605263 0.072368 0.095395
8 0.825658 0.605263 0.082237 0.126645
5 0.164474 0.715461 0.074013 0.105263
1 0.825658 0.715461 0.080592 0.106908
0 0.164474 0.825658 0.075658 0.097039
7 0.715461 0.825658 0.070724 0.093750
11 0.935855 0.825658 0.087171 0.106908
7 0.274671 0.935855 0.070724 0.093750
