1 0.054276 0.054276 0.078947 0.090461
11 0.164474 0.054276 0.087171 0.103618
4 0.495066 0.054276 0.085526 0.095395
8 0.825658 0.055921 0.075658 0.111842
0 0.935855 0.054276 0.100329 0.087171
0 0.164474 0.164474 0.100329 0.087171
0 0.715461 0.164474 0.100329 0.087171
0 0.384868 0.384868 0.077303 0.106908
7 0.605263 0.384868 0.083882 0.072368
0 0.715461 0.384868 0.077303 0.106908
8 0.274671 0.495066 0.075658 0.111842
0 0.715461 0.495066 0.077303 0.106908
0 0.825658 0.495066 0.100329 0.087171
5 0.935855 0.495066 0.080592 0.095395
7 0.274671 0.715461 0.083882 0.072368
4 0.495066 0.715461 0.072368 0.123355
7 0.054276 0.825658 0.083882 0.072368
11 0.164474 0.825658 0.087171 0.103618
0 0.274671 0.825658 0.077303 0.106908
4 0.384868 0.935855 0.072368 0.123355
0 0.495066 0.935855 0.077303 0.106908
10 0.825658 0.935855 0.067434 0.090461
