0 0.605263 0.057566 0.078947 0.115132
11 0.825658 0.054276 0.092105 0.103618
0 0.054276 0.164474 0.075658 0.098684
7 0.274671 0.164474 0.069079 0.090461
0 0.164474 0.274671 0.075658 0.098684
7 0.495066 0.274671 0.085526 0.098684
10 0.384868 0.384868 0.070724 0.129934
0 0.935855 0.384868 0.075658 0.098684
8 0.384868 0.495066 0.083882 0.126645
4 0.495066 0.495066 0.075658 0.133224
1 0.605263 0.495066 0.078947 0.106908
0 0.825658 0.495066 0.075658 0.098684
11 0.274671 0.605263 0.092105 0.103618
7 0.384868 0.605263 0.085526 0.098684
0 0.825658 0.605263 0.078947 0.115132
8 0.164474 0.715461 0.070724 0.092105
0 0.825658 0.715461 0.078947 0.115132
0 0.495066 0.825658 0.078947 0.115132
4 0.054276 0.930921 0.075658 0.133224
5 0.274671 0.935855 0.083882 0.105263
0 0.715461 0.935855 0.075658 0.098684
4 0.935855 0.935855 0.074013 0.113487
