0 0.274671 0.164474 0.078947 0.115132
0 0.384868 0.164474 0.078947 0.090461
4 0.715461 0.164474 0.074013 0.113487
0 0.825658 0.164474 0.078947 0.115132
0 0.274671 0.274671 0.078947 0.115132
7 0.384868 0.274671 0.069079 0.090461
11 0.935855 0.274671 0.092105 0.103618
7 0.274671 0.384868 0.069079 0.090461
7 0.054276 0.605263 0.069079 0.090461
4 0.715461 0.605263 0.074013 0.113487
0 0.935855 0.605263 0.078947 0.115132
10 0.054276 0.715461 0.070724 0.129934
4 0.935855 0.715461 0.077303 0.115132
1 0.164474 0.825658 0.080592 0.108553
8 0.825658 0.825658 0.083882 0.126645
0 0.054276 0.935855 0.078947 0.115132
8 0.164474 0.935855 0.083882 0.126645
5 0.274671 0.935855 0.083882 0.105263
11 0.495066 0.935855 0.078947 0.095395
0 0.605263 0.935855 0.078947 0.115132
0 0.825658 0.935855 0.078947 0.090461
0 0.935855 0.935855 0.078947 0.090461
