7 0.715461 0.054276 0.075658 0.105263
0 0.825658 0.055921 0.082237 0.113487
7 0.384868 0.164474 0.075658 0.105263
10 0.605263 0.164474 0.067434 0.106908
0 0.935855 0.164474 0.074013 0.106908
8 0.384868 0.274671 0.072368 0.110197
4 0.495066 0.274671 0.065789 0.100329
5 0.495066 0.384868 0.078947 0.097039
11 0.605263 0.384868 0.087171 0.097039
0 0.935855 0.384868 0.082237 0.113487
0 0.164474 0.495066 0.074013 0.106908
0 0.495066 0.495066 0.074013 0.106908
0 0.935855 0.495066 0.082237 0.113487
4 0.164474 0.605263 0.065789 0.100329
4 0.825658 0.715461 0.065789 0.100329
1 0.164474 0.825658 0.077303 0.103618
0 0.495066 0.825658 0.082237 0.113487
11 0.605263 0.825658 0.075658 0.101974
0 0.935855 0.825658 0.074013 0.106908
7 0.384868 0.935855 0.075658 0.105263
8 0.825658 0.935855 0.072368 0.110197
0 0.935855 0.935855 0.074013 0.106908
