1 0.605263 0.054276 0.080592 0.097039
4 0.054276 0.164474 0.078947 0.093750
0 0.715461 0.164474 0.085526 0.101974
7 0.715461 0.274671 0.067434 0.087171
0 0.825658 0.274671 0.085526 0.101974
0 0.164474 0.384868 0.085526 0.098684
0 0.274671 0.384868 0.085526 0.101974
4 0.054276 0.495066 0.060855 0.113487
8 0.384868 0.495066 0.101974 0.093750
8 0.715461 0.495066 0.101974 0.093750
5 0.935855 0.495066 0.072368 0.105263
7 0.495066 0.605263 0.074013 0.093750
11 0.054276 0.715461 0.082237 0.098684
0 0.495066 0.715461 0.085526 0.098684
0 0.054276 0.825658 0.085526 0.101974
10 0.384868 0.825658 0.074013 0.121711
0 0.715461 0.825658 0.085526 0.101974
0 0.935855 0.825658 0.085526 0.101974
0 0.054276 0.935855 0.085526 0.098684
11 0.164474 0.935855 0.077303 0.116776
7 0.274671 0.935855 0.067434 0.087171
4 0.715461 0.935855 0.060855 0.113487
