7 0.054276 0.054276 0.075658 0.105263
4 0.495066 0.054276 0.065789 0.100329
7 0.054276 0.164474 0.069079 0.101974
5 0.274671 0.164474 0.077303 0.100329
4 0.605263 0.164474 0.065789 0.100329
11 0.054276 0.274671 0.087171 0.097039
1 0.164474 0.274671 0.085526 0.106908
0 0.274671 0.274671 0.085526 0.110197
0 0.605263 0.274671 0.074013 0.106908
0 0.825658 0.274671 0.085526 0.110197
0 0.054276 0.384868 0.085526 0.110197
10 0.164474 0.384868 0.067434 0.110197
0 0.825658 0.384868 0.074013 0.106908
0 0.935855 0.384868 0.085526 0.110197
7 0.384868 0.495066 0.069079 0.101974
8 0.605263 0.495066 0.077303 0.121711
0 0.825658 0.495066 0.085526 0.110197
8 0.054276 0.605263 0.077303 0.121711
11 0.605263 0.605263 0.087171 0.097039
4 0.164474 0.715461 0.072368 0.116776
0 0.935855 0.825658 0.085526 0.110197
0 0.495066 0.935855 0.074013 0.106908
