0 0.274671 0.054276 0.077303 0.106908
7 0.715461 0.054276 0.074013 0.101974
0 0.384868 0.164474 0.082237 0.113487
4 0.495066 0.164474 0.072368 0.123355
0 0.054276 0.274671 0.082237 0.113487
4 0.715461 0.274671 0.072368 0.123355
4 0.825658 0.274671 0.075658 0.113487
7 0.935855 0.274671 0.069079 0.097039
8 0.164474 0.384868 0.075658 0.111842
0 0.495066 0.384868 0.082237 0.113487
8 0.054276 0.495066 0.075658 0.111842
0 0.495066 0.495066 0.082237 0.113487
7 0.605263 0.495066 0.069079 0.097039
10 0.825658 0.495066 0.067434 0.106908
0 0.274671 0.605263 0.082237 0.113487
0 0.715461 0.605263 0.077303 0.106908
5 0.054276 0.715461 0.082237 0.097039
0 0.715461 0.715461 0.082237 0.113487
0 0.935855 0.715461 0.082237 0.113487
1 0.384868 0.825658 0.078947 0.090461
11 0.384868 0.935855 0.080592 0.101974
11 0.605263 0.935855 0.080592 0.101974
