1 0.164474 0.054276 0.074013 0.103618
11 0.274671 0.054276 0.080592 0.098684
10 0.495066 0.054276 0.067434 0.090461
1 0.715461 0.054276 0.090461 0.097039
5 0.935855 0.054276 0.078947 0.097039
0 0.054276 0.164474 0.100329 0.087171
0 0.164474 0.164474 0.077303 0.092105
10 0.495066 0.164474 0.074013 0.106908
0 0.605263 0.164474 0.082237 0.113487
12 0.825658 0.164474 0.078947 0.092105
7 0.384868 0.274671 0.062500 0.093750
0 0.495066 0.274671 0.082237 0.113487
8 0.605263 0.274671 0.074013 0.097039
5 0.164474 0.384868 0.078947 0.097039
10 0.274671 0.384868 0.067434 0.106908
0 0.384868 0.384868 0.100329 0.087171
11 0.605263 0.384868 0.080592 0.090461
13 0.054276 0.495066 0.100329 0.077303
11 0.384868 0.495066 0.087171 0.103618
11 0.605263 0.495066 0.080592 0.098684
0 0.715461 0.495066 0.077303 0.098684
0 0.825658 0.495066 0.082237 0.113487
7 0.054276 0.605263 0.083882 0.072368
5 0.164474 0.605263 0.082237 0.108553
4 0.274671 0.605263 0.085526 0.095395
4 0.825658 0.605263 0.082237 0.105263
4 0.935855 0.605263 0.074013 0.134868
5 0.054276 0.715461 0.082237 0.108553
0 0.274671 0.715461 0.100329 0.087171
8 0.605263 0.715461 0.074013 0.123355
0 0.825658 0.715461 0.077303 0.098684
8 0.054276 0.825658 0.072368 0.100329
1 0.605263 0.825658 0.075658 0.103618
11 0.715461 0.825658 0.075658 0.101974
10 0.825658 0.825658 0.067434 0.090461
11 0.935855 0.825658 0.075658 0.101974
10 0.164474 0.935855 0.064145 0.103618
8 0.274671 0.935855 0.074013 0.123355
0 0.384868 0.935855 0.100329 0.087171
0 0.495066 0.935855 0.082237 0.113487
0 0.605263 0.935855 0.100329 0.087171
5 0.715461 0.935855 0.082237 0.108553
8 0.825658 0.935855 0.101974 0.106908
11 0.935855 0.935855 0.080592 0.090461
