10 0.164474 0.060855 0.072368 0.121711
11 0.605263 0.054276 0.070724 0.075658
0 0.715461 0.054276 0.077303 0.100329
5 0.825658 0.054276 0.082237 0.097039
0 0.935855 0.054276 0.077303 0.092105
7 0.384868 0.164474 0.062500 0.093750
0 0.495066 0.164474 0.077303 0.100329
5 0.605263 0.164474 0.080592 0.095395
12 0.825658 0.164474 0.078947 0.095395
0 0.274671 0.274671 0.088816 0.106908
1 0.384868 0.274671 0.083882 0.097039
5 0.495066 0.274671 0.080592 0.095395
10 0.825658 0.274671 0.072368 0.121711
4 0.935855 0.274671 0.072368 0.123355
10 0.054276 0.384868 0.069079 0.111842
11 0.164474 0.384868 0.080592 0.098684
11 0.274671 0.384868 0.070724 0.075658
0 0.715461 0.384868 0.088816 0.106908
8 0.825658 0.384868 0.072368 0.125000
4 0.054276 0.495066 0.078947 0.106908
10 0.274671 0.495066 0.072368 0.121711
11 0.384868 0.495066 0.082237 0.100329
0 0.605263 0.495066 0.077303 0.092105
4 0.825658 0.495066 0.082237 0.105263
11 0.164474 0.605263 0.080592 0.098684
13 0.274671 0.605263 0.080592 0.101974
0 0.384868 0.605263 0.077303 0.092105
11 0.605263 0.605263 0.082237 0.100329
1 0.825658 0.605263 0.092105 0.098684
8 0.935855 0.605263 0.075658 0.111842
8 0.054276 0.715461 0.072368 0.125000
11 0.164474 0.715461 0.080592 0.098684
5 0.274671 0.715461 0.080592 0.095395
0 0.054276 0.825658 0.077303 0.106908
0 0.274671 0.825658 0.077303 0.106908
0 0.495066 0.825658 0.088816 0.106908
8 0.715461 0.825658 0.097039 0.105263
10 0.825658 0.825658 0.072368 0.121711
8 0.164474 0.935855 0.072368 0.125000
7 0.384868 0.935855 0.062500 0.093750
0 0.495066 0.935855 0.077303 0.100329
5 0.605263 0.935855 0.074013 0.100329
1 0.715461 0.935855 0.092105 0.098684
0 0.825658 0.935855 0.077303 0.100329
