0 0.164474 0.054276 0.077303 0.100329
5 0.274671 0.054276 0.074013 0.100329
7 0.384868 0.054276 0.069079 0.097039
11 0.495066 0.054276 0.087171 0.097039
0 0.605263 0.057566 0.087171 0.116776
5 0.825658 0.054276 0.074013 0.100329
8 0.935855 0.059211 0.078947 0.120066
11 0.054276 0.164474 0.075658 0.080592
10 0.495066 0.164474 0.072368 0.121711
10 0.715461 0.164474 0.072368 0.121711
5 0.825658 0.164474 0.077303 0.098684
4 0.935855 0.164474 0.088816 0.113487
10 0.054276 0.274671 0.074013 0.121711
7 0.274671 0.274671 0.090461 0.085526
5 0.605263 0.274671 0.077303 0.098684
8 0.715461 0.274671 0.078947 0.120066
0 0.825658 0.274671 0.087171 0.116776
11 0.935855 0.274671 0.087171 0.097039
1 0.384868 0.384868 0.087171 0.105263
10 0.715461 0.384868 0.074013 0.121711
0 0.935855 0.384868 0.074013 0.106908
12 0.054276 0.495066 0.092105 0.098684
11 0.164474 0.495066 0.075658 0.080592
8 0.715461 0.495066 0.078947 0.120066
0 0.935855 0.495066 0.077303 0.106908
8 0.054276 0.605263 0.072368 0.125000
13 0.164474 0.605263 0.078947 0.090461
4 0.274671 0.605263 0.065789 0.100329
11 0.495066 0.605263 0.087171 0.097039
11 0.715461 0.605263 0.080592 0.101974
8 0.825658 0.605263 0.078947 0.120066
4 0.935855 0.605263 0.088816 0.113487
5 0.274671 0.715461 0.082237 0.097039
1 0.384868 0.715461 0.088816 0.106908
0 0.495066 0.715461 0.077303 0.100329
10 0.164474 0.825658 0.067434 0.106908
0 0.274671 0.825658 0.087171 0.116776
0 0.605263 0.825658 0.077303 0.106908
0 0.715461 0.825658 0.074013 0.106908
0 0.825658 0.825658 0.087171 0.116776
11 0.164474 0.935855 0.087171 0.097039
0 0.274671 0.935855 0.077303 0.100329
1 0.605263 0.935855 0.083882 0.097039
0 0.935855 0.935855 0.077303 0.106908
