13 0.054276 0.054276 0.100329 0.095395
0 0.164474 0.054276 0.085526 0.101974
0 0.495066 0.054276 0.088816 0.106908
0 0.715461 0.054276 0.085526 0.101974
12 0.384868 0.164474 0.095395 0.082237
4 0.935855 0.164474 0.075658 0.118421
11 0.164474 0.274671 0.074013 0.110197
11 0.274671 0.274671 0.095395 0.080592
8 0.384868 0.274671 0.101974 0.093750
0 0.605263 0.274671 0.085526 0.110197
5 0.715461 0.274671 0.080592 0.095395
0 0.384868 0.384868 0.085526 0.101974
0 0.605263 0.384868 0.074013 0.098684
10 0.715461 0.384868 0.074013 0.121711
4 0.825658 0.384868 0.062500 0.101974
8 0.935855 0.384868 0.074013 0.123355
0 0.054276 0.495066 0.088816 0.106908
5 0.384868 0.495066 0.088816 0.110197
11 0.605263 0.495066 0.082237 0.100329
11 0.715461 0.495066 0.095395 0.080592
5 0.054276 0.605263 0.077303 0.100329
11 0.164474 0.605263 0.074013 0.110197
0 0.274671 0.605263 0.074013 0.098684
0 0.384868 0.605263 0.088816 0.106908
12 0.495066 0.605263 0.082237 0.110197
0 0.715461 0.605263 0.074013 0.098684
5 0.935855 0.605263 0.088816 0.110197
8 0.054276 0.715461 0.097039 0.105263
0 0.274671 0.715461 0.085526 0.110197
8 0.495066 0.715461 0.074013 0.123355
8 0.605263 0.715461 0.097039 0.105263
0 0.715461 0.715461 0.088816 0.106908
10 0.825658 0.715461 0.070724 0.110197
1 0.935855 0.715461 0.088816 0.115132
7 0.054276 0.825658 0.074013 0.093750
11 0.164474 0.825658 0.074013 0.110197
7 0.274671 0.825658 0.085526 0.098684
1 0.715461 0.825658 0.078947 0.097039
5 0.935855 0.825658 0.077303 0.100329
11 0.164474 0.935855 0.082237 0.100329
10 0.274671 0.935855 0.080592 0.098684
1 0.495066 0.935855 0.078947 0.097039
4 0.605263 0.935855 0.075658 0.118421
10 0.935855 0.935855 0.080592 0.098684
