0 0.384868 0.054276 0.074013 0.106908
7 0.825658 0.054276 0.082237 0.103618
10 0.164474 0.164474 0.067434 0.110197
5 0.274671 0.164474 0.080592 0.097039
13 0.384868 0.164474 0.075658 0.088816
10 0.605263 0.164474 0.070724 0.105263
0 0.715461 0.164474 0.075658 0.098684
4 0.935855 0.164474 0.074013 0.134868
1 0.164474 0.274671 0.078947 0.106908
0 0.274671 0.274671 0.077303 0.098684
8 0.605263 0.274671 0.085526 0.103618
12 0.825658 0.274671 0.083882 0.093750
0 0.054276 0.384868 0.074013 0.106908
1 0.384868 0.384868 0.074013 0.103618
5 0.605263 0.384868 0.077303 0.098684
11 0.054276 0.495066 0.078947 0.085526
10 0.164474 0.495066 0.067434 0.110197
0 0.605263 0.495066 0.078947 0.101974
11 0.715461 0.495066 0.080592 0.090461
8 0.825658 0.495066 0.072368 0.110197
4 0.935855 0.495066 0.075658 0.133224
0 0.054276 0.605263 0.078947 0.101974
10 0.164474 0.605263 0.070724 0.105263
8 0.274671 0.605263 0.072368 0.110197
8 0.495066 0.605263 0.085526 0.103618
1 0.605263 0.605263 0.088816 0.106908
8 0.715461 0.605263 0.085526 0.103618
0 0.935855 0.605263 0.078947 0.101974
7 0.054276 0.715461 0.075658 0.105263
5 0.495066 0.715461 0.077303 0.098684
11 0.605263 0.715461 0.087171 0.097039
11 0.715461 0.715461 0.080592 0.090461
0 0.825658 0.715461 0.074013 0.106908
11 0.935855 0.715461 0.087171 0.097039
0 0.054276 0.825658 0.074013 0.106908
11 0.164474 0.825658 0.087171 0.097039
0 0.274671 0.825658 0.075658 0.098684
10 0.384868 0.825658 0.064145 0.103618
11 0.495066 0.825658 0.083882 0.098684
0 0.605263 0.825658 0.078947 0.101974
4 0.825658 0.825658 0.065789 0.100329
0 0.935855 0.825658 0.077303 0.098684
5 0.384868 0.935855 0.077303 0.098684
5 0.935855 0.935855 0.080592 0.101974
