4 0.054276 0.057566 0.074013 0.115132
11 0.274671 0.054276 0.080592 0.090461
0 0.384868 0.054276 0.077303 0.098684
1 0.605263 0.054276 0.085526 0.106908
0 0.825658 0.054276 0.077303 0.098684
10 0.054276 0.164474 0.064145 0.103618
11 0.164474 0.164474 0.082237 0.100329
11 0.384868 0.164474 0.080592 0.090461
10 0.605263 0.164474 0.064145 0.103618
8 0.054276 0.274671 0.077303 0.118421
0 0.274671 0.274671 0.088816 0.110197
0 0.495066 0.274671 0.085526 0.110197
11 0.715461 0.274671 0.087171 0.106908
5 0.825658 0.274671 0.077303 0.098684
0 0.935855 0.274671 0.088816 0.110197
0 0.164474 0.384868 0.085526 0.110197
0 0.274671 0.384868 0.078947 0.111842
1 0.384868 0.384868 0.074013 0.103618
4 0.715461 0.384868 0.072368 0.116776
5 0.825658 0.384868 0.080592 0.097039
0 0.164474 0.495066 0.088816 0.110197
10 0.274671 0.495066 0.077303 0.106908
8 0.384868 0.495066 0.074013 0.097039
0 0.825658 0.495066 0.077303 0.098684
8 0.164474 0.605263 0.077303 0.121711
10 0.274671 0.605263 0.065789 0.126645
11 0.384868 0.605263 0.074013 0.110197
7 0.605263 0.605263 0.069079 0.101974
0 0.715461 0.605263 0.088816 0.110197
5 0.825658 0.605263 0.077303 0.100329
10 0.054276 0.715461 0.064145 0.103618
5 0.164474 0.715461 0.077303 0.098684
4 0.605263 0.715461 0.067434 0.120066
11 0.715461 0.715461 0.082237 0.100329
0 0.054276 0.825658 0.078947 0.111842
1 0.274671 0.825658 0.080592 0.106908
5 0.384868 0.825658 0.080592 0.097039
8 0.495066 0.825658 0.077303 0.118421
7 0.715461 0.825658 0.069079 0.101974
8 0.825658 0.825658 0.077303 0.121711
13 0.054276 0.935855 0.083882 0.093750
11 0.164474 0.935855 0.074013 0.110197
12 0.274671 0.935855 0.075658 0.095395
0 0.715461 0.935855 0.077303 0.098684
