0 0.054276 0.054276 0.085526 0.101974
0 0.164474 0.054276 0.077303 0.092105
5 0.384868 0.054276 0.077303 0.103618
11 0.495066 0.054276 0.082237 0.098684
4 0.715461 0.055921 0.060855 0.113487
10 0.825658 0.060855 0.074013 0.121711
11 0.164474 0.164474 0.082237 0.098684
8 0.715461 0.164474 0.074013 0.123355
11 0.935855 0.164474 0.080592 0.098684
0 0.495066 0.274671 0.077303 0.092105
0 0.605263 0.274671 0.078947 0.090461
0 0.715461 0.274671 0.077303 0.092105
11 0.825658 0.274671 0.078947 0.095395
5 0.054276 0.384868 0.082237 0.108553
12 0.164474 0.384868 0.069079 0.088816
8 0.274671 0.384868 0.067434 0.121711
5 0.384868 0.384868 0.077303 0.103618
4 0.495066 0.384868 0.082237 0.105263
10 0.825658 0.384868 0.067434 0.093750
10 0.935855 0.384868 0.074013 0.121711
11 0.054276 0.495066 0.078947 0.095395
7 0.384868 0.495066 0.062500 0.093750
0 0.715461 0.495066 0.085526 0.098684
0 0.825658 0.495066 0.077303 0.092105
10 0.935855 0.495066 0.067434 0.093750
11 0.054276 0.605263 0.077303 0.116776
8 0.495066 0.605263 0.072368 0.100329
10 0.605263 0.605263 0.074013 0.106908
5 0.825658 0.605263 0.077303 0.103618
0 0.054276 0.715461 0.077303 0.092105
4 0.164474 0.715461 0.082237 0.105263
1 0.384868 0.715461 0.078947 0.103618
12 0.495066 0.715461 0.083882 0.098684
0 0.715461 0.715461 0.085526 0.098684
13 0.274671 0.825658 0.075658 0.105263
0 0.384868 0.825658 0.085526 0.101974
11 0.495066 0.825658 0.080592 0.098684
1 0.825658 0.825658 0.078947 0.097039
1 0.054276 0.935855 0.078947 0.103618
0 0.274671 0.935855 0.077303 0.092105
7 0.495066 0.935855 0.074013 0.093750
8 0.715461 0.935855 0.101974 0.093750
0 0.825658 0.935855 0.078947 0.090461
8 0.935855 0.935855 0.101974 0.093750
