11 0.274671 0.054276 0.075658 0.080592
0 0.495066 0.057566 0.087171 0.116776
0 0.715461 0.054276 0.077303 0.106908
4 0.825658 0.054276 0.085526 0.095395
10 0.935855 0.060855 0.074013 0.121711
7 0.054276 0.164474 0.069079 0.097039
4 0.274671 0.164474 0.075658 0.133224
10 0.495066 0.164474 0.067434 0.090461
11 0.715461 0.164474 0.080592 0.101974
8 0.825658 0.164474 0.101974 0.106908
12 0.935855 0.164474 0.101974 0.085526
11 0.054276 0.274671 0.080592 0.101974
5 0.164474 0.274671 0.082237 0.097039
8 0.384868 0.274671 0.101974 0.106908
4 0.715461 0.274671 0.088816 0.113487
0 0.054276 0.384868 0.075658 0.098684
5 0.164474 0.384868 0.080592 0.101974
0 0.384868 0.384868 0.077303 0.106908
13 0.715461 0.384868 0.074013 0.085526
11 0.825658 0.384868 0.087171 0.103618
1 0.935855 0.384868 0.078947 0.106908
1 0.384868 0.495066 0.078947 0.106908
5 0.715461 0.495066 0.082237 0.097039
5 0.825658 0.495066 0.080592 0.101974
5 0.935855 0.495066 0.080592 0.095395
8 0.054276 0.605263 0.078947 0.120066
8 0.274671 0.605263 0.075658 0.111842
11 0.384868 0.605263 0.087171 0.103618
0 0.495066 0.605263 0.075658 0.098684
12 0.935855 0.605263 0.078947 0.095395
10 0.054276 0.715461 0.067434 0.106908
0 0.164474 0.715461 0.075658 0.098684
10 0.274671 0.715461 0.067434 0.106908
0 0.605263 0.715461 0.087171 0.116776
0 0.935855 0.715461 0.100329 0.087171
0 0.164474 0.825658 0.077303 0.106908
0 0.384868 0.825658 0.077303 0.106908
0 0.495066 0.825658 0.077303 0.106908
10 0.825658 0.825658 0.074013 0.121711
11 0.935855 0.825658 0.087171 0.103618
0 0.164474 0.935855 0.077303 0.106908
8 0.274671 0.935855 0.075658 0.111842
1 0.495066 0.935855 0.090461 0.097039
7 0.935855 0.935855 0.069079 0.097039
