8 0.164474 0.054276 0.072368 0.100329
11 0.274671 0.054276 0.082237 0.098684
1 0.384868 0.054276 0.080592 0.097039
10 0.495066 0.054276 0.064145 0.103618
0 0.715461 0.054276 0.077303 0.092105
4 0.825658 0.057566 0.069079 0.116776
10 0.274671 0.164474 0.070724 0.116776
0 0.384868 0.164474 0.077303 0.098684
0 0.495066 0.164474 0.075658 0.097039
5 0.605263 0.164474 0.080592 0.097039
7 0.715461 0.164474 0.070724 0.090461
0 0.825658 0.164474 0.077303 0.098684
4 0.164474 0.274671 0.069079 0.116776
0 0.384868 0.274671 0.085526 0.098684
11 0.715461 0.274671 0.077303 0.110197
0 0.825658 0.274671 0.075658 0.097039
5 0.935855 0.274671 0.074013 0.105263
10 0.384868 0.384868 0.064145 0.103618
0 0.605263 0.384868 0.075658 0.097039
11 0.715461 0.384868 0.082237 0.098684
1 0.935855 0.384868 0.080592 0.097039
1 0.164474 0.495066 0.080592 0.097039
7 0.274671 0.495066 0.067434 0.087171
8 0.384868 0.495066 0.072368 0.095395
0 0.605263 0.495066 0.077303 0.098684
8 0.715461 0.495066 0.072368 0.100329
5 0.935855 0.495066 0.074013 0.105263
0 0.605263 0.605263 0.077303 0.098684
11 0.715461 0.605263 0.080592 0.098684
10 0.935855 0.605263 0.074013 0.106908
5 0.054276 0.715461 0.082237 0.108553
5 0.164474 0.715461 0.082237 0.108553
10 0.384868 0.715461 0.070724 0.116776
4 0.495066 0.715461 0.078947 0.093750
0 0.605263 0.715461 0.077303 0.098684
13 0.715461 0.715461 0.075658 0.105263
11 0.935855 0.715461 0.082237 0.098684
8 0.384868 0.825658 0.074013 0.097039
11 0.715461 0.825658 0.082237 0.098684
11 0.054276 0.935855 0.082237 0.098684
0 0.164474 0.935855 0.077303 0.098684
12 0.384868 0.935855 0.069079 0.088816
8 0.605263 0.935855 0.072368 0.095395
0 0.715461 0.935855 0.077303 0.098684
