10 0.054276 0.054276 0.075658 0.103618
12 0.825658 0.054276 0.074013 0.095395
12 0.054276 0.164474 0.074013 0.095395
0 0.164474 0.164474 0.085526 0.098684
5 0.384868 0.164474 0.077303 0.100329
13 0.495066 0.164474 0.077303 0.095395
10 0.605263 0.164474 0.070724 0.110197
11 0.715461 0.164474 0.083882 0.098684
11 0.825658 0.164474 0.087171 0.097039
11 0.935855 0.164474 0.083882 0.098684
0 0.274671 0.274671 0.085526 0.098684
1 0.384868 0.274671 0.083882 0.106908
11 0.715461 0.274671 0.074013 0.110197
0 0.054276 0.384868 0.074013 0.106908
1 0.164474 0.384868 0.080592 0.097039
0 0.274671 0.384868 0.085526 0.098684
8 0.825658 0.384868 0.085526 0.103618
10 0.935855 0.384868 0.070724 0.110197
10 0.054276 0.495066 0.069079 0.093750
10 0.164474 0.495066 0.070724 0.110197
1 0.274671 0.495066 0.083882 0.106908
0 0.495066 0.495066 0.078947 0.101974
4 0.054276 0.605263 0.105263 0.092105
7 0.274671 0.605263 0.069079 0.101974
0 0.384868 0.605263 0.078947 0.101974
11 0.495066 0.605263 0.074013 0.110197
7 0.605263 0.605263 0.069079 0.101974
8 0.715461 0.605263 0.077303 0.121711
8 0.825658 0.605263 0.072368 0.110197
0 0.935855 0.605263 0.085526 0.098684
0 0.164474 0.715461 0.085526 0.098684
5 0.495066 0.715461 0.077303 0.098684
4 0.715461 0.715461 0.065789 0.100329
11 0.935855 0.715461 0.074013 0.110197
5 0.274671 0.825658 0.077303 0.098684
5 0.384868 0.825658 0.077303 0.100329
0 0.495066 0.825658 0.085526 0.110197
0 0.054276 0.935855 0.085526 0.110197
4 0.164474 0.935855 0.065789 0.100329
0 0.274671 0.935855 0.078947 0.101974
0 0.495066 0.935855 0.085526 0.110197
8 0.605263 0.935855 0.074013 0.123355
5 0.715461 0.935855 0.077303 0.098684
11 0.935855 0.935855 0.083882 0.098684
