0 0.495066 0.054276 0.078947 0.090461
0 0.825658 0.054276 0.085526 0.098684
10 0.054276 0.164474 0.069079 0.093750
0 0.164474 0.164474 0.078947 0.115132
0 0.384868 0.164474 0.078947 0.090461
0 0.495066 0.164474 0.078947 0.090461
0 0.715461 0.164474 0.085526 0.098684
1 0.825658 0.164474 0.078947 0.103618
7 0.054276 0.274671 0.067434 0.087171
0 0.164474 0.274671 0.078947 0.090461
5 0.605263 0.274671 0.075658 0.097039
1 0.825658 0.274671 0.077303 0.103618
8 0.935855 0.274671 0.083882 0.126645
7 0.384868 0.384868 0.067434 0.087171
11 0.495066 0.384868 0.078947 0.095395
10 0.935855 0.384868 0.067434 0.106908
4 0.054276 0.495066 0.077303 0.115132
11 0.384868 0.495066 0.082237 0.098684
1 0.605263 0.495066 0.078947 0.103618
8 0.715461 0.495066 0.067434 0.121711
4 0.935855 0.495066 0.075658 0.113487
8 0.164474 0.605263 0.083882 0.126645
12 0.384868 0.605263 0.078947 0.092105
11 0.495066 0.605263 0.092105 0.103618
0 0.605263 0.605263 0.078947 0.090461
8 0.825658 0.605263 0.074013 0.123355
11 0.054276 0.715461 0.075658 0.101974
10 0.164474 0.715461 0.067434 0.106908
0 0.384868 0.715461 0.078947 0.090461
12 0.605263 0.715461 0.083882 0.098684
0 0.935855 0.715461 0.082237 0.113487
0 0.054276 0.825658 0.078947 0.090461
11 0.164474 0.825658 0.082237 0.098684
11 0.274671 0.825658 0.075658 0.101974
4 0.384868 0.825658 0.075658 0.113487
8 0.605263 0.825658 0.067434 0.121711
10 0.715461 0.825658 0.067434 0.106908
5 0.935855 0.825658 0.075658 0.097039
5 0.054276 0.935855 0.078947 0.097039
10 0.164474 0.934211 0.070724 0.129934
13 0.274671 0.935855 0.062500 0.083882
0 0.495066 0.935855 0.082237 0.113487
11 0.605263 0.935855 0.078947 0.095395
5 0.825658 0.935855 0.083882 0.105263
