0 0.054276 0.054276 0.085526 0.098684
7 0.164474 0.054276 0.075658 0.105263
8 0.384868 0.054276 0.072368 0.110197
4 0.605263 0.054276 0.078947 0.093750
5 0.715461 0.054276 0.075658 0.097039
8 0.054276 0.164474 0.074013 0.097039
10 0.164474 0.164474 0.064145 0.103618
5 0.274671 0.164474 0.080592 0.097039
12 0.495066 0.164474 0.078947 0.095395
4 0.054276 0.274671 0.074013 0.134868
0 0.164474 0.274671 0.085526 0.098684
7 0.274671 0.274671 0.082237 0.103618
10 0.384868 0.274671 0.067434 0.110197
10 0.605263 0.274671 0.069079 0.093750
11 0.825658 0.274671 0.087171 0.097039
0 0.935855 0.274671 0.074013 0.106908
1 0.274671 0.384868 0.074013 0.103618
12 0.384868 0.384868 0.078947 0.095395
8 0.495066 0.384868 0.074013 0.097039
0 0.605263 0.384868 0.074013 0.106908
11 0.164474 0.495066 0.087171 0.097039
8 0.274671 0.495066 0.074013 0.097039
11 0.495066 0.495066 0.080592 0.090461
8 0.605263 0.495066 0.074013 0.123355
0 0.935855 0.495066 0.077303 0.098684
0 0.054276 0.605263 0.085526 0.098684
13 0.164474 0.605263 0.075658 0.088816
0 0.274671 0.605263 0.074013 0.106908
10 0.384868 0.605263 0.067434 0.110197
0 0.935855 0.605263 0.085526 0.098684
0 0.164474 0.715461 0.077303 0.098684
1 0.274671 0.715461 0.074013 0.103618
1 0.495066 0.715461 0.074013 0.103618
4 0.605263 0.715461 0.074013 0.134868
11 0.825658 0.715461 0.080592 0.090461
5 0.054276 0.825658 0.077303 0.098684
0 0.384868 0.825658 0.074013 0.106908
5 0.605263 0.825658 0.080592 0.097039
10 0.715461 0.825658 0.064145 0.103618
11 0.054276 0.935855 0.080592 0.090461
5 0.495066 0.935855 0.077303 0.098684
0 0.715461 0.935855 0.074013 0.106908
11 0.825658 0.935855 0.087171 0.097039
0 0.935855 0.935855 0.085526 0.098684
