4 0.164474 0.054276 0.078947 0.106908
11 0.384868 0.054276 0.070724 0.075658
8 0.495066 0.062500 0.072368 0.125000
11 0.605263 0.054276 0.082237 0.100329
5 0.825658 0.054276 0.074013 0.100329
11 0.935855 0.054276 0.070724 0.075658
5 0.274671 0.164474 0.074013 0.100329
1 0.495066 0.164474 0.077303 0.093750
0 0.715461 0.164474 0.088816 0.110197
7 0.935855 0.164474 0.078947 0.103618
5 0.054276 0.274671 0.074013 0.100329
8 0.164474 0.274671 0.078947 0.120066
11 0.384868 0.274671 0.075658 0.080592
7 0.715461 0.274671 0.078947 0.085526
0 0.054276 0.384868 0.087171 0.116776
1 0.274671 0.384868 0.077303 0.093750
0 0.384868 0.384868 0.088816 0.110197
4 0.605263 0.384868 0.078947 0.106908
0 0.825658 0.384868 0.087171 0.116776
0 0.935855 0.384868 0.087171 0.116776
5 0.054276 0.495066 0.077303 0.098684
10 0.605263 0.495066 0.077303 0.106908
11 0.715461 0.495066 0.082237 0.100329
13 0.935855 0.495066 0.078947 0.090461
8 0.384868 0.605263 0.072368 0.125000
8 0.495066 0.605263 0.077303 0.118421
0 0.605263 0.605263 0.087171 0.116776
10 0.715461 0.605263 0.077303 0.106908
8 0.825658 0.605263 0.072368 0.125000
4 0.935855 0.605263 0.088816 0.113487
5 0.164474 0.715461 0.074013 0.101974
10 0.605263 0.715461 0.072368 0.121711
0 0.715461 0.715461 0.077303 0.100329
11 0.935855 0.715461 0.070724 0.075658
0 0.274671 0.825658 0.077303 0.100329
12 0.384868 0.825658 0.077303 0.100329
0 0.495066 0.825658 0.077303 0.100329
0 0.825658 0.825658 0.087171 0.116776
10 0.384868 0.935855 0.077303 0.106908
0 0.495066 0.935855 0.088816 0.110197
1 0.605263 0.935855 0.087171 0.105263
0 0.715461 0.935855 0.077303 0.100329
10 0.825658 0.935855 0.077303 0.106908
11 0.935855 0.935855 0.075658 0.080592
