12 0.054276 0.054276 0.075658 0.095395
0 0.274671 0.054276 0.088816 0.110197
8 0.495066 0.054276 0.101974 0.106908
0 0.715461 0.054276 0.100329 0.087171
7 0.825658 0.054276 0.075658 0.105263
8 0.054276 0.164474 0.101974 0.106908
8 0.605263 0.164474 0.072368 0.110197
0 0.825658 0.164474 0.085526 0.098684
11 0.935855 0.164474 0.082237 0.100329
0 0.384868 0.274671 0.088816 0.110197
11 0.495066 0.274671 0.082237 0.100329
5 0.715461 0.274671 0.077303 0.098684
0 0.935855 0.274671 0.074013 0.106908
10 0.384868 0.384868 0.067434 0.090461
4 0.495066 0.384868 0.074013 0.115132
0 0.605263 0.384868 0.085526 0.098684
10 0.825658 0.384868 0.067434 0.090461
11 0.935855 0.384868 0.087171 0.097039
13 0.054276 0.495066 0.100329 0.077303
0 0.274671 0.495066 0.088816 0.110197
11 0.605263 0.495066 0.087171 0.103618
0 0.825658 0.495066 0.085526 0.098684
1 0.274671 0.605263 0.090461 0.097039
5 0.384868 0.605263 0.077303 0.098684
11 0.605263 0.605263 0.087171 0.103618
0 0.715461 0.605263 0.085526 0.098684
5 0.935855 0.605263 0.077303 0.098684
8 0.054276 0.715461 0.101974 0.106908
7 0.164474 0.715461 0.067434 0.087171
5 0.274671 0.715461 0.075658 0.097039
5 0.384868 0.715461 0.077303 0.098684
1 0.605263 0.715461 0.077303 0.093750
1 0.935855 0.715461 0.077303 0.093750
4 0.164474 0.825658 0.065789 0.100329
10 0.384868 0.825658 0.069079 0.093750
11 0.935855 0.825658 0.082237 0.100329
4 0.054276 0.935855 0.074013 0.115132
0 0.274671 0.935855 0.088816 0.110197
0 0.384868 0.935855 0.085526 0.098684
0 0.495066 0.935855 0.100329 0.087171
10 0.605263 0.935855 0.077303 0.106908
12 0.715461 0.935855 0.101974 0.085526
10 0.825658 0.935855 0.069079 0.093750
8 0.935855 0.935855 0.077303 0.118421
