0 0.054276 0.054276 0.085526 0.098684
11 0.164474 0.054276 0.080592 0.098684
8 0.274671 0.054276 0.072368 0.100329
1 0.495066 0.054276 0.078947 0.106908
0 0.605263 0.054276 0.075658 0.098684
0 0.825658 0.054276 0.085526 0.098684
12 0.054276 0.164474 0.083882 0.093750
8 0.164474 0.164474 0.070724 0.092105
0 0.274671 0.164474 0.077303 0.106908
0 0.495066 0.164474 0.075658 0.098684
8 0.605263 0.164474 0.072368 0.100329
5 0.935855 0.164474 0.082237 0.097039
11 0.054276 0.274671 0.080592 0.101974
10 0.384868 0.274671 0.067434 0.106908
7 0.715461 0.274671 0.069079 0.097039
4 0.935855 0.274671 0.072368 0.123355
0 0.054276 0.384868 0.075658 0.098684
5 0.164474 0.384868 0.082237 0.108553
5 0.274671 0.384868 0.082237 0.108553
0 0.384868 0.384868 0.077303 0.092105
10 0.715461 0.384868 0.074013 0.106908
11 0.054276 0.495066 0.080592 0.098684
11 0.274671 0.495066 0.082237 0.098684
8 0.384868 0.495066 0.070724 0.092105
7 0.715461 0.495066 0.085526 0.098684
1 0.825658 0.495066 0.080592 0.097039
11 0.935855 0.495066 0.082237 0.098684
5 0.164474 0.605263 0.082237 0.108553
0 0.495066 0.605263 0.085526 0.098684
0 0.605263 0.605263 0.077303 0.106908
1 0.825658 0.605263 0.075658 0.103618
8 0.935855 0.605263 0.072368 0.100329
10 0.164474 0.715461 0.070724 0.105263
13 0.274671 0.715461 0.074013 0.085526
4 0.384868 0.715461 0.078947 0.093750
0 0.605263 0.715461 0.085526 0.098684
10 0.715461 0.715461 0.067434 0.106908
11 0.825658 0.715461 0.082237 0.098684
11 0.054276 0.825658 0.080592 0.098684
5 0.164474 0.825658 0.082237 0.108553
0 0.495066 0.825658 0.077303 0.106908
4 0.605263 0.825658 0.078947 0.093750
0 0.164474 0.935855 0.075658 0.098684
10 0.715461 0.935855 0.067434 0.106908
