8 0.054276 0.054276 0.070724 0.092105
0 0.164474 0.057566 0.087171 0.116776
8 0.825658 0.054276 0.072368 0.095395
11 0.164474 0.164474 0.078947 0.085526
1 0.274671 0.164474 0.087171 0.105263
8 0.495066 0.164474 0.072368 0.095395
0 0.715461 0.164474 0.075658 0.098684
13 0.054276 0.274671 0.088816 0.098684
0 0.274671 0.274671 0.075658 0.098684
5 0.384868 0.274671 0.080592 0.101974
7 0.495066 0.274671 0.090461 0.085526
1 0.715461 0.274671 0.080592 0.097039
11 0.825658 0.274671 0.075658 0.080592
5 0.054276 0.384868 0.080592 0.101974
10 0.495066 0.384868 0.070724 0.105263
5 0.715461 0.384868 0.074013 0.101974
0 0.825658 0.384868 0.075658 0.097039
5 0.935855 0.384868 0.074013 0.105263
4 0.384868 0.495066 0.069079 0.116776
1 0.495066 0.495066 0.080592 0.097039
0 0.605263 0.495066 0.075658 0.098684
0 0.935855 0.495066 0.087171 0.116776
0 0.274671 0.605263 0.075658 0.097039
5 0.384868 0.605263 0.074013 0.105263
8 0.495066 0.605263 0.070724 0.092105
11 0.715461 0.605263 0.077303 0.110197
8 0.825658 0.605263 0.078947 0.120066
11 0.054276 0.715461 0.075658 0.080592
11 0.274671 0.715461 0.078947 0.085526
11 0.384868 0.715461 0.075658 0.080592
10 0.495066 0.715461 0.070724 0.105263
0 0.605263 0.715461 0.075658 0.098684
4 0.715461 0.715461 0.075658 0.133224
7 0.825658 0.715461 0.070724 0.090461
0 0.054276 0.825658 0.075658 0.097039
0 0.164474 0.825658 0.075658 0.098684
0 0.274671 0.825658 0.075658 0.098684
11 0.605263 0.825658 0.078947 0.085526
4 0.935855 0.825658 0.069079 0.116776
10 0.054276 0.935855 0.070724 0.105263
10 0.274671 0.935855 0.070724 0.116776
10 0.495066 0.935855 0.070724 0.105263
12 0.715461 0.935855 0.080592 0.113487
0 0.825658 0.935855 0.075658 0.098684
