1 0.054276 0.054276 0.078947 0.103618
0 0.164474 0.054276 0.085526 0.101974
11 0.274671 0.057566 0.077303 0.116776
11 0.384868 0.054276 0.080592 0.090461
10 0.715461 0.060855 0.074013 0.121711
5 0.054276 0.164474 0.077303 0.103618
5 0.384868 0.164474 0.080592 0.097039
4 0.605263 0.164474 0.060855 0.113487
7 0.715461 0.164474 0.074013 0.093750
10 0.935855 0.164474 0.067434 0.093750
12 0.164474 0.274671 0.083882 0.087171
0 0.274671 0.274671 0.077303 0.098684
1 0.495066 0.274671 0.083882 0.106908
0 0.715461 0.274671 0.078947 0.090461
0 0.935855 0.274671 0.085526 0.101974
0 0.054276 0.384868 0.078947 0.090461
0 0.274671 0.384868 0.078947 0.101974
5 0.384868 0.384868 0.077303 0.103618
4 0.605263 0.384868 0.077303 0.115132
5 0.715461 0.384868 0.072368 0.105263
11 0.935855 0.384868 0.080592 0.090461
10 0.054276 0.495066 0.074013 0.121711
13 0.164474 0.495066 0.080592 0.100329
0 0.384868 0.495066 0.077303 0.098684
0 0.715461 0.495066 0.085526 0.101974
11 0.825658 0.495066 0.078947 0.095395
1 0.495066 0.605263 0.078947 0.103618
11 0.715461 0.605263 0.077303 0.116776
8 0.935855 0.605263 0.067434 0.121711
11 0.164474 0.715461 0.080592 0.090461
0 0.274671 0.715461 0.078947 0.090461
10 0.605263 0.715461 0.064145 0.103618
8 0.715461 0.715461 0.085526 0.103618
8 0.054276 0.825658 0.067434 0.121711
0 0.384868 0.825658 0.078947 0.090461
5 0.495066 0.825658 0.077303 0.103618
8 0.825658 0.825658 0.074013 0.097039
0 0.935855 0.825658 0.078947 0.101974
8 0.054276 0.935855 0.067434 0.121711
11 0.274671 0.935855 0.078947 0.095395
10 0.384868 0.935855 0.067434 0.093750
4 0.495066 0.935855 0.077303 0.115132
0 0.605263 0.935855 0.077303 0.098684
7 0.715461 0.935855 0.082237 0.103618
