11 0.054276 0.054276 0.092105 0.103618
1 0.274671 0.054276 0.080592 0.108553
0 0.384868 0.054276 0.075658 0.098684
0 0.495066 0.054276 0.075658 0.098684
11 0.715461 0.054276 0.078947 0.085526
0 0.825658 0.054276 0.075658 0.098684
0 0.935855 0.055921 0.082237 0.113487
5 0.274671 0.164474 0.083882 0.105263
5 0.825658 0.164474 0.080592 0.101974
4 0.054276 0.274671 0.075658 0.133224
7 0.164474 0.274671 0.074013 0.101974
4 0.274671 0.274671 0.075658 0.133224
5 0.715461 0.274671 0.083882 0.105263
12 0.825658 0.274671 0.075658 0.095395
11 0.935855 0.274671 0.082237 0.100329
11 0.054276 0.384868 0.082237 0.100329
10 0.274671 0.384868 0.070724 0.129934
11 0.384868 0.384868 0.075658 0.101974
10 0.605263 0.384868 0.077303 0.106908
7 0.715461 0.384868 0.069079 0.090461
5 0.935855 0.384868 0.080592 0.101974
10 0.054276 0.495066 0.077303 0.106908
11 0.164474 0.495066 0.082237 0.100329
1 0.274671 0.495066 0.077303 0.103618
8 0.384868 0.495066 0.077303 0.118421
0 0.825658 0.495066 0.078947 0.115132
8 0.164474 0.605263 0.077303 0.118421
0 0.274671 0.605263 0.075658 0.098684
0 0.384868 0.605263 0.075658 0.098684
8 0.495066 0.605263 0.077303 0.118421
0 0.605263 0.605263 0.082237 0.113487
8 0.825658 0.605263 0.077303 0.118421
0 0.935855 0.605263 0.082237 0.113487
11 0.164474 0.715461 0.082237 0.100329
8 0.274671 0.715461 0.070724 0.092105
0 0.384868 0.715461 0.082237 0.113487
10 0.715461 0.715461 0.070724 0.105263
10 0.274671 0.825658 0.077303 0.106908
0 0.715461 0.825658 0.082237 0.113487
4 0.054276 0.930921 0.075658 0.133224
13 0.274671 0.935855 0.074013 0.085526
1 0.605263 0.935855 0.077303 0.093750
5 0.825658 0.935855 0.077303 0.098684
0 0.935855 0.935855 0.078947 0.115132
