0 0.054276 0.055921 0.078947 0.111842
7 0.274671 0.054276 0.067434 0.087171
8 0.384868 0.055921 0.075658 0.111842
10 0.495066 0.064145 0.070724 0.129934
5 0.605263 0.054276 0.082237 0.097039
10 0.825658 0.054276 0.067434 0.106908
1 0.935855 0.054276 0.080592 0.106908
7 0.054276 0.164474 0.069079 0.097039
12 0.164474 0.164474 0.078947 0.095395
8 0.274671 0.164474 0.074013 0.123355
10 0.384868 0.164474 0.067434 0.106908
8 0.495066 0.164474 0.074013 0.123355
10 0.715461 0.164474 0.070724 0.129934
8 0.935855 0.164474 0.082237 0.126645
10 0.054276 0.274671 0.080592 0.098684
5 0.164474 0.274671 0.082237 0.097039
12 0.274671 0.274671 0.078947 0.095395
0 0.384868 0.274671 0.077303 0.106908
11 0.605263 0.274671 0.080592 0.101974
5 0.825658 0.274671 0.083882 0.105263
0 0.935855 0.274671 0.085526 0.098684
11 0.054276 0.384868 0.080592 0.101974
11 0.164474 0.384868 0.087171 0.106908
8 0.274671 0.384868 0.074013 0.123355
9 0.384868 0.384868 0.069079 0.092105
0 0.495066 0.384868 0.078947 0.115132
0 0.605263 0.384868 0.085526 0.098684
11 0.935855 0.384868 0.082237 0.098684
4 0.054276 0.495066 0.075658 0.118421
7 0.164474 0.495066 0.070724 0.093750
0 0.274671 0.495066 0.077303 0.106908
11 0.715461 0.495066 0.095395 0.080592
8 0.825658 0.495066 0.074013 0.123355
8 0.935855 0.495066 0.075658 0.111842
8 0.054276 0.605263 0.082237 0.126645
4 0.164474 0.605263 0.072368 0.123355
12 0.384868 0.605263 0.080592 0.115132
5 0.495066 0.605263 0.077303 0.100329
11 0.605263 0.605263 0.080592 0.101974
4 0.715461 0.605263 0.072368 0.123355
4 0.825658 0.605263 0.072368 0.123355
5 0.935855 0.605263 0.083882 0.105263
0 0.054276 0.715461 0.074013 0.098684
11 0.164474 0.715461 0.080592 0.101974
10 0.274671 0.715461 0.080592 0.098684
7 0.384868 0.715461 0.085526 0.098684
4 0.495066 0.715461 0.074013 0.113487
1 0.605263 0.715461 0.080592 0.097039
7 0.715461 0.715461 0.069079 0.090461
0 0.825658 0.715461 0.077303 0.106908
1 0.935855 0.715461 0.088816 0.115132
0 0.164474 0.825658 0.077303 0.106908
9 0.274671 0.825658 0.080592 0.105263
5 0.384868 0.825658 0.083882 0.105263
10 0.495066 0.825658 0.070724 0.129934
4 0.605263 0.825658 0.072368 0.123355
5 0.715461 0.825658 0.083882 0.105263
0 0.935855 0.825658 0.077303 0.106908
8 0.054276 0.935855 0.075658 0.111842
12 0.164474 0.935855 0.078947 0.095395
8 0.274671 0.935855 0.083882 0.126645
10 0.384868 0.935855 0.067434 0.106908
1 0.495066 0.935855 0.088816 0.115132
11 0.605263 0.935855 0.080592 0.101974
1 0.715461 0.935855 0.080592 0.097039
0 0.935855 0.935855 0.074013 0.098684
