4 0.054276 0.057566 0.072368 0.116776
0 0.164474 0.054276 0.077303 0.106908
8 0.274671 0.059211 0.078947 0.120066
5 0.384868 0.054276 0.082237 0.097039
0 0.495066 0.054276 0.074013 0.106908
11 0.605263 0.054276 0.080592 0.101974
4 0.715461 0.057566 0.072368 0.116776
1 0.825658 0.054276 0.078947 0.103618
12 0.935855 0.054276 0.074013 0.097039
10 0.054276 0.164474 0.067434 0.093750
8 0.164474 0.164474 0.075658 0.111842
10 0.274671 0.164474 0.070724 0.129934
0 0.384868 0.164474 0.077303 0.106908
10 0.715461 0.164474 0.070724 0.129934
5 0.825658 0.164474 0.083882 0.105263
7 0.935855 0.164474 0.069079 0.101974
8 0.164474 0.274671 0.075658 0.111842
10 0.274671 0.274671 0.074013 0.121711
7 0.384868 0.274671 0.069079 0.090461
0 0.495066 0.274671 0.087171 0.116776
8 0.605263 0.274671 0.072368 0.110197
11 0.825658 0.274671 0.074013 0.110197
8 0.935855 0.274671 0.077303 0.121711
1 0.164474 0.384868 0.087171 0.105263
11 0.274671 0.384868 0.080592 0.101974
10 0.384868 0.384868 0.070724 0.129934
11 0.495066 0.384868 0.078947 0.095395
7 0.605263 0.384868 0.077303 0.098684
11 0.715461 0.384868 0.075658 0.080592
8 0.935855 0.384868 0.077303 0.121711
0 0.054276 0.495066 0.078947 0.115132
1 0.274671 0.495066 0.088816 0.106908
4 0.384868 0.495066 0.077303 0.115132
0 0.495066 0.495066 0.077303 0.106908
0 0.605263 0.495066 0.078947 0.115132
4 0.825658 0.495066 0.065789 0.100329
8 0.935855 0.495066 0.067434 0.121711
12 0.164474 0.605263 0.074013 0.095395
4 0.274671 0.605263 0.072368 0.123355
5 0.384868 0.605263 0.082237 0.097039
7 0.495066 0.605263 0.069079 0.090461
0 0.605263 0.605263 0.078947 0.115132
9 0.715461 0.605263 0.069079 0.092105
7 0.825658 0.605263 0.077303 0.098684
10 0.935855 0.605263 0.070724 0.110197
8 0.054276 0.715461 0.072368 0.110197
11 0.164474 0.715461 0.080592 0.101974
5 0.274671 0.715461 0.077303 0.100329
7 0.384868 0.715461 0.069079 0.101974
0 0.495066 0.715461 0.087171 0.116776
1 0.825658 0.715461 0.088816 0.106908
12 0.935855 0.715461 0.080592 0.115132
5 0.054276 0.825658 0.074013 0.101974
9 0.164474 0.825658 0.080592 0.105263
5 0.274671 0.825658 0.074013 0.101974
10 0.495066 0.825658 0.070724 0.110197
5 0.715461 0.825658 0.077303 0.103618
4 0.935855 0.825658 0.065789 0.100329
0 0.054276 0.935855 0.074013 0.106908
11 0.164474 0.935855 0.078947 0.095395
8 0.274671 0.935855 0.067434 0.121711
11 0.384868 0.935855 0.075658 0.080592
10 0.495066 0.935855 0.074013 0.121711
1 0.605263 0.935855 0.087171 0.105263
11 0.715461 0.935855 0.080592 0.101974
8 0.825658 0.935855 0.072368 0.110197
