8 0.164474 0.054276 0.097039 0.105263
1 0.274671 0.054276 0.083882 0.097039
11 0.384868 0.054276 0.087171 0.103618
10 0.495066 0.054276 0.074013 0.106908
11 0.605263 0.054276 0.080592 0.098684
11 0.715461 0.054276 0.080592 0.098684
4 0.825658 0.054276 0.082237 0.105263
4 0.935855 0.054276 0.078947 0.106908
4 0.054276 0.164474 0.082237 0.105263
8 0.164474 0.164474 0.074013 0.123355
12 0.274671 0.164474 0.101974 0.085526
10 0.495066 0.164474 0.065789 0.126645
8 0.605263 0.164474 0.074013 0.123355
11 0.825658 0.164474 0.082237 0.100329
11 0.935855 0.164474 0.087171 0.106908
0 0.054276 0.274671 0.077303 0.100329
5 0.164474 0.274671 0.088816 0.110197
10 0.274671 0.274671 0.072368 0.121711
4 0.384868 0.274671 0.082237 0.105263
8 0.495066 0.274671 0.082237 0.126645
7 0.605263 0.274671 0.078947 0.085526
11 0.825658 0.274671 0.087171 0.106908
0 0.935855 0.274671 0.088816 0.106908
5 0.054276 0.384868 0.080592 0.095395
11 0.164474 0.384868 0.087171 0.103618
7 0.274671 0.384868 0.070724 0.093750
7 0.384868 0.384868 0.078947 0.085526
11 0.605263 0.384868 0.082237 0.100329
0 0.715461 0.384868 0.088816 0.106908
0 0.935855 0.384868 0.100329 0.087171
5 0.164474 0.495066 0.080592 0.095395
4 0.274671 0.495066 0.085526 0.095395
1 0.384868 0.495066 0.075658 0.103618
10 0.495066 0.495066 0.065789 0.126645
8 0.605263 0.495066 0.101974 0.106908
1 0.715461 0.495066 0.090461 0.097039
8 0.825658 0.495066 0.082237 0.126645
8 0.935855 0.495066 0.097039 0.105263
11 0.054276 0.605263 0.082237 0.100329
9 0.274671 0.605263 0.078947 0.100329
10 0.495066 0.605263 0.069079 0.111842
0 0.605263 0.605263 0.077303 0.100329
5 0.715461 0.605263 0.077303 0.100329
8 0.825658 0.605263 0.097039 0.105263
4 0.935855 0.605263 0.082237 0.105263
0 0.054276 0.715461 0.074013 0.098684
10 0.164474 0.715461 0.080592 0.098684
9 0.274671 0.715461 0.062500 0.088816
10 0.715461 0.715461 0.080592 0.098684
0 0.825658 0.715461 0.088816 0.106908
0 0.935855 0.715461 0.077303 0.092105
0 0.054276 0.825658 0.088816 0.106908
0 0.164474 0.825658 0.088816 0.106908
8 0.274671 0.825658 0.101974 0.106908
1 0.384868 0.825658 0.083882 0.097039
10 0.495066 0.825658 0.080592 0.098684
5 0.715461 0.825658 0.080592 0.095395
7 0.825658 0.825658 0.085526 0.098684
0 0.935855 0.825658 0.077303 0.100329
12 0.054276 0.935855 0.088816 0.090461
12 0.164474 0.935855 0.088816 0.090461
8 0.274671 0.935855 0.072368 0.100329
7 0.605263 0.935855 0.078947 0.085526
5 0.715461 0.935855 0.082237 0.108553
1 0.825658 0.935855 0.092105 0.098684
5 0.935855 0.935855 0.080592 0.095395
