0 0.054276 0.054276 0.078947 0.101974
0 0.164474 0.057566 0.087171 0.116776
11 0.274671 0.054276 0.077303 0.110197
0 0.384868 0.054276 0.088816 0.106908
9 0.495066 0.054276 0.085526 0.077303
0 0.605263 0.054276 0.074013 0.098684
10 0.715461 0.054276 0.075658 0.103618
1 0.825658 0.054276 0.087171 0.105263
0 0.935855 0.054276 0.077303 0.100329
10 0.054276 0.164474 0.069079 0.111842
12 0.164474 0.164474 0.092105 0.098684
7 0.274671 0.164474 0.085526 0.098684
0 0.495066 0.164474 0.077303 0.100329
7 0.605263 0.164474 0.085526 0.098684
0 0.715461 0.164474 0.078947 0.101974
8 0.825658 0.164474 0.074013 0.123355
11 0.935855 0.164474 0.095395 0.080592
10 0.054276 0.274671 0.069079 0.111842
10 0.164474 0.274671 0.069079 0.111842
8 0.715461 0.274671 0.072368 0.095395
8 0.825658 0.274671 0.074013 0.123355
5 0.935855 0.274671 0.082237 0.108553
4 0.054276 0.384868 0.075658 0.118421
8 0.164474 0.384868 0.097039 0.105263
8 0.274671 0.384868 0.078947 0.120066
1 0.495066 0.384868 0.088816 0.115132
7 0.605263 0.384868 0.070724 0.090461
11 0.715461 0.384868 0.077303 0.110197
8 0.825658 0.384868 0.097039 0.105263
8 0.054276 0.495066 0.074013 0.123355
4 0.164474 0.495066 0.088816 0.113487
11 0.495066 0.495066 0.070724 0.075658
11 0.605263 0.495066 0.075658 0.080592
12 0.715461 0.495066 0.092105 0.098684
7 0.825658 0.495066 0.077303 0.095395
4 0.935855 0.495066 0.075658 0.118421
11 0.054276 0.605263 0.082237 0.100329
11 0.164474 0.605263 0.083882 0.098684
5 0.384868 0.605263 0.074013 0.105263
11 0.495066 0.605263 0.082237 0.100329
10 0.825658 0.605263 0.072368 0.121711
10 0.935855 0.605263 0.072368 0.121711
5 0.054276 0.715461 0.074013 0.101974
0 0.164474 0.715461 0.077303 0.100329
1 0.274671 0.715461 0.083882 0.097039
1 0.384868 0.715461 0.087171 0.105263
7 0.495066 0.715461 0.085526 0.098684
0 0.605263 0.715461 0.087171 0.116776
5 0.715461 0.715461 0.074013 0.100329
8 0.825658 0.715461 0.072368 0.095395
5 0.935855 0.715461 0.080592 0.095395
9 0.054276 0.825658 0.085526 0.077303
4 0.164474 0.825658 0.088816 0.113487
4 0.274671 0.825658 0.075658 0.118421
8 0.384868 0.825658 0.078947 0.120066
8 0.495066 0.825658 0.078947 0.120066
10 0.605263 0.825658 0.070724 0.116776
7 0.715461 0.825658 0.085526 0.098684
10 0.825658 0.825658 0.075658 0.103618
5 0.935855 0.825658 0.088816 0.110197
12 0.054276 0.935855 0.080592 0.113487
4 0.164474 0.935855 0.069079 0.116776
0 0.384868 0.935855 0.087171 0.116776
1 0.495066 0.935855 0.083882 0.097039
5 0.605263 0.935855 0.074013 0.105263
0 0.935855 0.935855 0.087171 0.116776
