7 0.054276 0.054276 0.078947 0.085526
7 0.164474 0.054276 0.075658 0.105263
8 0.274671 0.054276 0.072368 0.110197
5 0.384868 0.054276 0.083882 0.105263
5 0.495066 0.054276 0.083882 0.105263
11 0.605263 0.054276 0.092105 0.103618
0 0.715461 0.057566 0.078947 0.115132
1 0.825658 0.054276 0.080592 0.108553
4 0.935855 0.054276 0.078947 0.106908
11 0.054276 0.164474 0.070724 0.075658
11 0.164474 0.164474 0.087171 0.097039
10 0.274671 0.164474 0.067434 0.110197
8 0.384868 0.164474 0.072368 0.125000
10 0.605263 0.164474 0.077303 0.106908
0 0.715461 0.164474 0.078947 0.115132
11 0.825658 0.164474 0.087171 0.097039
11 0.935855 0.164474 0.087171 0.097039
8 0.054276 0.274671 0.072368 0.110197
12 0.164474 0.274671 0.075658 0.090461
0 0.274671 0.274671 0.074013 0.106908
0 0.495066 0.274671 0.078947 0.115132
5 0.605263 0.274671 0.077303 0.098684
5 0.715461 0.274671 0.074013 0.100329
9 0.825658 0.274671 0.082237 0.088816
0 0.935855 0.274671 0.074013 0.106908
8 0.054276 0.384868 0.072368 0.110197
0 0.164474 0.384868 0.078947 0.115132
1 0.274671 0.384868 0.088816 0.106908
7 0.384868 0.384868 0.075658 0.105263
7 0.495066 0.384868 0.075658 0.105263
10 0.825658 0.384868 0.067434 0.110197
5 0.935855 0.384868 0.083882 0.105263
4 0.054276 0.495066 0.065789 0.100329
4 0.384868 0.495066 0.074013 0.113487
4 0.495066 0.495066 0.078947 0.106908
1 0.715461 0.495066 0.077303 0.093750
9 0.825658 0.495066 0.072368 0.087171
10 0.054276 0.605263 0.067434 0.110197
10 0.164474 0.605263 0.070724 0.129934
11 0.274671 0.605263 0.087171 0.097039
8 0.384868 0.605263 0.072368 0.125000
4 0.495066 0.605263 0.065789 0.100329
1 0.605263 0.605263 0.088816 0.106908
10 0.715461 0.605263 0.070724 0.129934
0 0.825658 0.605263 0.078947 0.115132
0 0.164474 0.715461 0.074013 0.106908
0 0.274671 0.715461 0.078947 0.115132
8 0.495066 0.715461 0.077303 0.118421
12 0.605263 0.715461 0.075658 0.090461
8 0.715461 0.715461 0.072368 0.110197
8 0.935855 0.715461 0.072368 0.110197
10 0.054276 0.825658 0.077303 0.106908
11 0.164474 0.825658 0.070724 0.075658
7 0.274671 0.825658 0.078947 0.103618
8 0.384868 0.825658 0.083882 0.126645
12 0.495066 0.825658 0.075658 0.090461
4 0.605263 0.825658 0.074013 0.113487
5 0.715461 0.825658 0.077303 0.098684
1 0.825658 0.825658 0.077303 0.093750
11 0.935855 0.825658 0.070724 0.075658
11 0.054276 0.935855 0.087171 0.097039
5 0.164474 0.935855 0.077303 0.098684
10 0.495066 0.935855 0.077303 0.106908
8 0.605263 0.935855 0.072368 0.110197
0 0.715461 0.935855 0.074013 0.106908
0 0.935855 0.935855 0.074013 0.106908
