8 0.054276 0.054276 0.072368 0.100329
11 0.164474 0.054276 0.087171 0.106908
11 0.274671 0.054276 0.078947 0.095395
0 0.384868 0.055921 0.078947 0.111842
0 0.495066 0.054276 0.085526 0.101974
4 0.605263 0.059211 0.067434 0.120066
8 0.715461 0.060855 0.067434 0.121711
10 0.054276 0.164474 0.065789 0.126645
9 0.164474 0.164474 0.077303 0.097039
12 0.274671 0.164474 0.074013 0.097039
0 0.495066 0.164474 0.078947 0.111842
10 0.605263 0.164474 0.065789 0.126645
1 0.715461 0.164474 0.080592 0.106908
10 0.825658 0.164474 0.074013 0.121711
8 0.935855 0.164474 0.083882 0.126645
11 0.054276 0.274671 0.082237 0.100329
8 0.164474 0.274671 0.072368 0.100329
0 0.274671 0.274671 0.077303 0.092105
1 0.384868 0.274671 0.080592 0.108553
0 0.495066 0.274671 0.078947 0.090461
0 0.605263 0.274671 0.088816 0.106908
8 0.825658 0.274671 0.082237 0.126645
4 0.935855 0.274671 0.077303 0.115132
11 0.054276 0.384868 0.087171 0.106908
5 0.164474 0.384868 0.083882 0.105263
0 0.274671 0.384868 0.077303 0.092105
0 0.384868 0.384868 0.085526 0.101974
8 0.715461 0.384868 0.083882 0.126645
0 0.825658 0.384868 0.088816 0.106908
4 0.935855 0.384868 0.082237 0.105263
10 0.054276 0.495066 0.074013 0.121711
7 0.164474 0.495066 0.069079 0.090461
8 0.274671 0.495066 0.097039 0.105263
7 0.495066 0.495066 0.062500 0.093750
10 0.605263 0.495066 0.074013 0.106908
8 0.715461 0.495066 0.072368 0.100329
5 0.825658 0.495066 0.077303 0.103618
5 0.935855 0.495066 0.083882 0.105263
9 0.164474 0.605263 0.078947 0.100329
4 0.274671 0.605263 0.082237 0.105263
10 0.495066 0.605263 0.074013 0.106908
4 0.605263 0.605263 0.062500 0.101974
0 0.825658 0.605263 0.078947 0.115132
11 0.054276 0.715461 0.087171 0.106908
5 0.164474 0.715461 0.077303 0.100329
8 0.384868 0.715461 0.083882 0.126645
12 0.495066 0.715461 0.088816 0.090461
5 0.605263 0.715461 0.082237 0.108553
5 0.715461 0.715461 0.072368 0.105263
1 0.825658 0.715461 0.078947 0.103618
11 0.935855 0.715461 0.092105 0.103618
10 0.054276 0.825658 0.074013 0.121711
4 0.164474 0.825658 0.074013 0.113487
11 0.274671 0.825658 0.077303 0.116776
7 0.495066 0.825658 0.074013 0.093750
12 0.715461 0.825658 0.080592 0.115132
1 0.825658 0.825658 0.080592 0.108553
0 0.935855 0.825658 0.077303 0.092105
1 0.054276 0.935855 0.075658 0.103618
5 0.164474 0.935855 0.083882 0.105263
7 0.384868 0.935855 0.075658 0.101974
8 0.495066 0.935855 0.097039 0.105263
11 0.605263 0.935855 0.078947 0.095395
11 0.715461 0.935855 0.082237 0.100329
7 0.825658 0.935855 0.062500 0.093750
10 0.935855 0.934211 0.070724 0.129934
