5 0.054276 0.054276 0.088816 0.110197
4 0.274671 0.054276 0.062500 0.101974
0 0.384868 0.055921 0.078947 0.111842
0 0.495066 0.055921 0.082237 0.113487
8 0.605263 0.060855 0.074013 0.123355
9 0.715461 0.054276 0.065789 0.095395
1 0.825658 0.057566 0.088816 0.115132
5 0.935855 0.054276 0.080592 0.095395
5 0.054276 0.164474 0.078947 0.097039
9 0.164474 0.164474 0.065789 0.095395
11 0.384868 0.164474 0.082237 0.100329
5 0.495066 0.164474 0.080592 0.095395
12 0.605263 0.164474 0.078947 0.092105
11 0.715461 0.164474 0.082237 0.100329
11 0.825658 0.164474 0.082237 0.100329
10 0.054276 0.274671 0.069079 0.111842
12 0.164474 0.274671 0.088816 0.090461
7 0.274671 0.274671 0.074013 0.101974
11 0.384868 0.274671 0.082237 0.100329
0 0.495066 0.274671 0.088816 0.106908
8 0.605263 0.274671 0.074013 0.123355
1 0.825658 0.274671 0.080592 0.106908
1 0.054276 0.384868 0.092105 0.098684
0 0.164474 0.384868 0.088816 0.106908
0 0.274671 0.384868 0.074013 0.098684
8 0.384868 0.384868 0.074013 0.123355
10 0.495066 0.384868 0.069079 0.111842
8 0.605263 0.384868 0.097039 0.105263
0 0.715461 0.384868 0.088816 0.106908
4 0.825658 0.384868 0.067434 0.120066
12 0.054276 0.495066 0.077303 0.110197
5 0.164474 0.495066 0.080592 0.095395
5 0.384868 0.495066 0.077303 0.100329
10 0.495066 0.495066 0.065789 0.126645
10 0.605263 0.495066 0.067434 0.106908
5 0.825658 0.495066 0.088816 0.110197
10 0.935855 0.495066 0.065789 0.126645
10 0.054276 0.605263 0.069079 0.111842
11 0.274671 0.605263 0.082237 0.100329
8 0.605263 0.605263 0.097039 0.105263
4 0.715461 0.605263 0.062500 0.101974
1 0.935855 0.605263 0.092105 0.098684
10 0.054276 0.715461 0.065789 0.126645
11 0.274671 0.715461 0.075658 0.101974
4 0.384868 0.715461 0.075658 0.118421
7 0.495066 0.715461 0.085526 0.098684
8 0.715461 0.715461 0.097039 0.105263
7 0.825658 0.715461 0.075658 0.101974
10 0.935855 0.715461 0.065789 0.126645
8 0.054276 0.825658 0.074013 0.123355
0 0.164474 0.825658 0.088816 0.106908
1 0.274671 0.825658 0.092105 0.098684
8 0.384868 0.825658 0.097039 0.105263
4 0.495066 0.825658 0.062500 0.101974
0 0.605263 0.825658 0.088816 0.106908
7 0.715461 0.825658 0.085526 0.098684
4 0.935855 0.825658 0.075658 0.118421
0 0.054276 0.935855 0.088816 0.106908
7 0.164474 0.935855 0.075658 0.101974
11 0.274671 0.935855 0.082237 0.100329
11 0.384868 0.935855 0.082237 0.100329
11 0.495066 0.935855 0.082237 0.100329
8 0.605263 0.935855 0.097039 0.105263
0 0.715461 0.935855 0.088816 0.106908
8 0.825658 0.935855 0.097039 0.105263
11 0.935855 0.935855 0.082237 0.100329
