7 0.054276 0.054276 0.069079 0.090461
0 0.164474 0.054276 0.078947 0.101974
5 0.274671 0.054276 0.077303 0.098684
7 0.384868 0.054276 0.069079 0.097039
0 0.495066 0.054276 0.078947 0.101974
5 0.605263 0.054276 0.077303 0.103618
10 0.715461 0.055921 0.069079 0.111842
1 0.825658 0.054276 0.078947 0.090461
0 0.935855 0.054276 0.077303 0.106908
0 0.164474 0.164474 0.078947 0.115132
10 0.274671 0.164474 0.075658 0.103618
4 0.384868 0.164474 0.074013 0.113487
8 0.605263 0.164474 0.097039 0.105263
10 0.715461 0.164474 0.075658 0.103618
1 0.825658 0.164474 0.088816 0.106908
8 0.935855 0.164474 0.067434 0.121711
7 0.054276 0.274671 0.077303 0.095395
10 0.164474 0.274671 0.067434 0.106908
5 0.384868 0.274671 0.082237 0.097039
12 0.495066 0.274671 0.083882 0.087171
7 0.715461 0.274671 0.069079 0.090461
1 0.825658 0.274671 0.080592 0.108553
8 0.935855 0.274671 0.075658 0.111842
8 0.054276 0.384868 0.072368 0.110197
1 0.274671 0.384868 0.092105 0.098684
12 0.384868 0.384868 0.083882 0.087171
0 0.495066 0.384868 0.078947 0.101974
8 0.605263 0.384868 0.085526 0.103618
11 0.825658 0.384868 0.078947 0.095395
7 0.935855 0.384868 0.075658 0.105263
8 0.054276 0.495066 0.075658 0.111842
5 0.164474 0.495066 0.082237 0.097039
5 0.384868 0.495066 0.080592 0.095395
4 0.495066 0.495066 0.065789 0.100329
8 0.605263 0.495066 0.067434 0.121711
11 0.825658 0.495066 0.078947 0.095395
5 0.935855 0.495066 0.082237 0.097039
10 0.054276 0.605263 0.069079 0.111842
0 0.274671 0.605263 0.088816 0.106908
0 0.384868 0.605263 0.077303 0.106908
8 0.495066 0.605263 0.067434 0.121711
4 0.605263 0.605263 0.065789 0.100329
10 0.715461 0.605263 0.067434 0.093750
0 0.825658 0.605263 0.078947 0.115132
7 0.164474 0.715461 0.069079 0.090461
9 0.384868 0.715461 0.080592 0.105263
10 0.495066 0.715461 0.075658 0.103618
9 0.605263 0.715461 0.069079 0.092105
12 0.715461 0.715461 0.088816 0.090461
4 0.825658 0.715461 0.074013 0.113487
11 0.935855 0.715461 0.082237 0.100329
4 0.054276 0.825658 0.072368 0.123355
1 0.164474 0.825658 0.083882 0.106908
4 0.274671 0.825658 0.072368 0.123355
8 0.384868 0.825658 0.075658 0.111842
8 0.495066 0.825658 0.097039 0.105263
10 0.605263 0.825658 0.075658 0.103618
11 0.715461 0.825658 0.080592 0.101974
11 0.054276 0.935855 0.080592 0.101974
5 0.164474 0.935855 0.080592 0.095395
0 0.274671 0.935855 0.078947 0.090461
11 0.495066 0.935855 0.078947 0.095395
0 0.605263 0.935855 0.088816 0.106908
11 0.715461 0.935855 0.080592 0.101974
11 0.825658 0.935855 0.078947 0.095395
0 0.935855 0.935855 0.074013 0.106908
