11 0.164474 0.054276 0.082237 0.100329
11 0.274671 0.054276 0.080592 0.090461
7 0.384868 0.054276 0.075658 0.101974
5 0.495066 0.054276 0.083882 0.105263
0 0.605263 0.054276 0.077303 0.098684
5 0.825658 0.054276 0.074013 0.100329
4 0.935855 0.055921 0.074013 0.113487
8 0.164474 0.164474 0.072368 0.125000
12 0.495066 0.164474 0.077303 0.100329
8 0.605263 0.164474 0.074013 0.097039
0 0.715461 0.164474 0.074013 0.106908
8 0.825658 0.164474 0.083882 0.126645
8 0.935855 0.164474 0.074013 0.097039
7 0.054276 0.274671 0.074013 0.101974
9 0.164474 0.274671 0.070724 0.090461
5 0.274671 0.274671 0.083882 0.105263
10 0.384868 0.274671 0.067434 0.110197
0 0.495066 0.274671 0.077303 0.098684
8 0.605263 0.274671 0.074013 0.097039
12 0.715461 0.274671 0.080592 0.115132
10 0.825658 0.274671 0.069079 0.111842
9 0.935855 0.274671 0.070724 0.090461
8 0.054276 0.384868 0.072368 0.110197
0 0.164474 0.384868 0.077303 0.098684
5 0.274671 0.384868 0.083882 0.105263
11 0.384868 0.384868 0.087171 0.097039
12 0.495066 0.384868 0.088816 0.090461
5 0.605263 0.384868 0.074013 0.100329
0 0.715461 0.384868 0.088816 0.106908
8 0.054276 0.495066 0.074013 0.097039
10 0.164474 0.495066 0.067434 0.110197
0 0.274671 0.495066 0.082237 0.113487
5 0.384868 0.495066 0.074013 0.100329
1 0.495066 0.495066 0.077303 0.103618
1 0.605263 0.495066 0.080592 0.108553
10 0.825658 0.495066 0.072368 0.121711
7 0.054276 0.605263 0.082237 0.103618
5 0.164474 0.605263 0.080592 0.097039
4 0.274671 0.605263 0.065789 0.100329
11 0.384868 0.605263 0.075658 0.101974
4 0.605263 0.605263 0.062500 0.101974
1 0.715461 0.605263 0.092105 0.098684
0 0.825658 0.605263 0.074013 0.106908
11 0.935855 0.605263 0.092105 0.103618
10 0.054276 0.715461 0.067434 0.106908
1 0.164474 0.715461 0.080592 0.108553
11 0.274671 0.715461 0.092105 0.103618
8 0.384868 0.715461 0.083882 0.126645
10 0.605263 0.715461 0.072368 0.121711
8 0.715461 0.715461 0.072368 0.125000
0 0.825658 0.715461 0.074013 0.106908
8 0.935855 0.715461 0.072368 0.110197
0 0.164474 0.825658 0.074013 0.106908
7 0.384868 0.825658 0.075658 0.101974
4 0.495066 0.825658 0.074013 0.134868
4 0.605263 0.825658 0.062500 0.101974
10 0.715461 0.825658 0.067434 0.106908
4 0.825658 0.825658 0.074013 0.134868
11 0.935855 0.825658 0.092105 0.103618
7 0.164474 0.935855 0.075658 0.105263
1 0.274671 0.935855 0.077303 0.103618
10 0.384868 0.934211 0.070724 0.129934
0 0.495066 0.935855 0.074013 0.106908
0 0.605263 0.935855 0.077303 0.100329
11 0.825658 0.935855 0.087171 0.097039
7 0.935855 0.935855 0.078947 0.085526
