12 0.054276 0.054276 0.083882 0.098684
10 0.164474 0.060855 0.072368 0.121711
8 0.274671 0.054276 0.070724 0.092105
0 0.384868 0.054276 0.078947 0.090461
0 0.605263 0.054276 0.077303 0.100329
8 0.715461 0.054276 0.070724 0.092105
7 0.825658 0.054276 0.085526 0.098684
9 0.935855 0.054276 0.077303 0.097039
0 0.164474 0.164474 0.075658 0.098684
4 0.274671 0.164474 0.075658 0.133224
7 0.384868 0.164474 0.078947 0.085526
11 0.495066 0.164474 0.077303 0.116776
4 0.605263 0.164474 0.078947 0.106908
8 0.715461 0.164474 0.074013 0.123355
10 0.825658 0.164474 0.072368 0.121711
8 0.054276 0.274671 0.101974 0.093750
1 0.164474 0.274671 0.083882 0.097039
0 0.274671 0.274671 0.085526 0.098684
10 0.384868 0.274671 0.080592 0.098684
8 0.495066 0.274671 0.067434 0.121711
1 0.605263 0.274671 0.088816 0.115132
5 0.054276 0.384868 0.080592 0.101974
11 0.164474 0.384868 0.078947 0.095395
11 0.384868 0.384868 0.078947 0.085526
0 0.605263 0.384868 0.075658 0.098684
8 0.715461 0.384868 0.074013 0.123355
11 0.825658 0.384868 0.070724 0.075658
5 0.935855 0.384868 0.072368 0.105263
11 0.054276 0.495066 0.077303 0.116776
9 0.164474 0.495066 0.093750 0.101974
4 0.274671 0.495066 0.060855 0.113487
0 0.384868 0.495066 0.085526 0.101974
5 0.495066 0.495066 0.088816 0.110197
5 0.715461 0.495066 0.072368 0.105263
0 0.825658 0.495066 0.085526 0.098684
7 0.935855 0.495066 0.074013 0.093750
4 0.054276 0.605263 0.060855 0.113487
5 0.164474 0.605263 0.072368 0.105263
0 0.274671 0.605263 0.074013 0.098684
10 0.495066 0.605263 0.069079 0.093750
0 0.605263 0.605263 0.085526 0.101974
1 0.715461 0.605263 0.078947 0.106908
8 0.825658 0.605263 0.101974 0.093750
11 0.054276 0.715461 0.082237 0.098684
11 0.164474 0.715461 0.095395 0.080592
4 0.384868 0.715461 0.077303 0.115132
10 0.495066 0.715461 0.067434 0.093750
7 0.605263 0.715461 0.074013 0.093750
4 0.715461 0.715461 0.077303 0.115132
8 0.825658 0.715461 0.072368 0.125000
8 0.935855 0.715461 0.072368 0.125000
12 0.054276 0.825658 0.082237 0.110197
12 0.274671 0.825658 0.083882 0.098684
10 0.384868 0.825658 0.069079 0.093750
5 0.495066 0.825658 0.074013 0.100329
10 0.715461 0.825658 0.069079 0.093750
11 0.825658 0.825658 0.070724 0.075658
11 0.935855 0.825658 0.082237 0.098684
5 0.054276 0.935855 0.072368 0.105263
1 0.164474 0.935855 0.080592 0.097039
0 0.274671 0.935855 0.075658 0.098684
10 0.384868 0.935855 0.074013 0.121711
0 0.495066 0.935855 0.078947 0.090461
7 0.605263 0.935855 0.085526 0.098684
1 0.715461 0.935855 0.078947 0.103618
8 0.935855 0.935855 0.067434 0.121711
