5 0.054276 0.054276 0.080592 0.101974
4 0.384868 0.055921 0.088816 0.113487
0 0.495066 0.054276 0.085526 0.101974
11 0.605263 0.054276 0.075658 0.080592
4 0.715461 0.055921 0.088816 0.113487
7 0.825658 0.054276 0.074013 0.101974
8 0.935855 0.062500 0.083882 0.126645
9 0.054276 0.164474 0.065789 0.095395
5 0.164474 0.164474 0.074013 0.101974
8 0.274671 0.164474 0.101974 0.093750
7 0.384868 0.164474 0.074013 0.101974
4 0.495066 0.164474 0.088816 0.113487
0 0.605263 0.164474 0.078947 0.115132
10 0.715461 0.164474 0.070724 0.129934
8 0.825658 0.164474 0.083882 0.126645
5 0.935855 0.164474 0.078947 0.097039
5 0.054276 0.274671 0.078947 0.097039
8 0.164474 0.274671 0.070724 0.092105
7 0.384868 0.274671 0.074013 0.101974
0 0.495066 0.274671 0.087171 0.116776
0 0.605263 0.274671 0.082237 0.113487
0 0.715461 0.274671 0.078947 0.115132
10 0.825658 0.274671 0.067434 0.106908
1 0.935855 0.274671 0.080592 0.108553
12 0.164474 0.384868 0.092105 0.098684
8 0.384868 0.384868 0.070724 0.092105
7 0.495066 0.384868 0.074013 0.093750
11 0.715461 0.384868 0.078947 0.085526
0 0.825658 0.384868 0.078947 0.115132
9 0.054276 0.495066 0.065789 0.095395
1 0.164474 0.495066 0.087171 0.105263
7 0.274671 0.495066 0.090461 0.085526
11 0.384868 0.495066 0.077303 0.116776
4 0.495066 0.495066 0.060855 0.113487
5 0.605263 0.495066 0.074013 0.101974
5 0.715461 0.495066 0.083882 0.105263
11 0.825658 0.495066 0.075658 0.080592
11 0.274671 0.605263 0.075658 0.101974
4 0.384868 0.605263 0.075658 0.113487
11 0.495066 0.605263 0.077303 0.116776
10 0.715461 0.605263 0.067434 0.106908
11 0.825658 0.605263 0.075658 0.101974
11 0.935855 0.605263 0.075658 0.101974
4 0.054276 0.715461 0.074013 0.113487
0 0.164474 0.715461 0.087171 0.116776
5 0.495066 0.715461 0.078947 0.097039
7 0.605263 0.715461 0.090461 0.085526
1 0.715461 0.715461 0.087171 0.105263
0 0.825658 0.715461 0.087171 0.116776
8 0.935855 0.715461 0.074013 0.123355
11 0.054276 0.825658 0.078947 0.085526
8 0.164474 0.825658 0.070724 0.092105
0 0.384868 0.825658 0.078947 0.115132
10 0.495066 0.825658 0.074013 0.121711
10 0.605263 0.825658 0.074013 0.121711
12 0.715461 0.825658 0.080592 0.115132
8 0.825658 0.825658 0.070724 0.092105
10 0.935855 0.825658 0.070724 0.129934
1 0.054276 0.935855 0.078947 0.106908
8 0.274671 0.935855 0.074013 0.123355
0 0.384868 0.935855 0.085526 0.101974
10 0.495066 0.935855 0.067434 0.106908
8 0.605263 0.935855 0.074013 0.123355
12 0.715461 0.935855 0.083882 0.093750
1 0.825658 0.935855 0.078947 0.097039
10 0.935855 0.935855 0.067434 0.106908
