11 0.054276 0.054276 0.080592 0.101974
1 0.164474 0.054276 0.083882 0.097039
0 0.274671 0.054276 0.077303 0.100329
1 0.495066 0.054276 0.085526 0.106908
5 0.605263 0.054276 0.077303 0.100329
11 0.715461 0.054276 0.075658 0.080592
12 0.825658 0.054276 0.078947 0.095395
5 0.935855 0.054276 0.074013 0.100329
5 0.054276 0.164474 0.077303 0.098684
10 0.164474 0.164474 0.072368 0.121711
10 0.495066 0.164474 0.067434 0.110197
10 0.715461 0.164474 0.067434 0.110197
0 0.825658 0.164474 0.088816 0.106908
10 0.935855 0.164474 0.067434 0.106908
8 0.054276 0.274671 0.075658 0.111842
5 0.164474 0.274671 0.074013 0.100329
0 0.274671 0.274671 0.074013 0.106908
7 0.384868 0.274671 0.090461 0.085526
12 0.495066 0.274671 0.092105 0.098684
8 0.605263 0.274671 0.078947 0.120066
8 0.715461 0.274671 0.072368 0.125000
10 0.825658 0.274671 0.067434 0.110197
10 0.935855 0.274671 0.070724 0.110197
0 0.054276 0.384868 0.088816 0.106908
11 0.164474 0.384868 0.080592 0.101974
1 0.274671 0.384868 0.078947 0.090461
8 0.384868 0.384868 0.075658 0.111842
7 0.495066 0.384868 0.075658 0.105263
8 0.605263 0.384868 0.078947 0.120066
0 0.825658 0.384868 0.074013 0.106908
9 0.935855 0.384868 0.072368 0.087171
11 0.054276 0.495066 0.082237 0.100329
7 0.164474 0.495066 0.069079 0.101974
0 0.274671 0.495066 0.088816 0.106908
5 0.384868 0.495066 0.082237 0.097039
7 0.495066 0.495066 0.078947 0.085526
11 0.715461 0.495066 0.087171 0.097039
8 0.825658 0.495066 0.072368 0.125000
5 0.935855 0.495066 0.074013 0.100329
11 0.054276 0.605263 0.080592 0.101974
4 0.164474 0.605263 0.072368 0.123355
4 0.274671 0.605263 0.072368 0.123355
8 0.384868 0.605263 0.072368 0.125000
11 0.495066 0.605263 0.082237 0.100329
1 0.605263 0.605263 0.092105 0.098684
7 0.715461 0.605263 0.090461 0.085526
10 0.054276 0.715461 0.072368 0.121711
4 0.164474 0.715461 0.065789 0.100329
0 0.274671 0.715461 0.077303 0.106908
8 0.605263 0.715461 0.075658 0.111842
5 0.715461 0.715461 0.074013 0.100329
8 0.825658 0.715461 0.077303 0.121711
10 0.935855 0.715461 0.070724 0.110197
11 0.054276 0.825658 0.080592 0.101974
0 0.164474 0.825658 0.077303 0.106908
12 0.384868 0.825658 0.092105 0.098684
4 0.495066 0.825658 0.078947 0.106908
8 0.605263 0.825658 0.078947 0.120066
0 0.935855 0.825658 0.077303 0.100329
1 0.054276 0.935855 0.088816 0.106908
4 0.164474 0.935855 0.088816 0.113487
4 0.274671 0.935855 0.088816 0.113487
11 0.384868 0.935855 0.080592 0.101974
7 0.715461 0.935855 0.090461 0.085526
9 0.825658 0.935855 0.069079 0.092105
0 0.935855 0.935855 0.087171 0.116776
