0 0.164474 0.057566 0.087171 0.116776
10 0.274671 0.054276 0.067434 0.106908
4 0.384868 0.054276 0.078947 0.093750
1 0.605263 0.054276 0.074013 0.103618
10 0.825658 0.060855 0.074013 0.121711
12 0.935855 0.054276 0.077303 0.110197
8 0.054276 0.164474 0.075658 0.111842
0 0.825658 0.164474 0.087171 0.116776
1 0.935855 0.164474 0.074013 0.103618
5 0.054276 0.274671 0.080592 0.097039
0 0.164474 0.274671 0.085526 0.098684
4 0.274671 0.274671 0.088816 0.113487
7 0.384868 0.274671 0.070724 0.093750
11 0.495066 0.274671 0.082237 0.098684
0 0.605263 0.274671 0.085526 0.098684
7 0.715461 0.274671 0.070724 0.093750
11 0.825658 0.274671 0.087171 0.106908
8 0.935855 0.274671 0.075658 0.111842
7 0.054276 0.384868 0.082237 0.103618
12 0.164474 0.384868 0.077303 0.110197
11 0.274671 0.384868 0.080592 0.090461
8 0.384868 0.384868 0.075658 0.111842
12 0.495066 0.384868 0.077303 0.110197
1 0.605263 0.384868 0.080592 0.106908
0 0.715461 0.384868 0.085526 0.098684
8 0.825658 0.384868 0.082237 0.126645
5 0.935855 0.384868 0.080592 0.097039
10 0.054276 0.495066 0.065789 0.126645
0 0.164474 0.495066 0.078947 0.111842
8 0.274671 0.495066 0.075658 0.111842
0 0.384868 0.495066 0.087171 0.116776
0 0.495066 0.495066 0.087171 0.116776
5 0.605263 0.495066 0.077303 0.100329
10 0.715461 0.495066 0.064145 0.103618
9 0.825658 0.495066 0.069079 0.083882
11 0.935855 0.495066 0.080592 0.101974
10 0.164474 0.605263 0.065789 0.126645
1 0.274671 0.605263 0.087171 0.105263
4 0.384868 0.605263 0.088816 0.113487
8 0.605263 0.605263 0.074013 0.097039
7 0.825658 0.605263 0.070724 0.093750
11 0.935855 0.605263 0.075658 0.080592
11 0.054276 0.715461 0.087171 0.106908
10 0.164474 0.715461 0.069079 0.093750
11 0.274671 0.715461 0.082237 0.098684
8 0.384868 0.715461 0.074013 0.097039
5 0.715461 0.715461 0.080592 0.097039
4 0.825658 0.715461 0.067434 0.120066
7 0.935855 0.715461 0.070724 0.093750
8 0.054276 0.825658 0.082237 0.126645
5 0.164474 0.825658 0.080592 0.097039
4 0.274671 0.825658 0.074013 0.134868
5 0.384868 0.825658 0.074013 0.101974
4 0.495066 0.825658 0.078947 0.093750
0 0.605263 0.825658 0.087171 0.116776
8 0.715461 0.825658 0.074013 0.123355
11 0.825658 0.825658 0.087171 0.106908
0 0.935855 0.825658 0.085526 0.098684
5 0.054276 0.935855 0.077303 0.100329
10 0.274671 0.935855 0.065789 0.126645
9 0.384868 0.935855 0.085526 0.077303
11 0.495066 0.935855 0.080592 0.101974
8 0.605263 0.935855 0.082237 0.126645
10 0.715461 0.935855 0.064145 0.103618
0 0.825658 0.935855 0.087171 0.116776
1 0.935855 0.935855 0.087171 0.105263
