0 0.054276 0.057566 0.078947 0.115132
0 0.164474 0.054276 0.078947 0.090461
11 0.274671 0.054276 0.092105 0.103618
0 0.384868 0.054276 0.078947 0.090461
11 0.495066 0.054276 0.080592 0.098684
11 0.605263 0.054276 0.087171 0.097039
7 0.715461 0.054276 0.077303 0.098684
11 0.825658 0.054276 0.078947 0.095395
12 0.054276 0.164474 0.074013 0.097039
0 0.164474 0.164474 0.078947 0.090461
7 0.274671 0.164474 0.077303 0.098684
1 0.384868 0.164474 0.078947 0.103618
1 0.495066 0.164474 0.090461 0.097039
0 0.605263 0.164474 0.078947 0.115132
0 0.715461 0.164474 0.078947 0.090461
8 0.935855 0.164474 0.083882 0.126645
7 0.054276 0.274671 0.077303 0.098684
5 0.164474 0.274671 0.083882 0.105263
8 0.384868 0.274671 0.072368 0.100329
10 0.495066 0.274671 0.074013 0.106908
8 0.605263 0.274671 0.067434 0.121711
8 0.825658 0.274671 0.101974 0.106908
10 0.935855 0.274671 0.067434 0.093750
11 0.164474 0.384868 0.092105 0.103618
10 0.495066 0.384868 0.067434 0.110197
4 0.605263 0.384868 0.077303 0.115132
11 0.715461 0.384868 0.092105 0.103618
5 0.825658 0.384868 0.083882 0.105263
4 0.935855 0.384868 0.085526 0.095395
4 0.054276 0.495066 0.082237 0.105263
0 0.164474 0.495066 0.078947 0.115132
5 0.274671 0.495066 0.080592 0.095395
1 0.384868 0.495066 0.078947 0.103618
7 0.495066 0.495066 0.083882 0.072368
10 0.605263 0.495066 0.074013 0.106908
8 0.715461 0.495066 0.067434 0.121711
11 0.825658 0.495066 0.092105 0.103618
1 0.935855 0.495066 0.078947 0.103618
4 0.054276 0.605263 0.085526 0.095395
12 0.274671 0.605263 0.069079 0.088816
10 0.384868 0.605263 0.067434 0.093750
0 0.495066 0.605263 0.078947 0.090461
5 0.605263 0.605263 0.080592 0.095395
8 0.825658 0.605263 0.083882 0.126645
5 0.935855 0.605263 0.082237 0.108553
1 0.054276 0.715461 0.078947 0.103618
9 0.164474 0.715461 0.070724 0.082237
12 0.384868 0.715461 0.101974 0.085526
5 0.495066 0.715461 0.077303 0.103618
4 0.715461 0.715461 0.074013 0.113487
10 0.825658 0.715461 0.074013 0.106908
7 0.935855 0.715461 0.077303 0.098684
4 0.054276 0.825658 0.065789 0.100329
10 0.274671 0.825658 0.067434 0.110197
8 0.384868 0.825658 0.083882 0.126645
8 0.495066 0.825658 0.072368 0.100329
0 0.715461 0.825658 0.074013 0.106908
11 0.935855 0.825658 0.092105 0.103618
8 0.164474 0.935855 0.083882 0.126645
0 0.274671 0.935855 0.078947 0.115132
5 0.384868 0.935855 0.082237 0.108553
9 0.495066 0.935855 0.070724 0.082237
0 0.605263 0.935855 0.077303 0.092105
8 0.715461 0.935855 0.067434 0.121711
11 0.825658 0.935855 0.087171 0.097039
10 0.935855 0.935855 0.067434 0.093750
