5 0.054276 0.054276 0.075658 0.097039
10 0.274671 0.054276 0.070724 0.110197
12 0.384868 0.054276 0.083882 0.098684
7 0.605263 0.054276 0.069079 0.101974
11 0.825658 0.054276 0.074013 0.110197
10 0.935855 0.054276 0.069079 0.093750
4 0.054276 0.164474 0.062500 0.101974
1 0.164474 0.164474 0.080592 0.097039
4 0.274671 0.164474 0.078947 0.093750
0 0.384868 0.164474 0.087171 0.116776
9 0.495066 0.164474 0.069079 0.083882
0 0.715461 0.164474 0.085526 0.098684
0 0.935855 0.164474 0.077303 0.092105
5 0.054276 0.274671 0.075658 0.097039
0 0.164474 0.274671 0.088816 0.106908
8 0.495066 0.274671 0.074013 0.123355
11 0.605263 0.274671 0.082237 0.100329
11 0.715461 0.274671 0.082237 0.098684
8 0.825658 0.274671 0.074013 0.123355
5 0.935855 0.274671 0.074013 0.101974
0 0.054276 0.384868 0.087171 0.116776
7 0.274671 0.384868 0.075658 0.101974
8 0.384868 0.384868 0.074013 0.123355
8 0.495066 0.384868 0.072368 0.100329
7 0.605263 0.384868 0.075658 0.101974
4 0.715461 0.384868 0.082237 0.105263
1 0.935855 0.384868 0.085526 0.106908
4 0.054276 0.495066 0.062500 0.101974
12 0.164474 0.495066 0.083882 0.098684
10 0.495066 0.495066 0.074013 0.106908
11 0.605263 0.495066 0.082237 0.098684
8 0.715461 0.495066 0.078947 0.120066
11 0.825658 0.495066 0.082237 0.098684
0 0.935855 0.495066 0.077303 0.092105
8 0.164474 0.605263 0.072368 0.100329
9 0.274671 0.605263 0.069079 0.083882
5 0.384868 0.605263 0.080592 0.095395
11 0.495066 0.605263 0.080592 0.098684
8 0.605263 0.605263 0.072368 0.100329
4 0.715461 0.605263 0.078947 0.093750
8 0.825658 0.605263 0.078947 0.120066
7 0.935855 0.605263 0.067434 0.087171
5 0.054276 0.715461 0.074013 0.101974
7 0.164474 0.715461 0.067434 0.087171
5 0.274671 0.715461 0.080592 0.095395
8 0.384868 0.715461 0.072368 0.100329
5 0.495066 0.715461 0.082237 0.108553
10 0.605263 0.715461 0.069079 0.093750
0 0.715461 0.715461 0.085526 0.098684
7 0.825658 0.715461 0.075658 0.101974
11 0.935855 0.715461 0.082237 0.098684
1 0.054276 0.825658 0.080592 0.097039
10 0.164474 0.825658 0.069079 0.093750
10 0.274671 0.825658 0.074013 0.121711
1 0.384868 0.825658 0.092105 0.098684
0 0.495066 0.825658 0.087171 0.116776
10 0.605263 0.825658 0.069079 0.093750
11 0.825658 0.825658 0.074013 0.110197
1 0.935855 0.825658 0.085526 0.106908
8 0.054276 0.935855 0.078947 0.120066
11 0.164474 0.935855 0.080592 0.098684
10 0.274671 0.935855 0.069079 0.093750
0 0.495066 0.935855 0.085526 0.110197
0 0.605263 0.935855 0.085526 0.098684
4 0.715461 0.935855 0.062500 0.101974
12 0.935855 0.935855 0.074013 0.095395
