8 0.054276 0.054276 0.074013 0.097039
0 0.164474 0.055921 0.082237 0.113487
5 0.384868 0.054276 0.078947 0.097039
0 0.495066 0.054276 0.077303 0.098684
0 0.715461 0.054276 0.077303 0.098684
11 0.825658 0.054276 0.078947 0.085526
4 0.054276 0.164474 0.075658 0.133224
11 0.164474 0.164474 0.077303 0.116776
10 0.274671 0.164474 0.074013 0.106908
0 0.495066 0.164474 0.085526 0.101974
8 0.605263 0.164474 0.070724 0.092105
7 0.715461 0.164474 0.085526 0.098684
1 0.935855 0.164474 0.078947 0.097039
5 0.054276 0.274671 0.072368 0.105263
10 0.164474 0.274671 0.074013 0.121711
4 0.274671 0.274671 0.082237 0.105263
10 0.384868 0.274671 0.067434 0.106908
7 0.495066 0.274671 0.062500 0.093750
0 0.605263 0.274671 0.082237 0.113487
0 0.715461 0.274671 0.077303 0.098684
8 0.825658 0.274671 0.070724 0.092105
11 0.935855 0.274671 0.077303 0.116776
9 0.054276 0.384868 0.065789 0.095395
4 0.164474 0.384868 0.082237 0.105263
7 0.274671 0.384868 0.074013 0.093750
10 0.384868 0.384868 0.070724 0.105263
11 0.495066 0.384868 0.077303 0.116776
1 0.605263 0.384868 0.078947 0.097039
4 0.715461 0.384868 0.060855 0.113487
11 0.825658 0.384868 0.080592 0.098684
12 0.935855 0.384868 0.083882 0.093750
5 0.164474 0.495066 0.080592 0.097039
11 0.384868 0.495066 0.077303 0.116776
8 0.495066 0.495066 0.070724 0.092105
10 0.605263 0.495066 0.074013 0.121711
5 0.715461 0.495066 0.082237 0.108553
0 0.825658 0.495066 0.077303 0.098684
11 0.935855 0.495066 0.077303 0.116776
0 0.054276 0.605263 0.085526 0.101974
0 0.164474 0.605263 0.082237 0.113487
8 0.274671 0.605263 0.070724 0.092105
8 0.384868 0.605263 0.070724 0.092105
1 0.495066 0.605263 0.078947 0.097039
5 0.605263 0.605263 0.072368 0.105263
5 0.715461 0.605263 0.072368 0.105263
4 0.825658 0.605263 0.074013 0.134868
9 0.935855 0.605263 0.070724 0.090461
10 0.054276 0.715461 0.070724 0.105263
12 0.164474 0.715461 0.078947 0.095395
7 0.274671 0.715461 0.082237 0.103618
11 0.384868 0.715461 0.080592 0.090461
0 0.715461 0.715461 0.077303 0.092105
11 0.825658 0.715461 0.077303 0.116776
8 0.935855 0.715461 0.074013 0.123355
7 0.274671 0.825658 0.085526 0.098684
12 0.384868 0.825658 0.082237 0.110197
4 0.495066 0.825658 0.082237 0.105263
11 0.605263 0.825658 0.078947 0.085526
7 0.715461 0.825658 0.074013 0.093750
10 0.825658 0.825658 0.074013 0.121711
1 0.054276 0.935855 0.075658 0.103618
5 0.274671 0.935855 0.080592 0.097039
8 0.495066 0.935855 0.070724 0.092105
8 0.605263 0.935855 0.074013 0.097039
1 0.715461 0.935855 0.078947 0.097039
10 0.825658 0.935855 0.074013 0.121711
