7 0.054276 0.054276 0.070724 0.090461
0 0.164474 0.054276 0.088816 0.110197
9 0.274671 0.054276 0.065789 0.095395
7 0.384868 0.054276 0.074013 0.101974
0 0.495066 0.054276 0.077303 0.106908
7 0.605263 0.054276 0.078947 0.103618
12 0.715461 0.054276 0.075658 0.090461
11 0.825658 0.054276 0.082237 0.100329
1 0.935855 0.054276 0.077303 0.093750
10 0.054276 0.164474 0.067434 0.106908
8 0.164474 0.164474 0.072368 0.095395
0 0.274671 0.164474 0.074013 0.106908
5 0.384868 0.164474 0.077303 0.098684
9 0.495066 0.164474 0.072368 0.087171
7 0.825658 0.164474 0.070724 0.090461
5 0.935855 0.164474 0.078947 0.097039
8 0.054276 0.274671 0.085526 0.103618
0 0.164474 0.274671 0.077303 0.106908
4 0.495066 0.274671 0.065789 0.100329
11 0.605263 0.274671 0.087171 0.097039
11 0.715461 0.274671 0.080592 0.101974
7 0.825658 0.274671 0.069079 0.097039
0 0.935855 0.274671 0.088816 0.110197
10 0.054276 0.384868 0.067434 0.106908
8 0.164474 0.384868 0.075658 0.111842
1 0.274671 0.384868 0.083882 0.106908
10 0.495066 0.384868 0.070724 0.116776
8 0.605263 0.384868 0.072368 0.095395
8 0.825658 0.384868 0.072368 0.095395
4 0.935855 0.384868 0.065789 0.100329
10 0.054276 0.495066 0.070724 0.116776
8 0.164474 0.495066 0.085526 0.103618
11 0.274671 0.495066 0.080592 0.101974
4 0.384868 0.495066 0.075658 0.113487
1 0.495066 0.495066 0.083882 0.106908
11 0.605263 0.495066 0.083882 0.098684
1 0.715461 0.495066 0.083882 0.106908
0 0.825658 0.495066 0.082237 0.113487
0 0.935855 0.495066 0.088816 0.110197
10 0.054276 0.605263 0.067434 0.110197
1 0.164474 0.605263 0.077303 0.103618
11 0.274671 0.605263 0.080592 0.101974
5 0.384868 0.605263 0.074013 0.105263
8 0.495066 0.605263 0.072368 0.095395
0 0.605263 0.605263 0.088816 0.110197
5 0.715461 0.605263 0.074013 0.105263
4 0.935855 0.605263 0.065789 0.100329
4 0.164474 0.715461 0.075658 0.113487
8 0.274671 0.715461 0.075658 0.111842
0 0.384868 0.715461 0.082237 0.113487
12 0.495066 0.715461 0.080592 0.113487
10 0.825658 0.715461 0.070724 0.116776
4 0.935855 0.715461 0.069079 0.116776
11 0.054276 0.825658 0.080592 0.101974
10 0.274671 0.825658 0.075658 0.103618
5 0.384868 0.825658 0.082237 0.108553
8 0.495066 0.825658 0.072368 0.095395
0 0.605263 0.825658 0.078947 0.101974
11 0.825658 0.825658 0.075658 0.101974
10 0.935855 0.825658 0.067434 0.106908
5 0.054276 0.935855 0.082237 0.108553
0 0.164474 0.935855 0.088816 0.110197
12 0.274671 0.935855 0.083882 0.087171
5 0.384868 0.935855 0.077303 0.098684
11 0.495066 0.935855 0.083882 0.098684
8 0.935855 0.935855 0.072368 0.095395
