5 0.054276 0.054276 0.083882 0.105263
5 0.164474 0.054276 0.083882 0.105263
0 0.274671 0.054276 0.075658 0.098684
10 0.384868 0.064145 0.070724 0.129934
0 0.495066 0.057566 0.087171 0.116776
8 0.605263 0.054276 0.072368 0.100329
11 0.715461 0.054276 0.075658 0.080592
0 0.825658 0.054276 0.075658 0.098684
8 0.935855 0.054276 0.072368 0.100329
8 0.054276 0.164474 0.082237 0.126645
8 0.164474 0.164474 0.070724 0.092105
5 0.274671 0.164474 0.082237 0.108553
10 0.495066 0.164474 0.065789 0.126645
0 0.605263 0.164474 0.078947 0.111842
4 0.825658 0.164474 0.074013 0.113487
5 0.054276 0.274671 0.077303 0.100329
11 0.164474 0.274671 0.092105 0.103618
0 0.274671 0.274671 0.087171 0.116776
0 0.384868 0.274671 0.074013 0.106908
1 0.495066 0.274671 0.087171 0.105263
5 0.605263 0.274671 0.077303 0.098684
11 0.825658 0.274671 0.092105 0.103618
0 0.935855 0.274671 0.075658 0.098684
9 0.054276 0.384868 0.072368 0.087171
11 0.164474 0.384868 0.080592 0.098684
7 0.495066 0.384868 0.075658 0.105263
1 0.605263 0.384868 0.080592 0.106908
7 0.825658 0.384868 0.070724 0.093750
8 0.935855 0.384868 0.078947 0.120066
0 0.054276 0.495066 0.087171 0.116776
9 0.164474 0.495066 0.077303 0.100329
12 0.384868 0.495066 0.092105 0.098684
10 0.495066 0.495066 0.070724 0.105263
11 0.605263 0.495066 0.087171 0.106908
1 0.715461 0.495066 0.088816 0.106908
11 0.825658 0.495066 0.075658 0.080592
4 0.054276 0.605263 0.075658 0.133224
8 0.164474 0.605263 0.072368 0.110197
4 0.274671 0.605263 0.082237 0.105263
8 0.384868 0.605263 0.072368 0.100329
7 0.495066 0.605263 0.062500 0.093750
1 0.715461 0.605263 0.080592 0.108553
10 0.825658 0.605263 0.070724 0.105263
0 0.935855 0.605263 0.074013 0.106908
10 0.164474 0.715461 0.070724 0.129934
0 0.274671 0.715461 0.075658 0.098684
8 0.384868 0.715461 0.082237 0.126645
11 0.495066 0.715461 0.087171 0.106908
10 0.715461 0.715461 0.070724 0.105263
5 0.825658 0.715461 0.077303 0.098684
5 0.935855 0.715461 0.083882 0.105263
7 0.054276 0.825658 0.062500 0.093750
12 0.164474 0.825658 0.077303 0.110197
4 0.274671 0.825658 0.067434 0.120066
11 0.384868 0.825658 0.092105 0.103618
4 0.495066 0.825658 0.075658 0.133224
10 0.605263 0.825658 0.074013 0.106908
1 0.935855 0.825658 0.075658 0.103618
8 0.054276 0.935855 0.072368 0.100329
4 0.164474 0.935855 0.065789 0.100329
10 0.274671 0.935855 0.074013 0.106908
11 0.495066 0.935855 0.087171 0.106908
7 0.605263 0.935855 0.070724 0.093750
8 0.715461 0.935855 0.070724 0.092105
0 0.825658 0.935855 0.075658 0.098684
12 0.935855 0.935855 0.080592 0.115132
