0 0.054276 0.054276 0.075658 0.098684
0 0.495066 0.055921 0.078947 0.111842
0 0.715461 0.054276 0.075658 0.098684
0 0.164474 0.164474 0.075658 0.098684
0 0.384868 0.164474 0.075658 0.098684
11 0.495066 0.164474 0.078947 0.085526
0 0.605263 0.164474 0.075658 0.098684
0 0.715461 0.164474 0.075658 0.098684
0 0.054276 0.384868 0.075658 0.098684
8 0.384868 0.384868 0.082237 0.126645
12 0.054276 0.495066 0.083882 0.093750
7 0.274671 0.495066 0.070724 0.093750
12 0.384868 0.495066 0.083882 0.093750
1 0.715461 0.495066 0.078947 0.106908
0 0.935855 0.495066 0.075658 0.098684
0 0.054276 0.715461 0.075658 0.098684
7 0.274671 0.715461 0.085526 0.098684
0 0.384868 0.715461 0.078947 0.111842
0 0.935855 0.715461 0.078947 0.111842
0 0.384868 0.825658 0.075658 0.098684
8 0.164474 0.935855 0.070724 0.092105
8 0.274671 0.935855 0.070724 0.092105
