0 0.825658 0.054276 0.085526 0.101974
0 0.495066 0.164474 0.085526 0.101974
7 0.605263 0.164474 0.077303 0.098684
0 0.715461 0.164474 0.085526 0.101974
7 0.935855 0.164474 0.077303 0.098684
0 0.935855 0.274671 0.078947 0.090461
0 0.164474 0.384868 0.078947 0.090461
0 0.274671 0.384868 0.085526 0.101974
0 0.384868 0.384868 0.078947 0.090461
11 0.605263 0.384868 0.077303 0.116776
0 0.825658 0.384868 0.085526 0.101974
0 0.054276 0.495066 0.078947 0.090461
1 0.605263 0.495066 0.078947 0.097039
0 0.825658 0.495066 0.085526 0.101974
0 0.054276 0.605263 0.085526 0.101974
0 0.164474 0.605263 0.078947 0.090461
0 0.715461 0.605263 0.078947 0.090461
12 0.054276 0.715461 0.082237 0.110197
0 0.935855 0.715461 0.085526 0.101974
8 0.495066 0.825658 0.101974 0.093750
8 0.274671 0.935855 0.067434 0.121711
8 0.825658 0.935855 0.101974 0.093750
