12 0.495066 0.054276 0.078947 0.092105
1 0.605263 0.054276 0.077303 0.103618
7 0.054276 0.164474 0.074013 0.101974
0 0.605263 0.274671 0.082237 0.113487
7 0.715461 0.274671 0.074013 0.101974
11 0.825658 0.274671 0.075658 0.101974
8 0.164474 0.384868 0.074013 0.123355
0 0.274671 0.384868 0.082237 0.113487
0 0.715461 0.384868 0.082237 0.113487
0 0.274671 0.495066 0.082237 0.113487
12 0.384868 0.495066 0.078947 0.092105
0 0.715461 0.495066 0.082237 0.113487
0 0.825658 0.495066 0.082237 0.113487
0 0.164474 0.605263 0.082237 0.113487
0 0.715461 0.605263 0.082237 0.113487
8 0.825658 0.605263 0.074013 0.123355
8 0.935855 0.605263 0.074013 0.123355
0 0.054276 0.715461 0.082237 0.113487
8 0.935855 0.715461 0.074013 0.123355
0 0.935855 0.825658 0.082237 0.113487
0 0.495066 0.935855 0.082237 0.113487
0 0.825658 0.935855 0.082237 0.113487
