0 0.164474 0.054276 0.085526 0.101974
0 0.274671 0.054276 0.085526 0.101974
0 0.384868 0.164474 0.085526 0.101974
12 0.495066 0.164474 0.082237 0.110197
0 0.605263 0.164474 0.085526 0.101974
1 0.825658 0.164474 0.085526 0.106908
8 0.935855 0.164474 0.077303 0.121711
8 0.164474 0.274671 0.101974 0.093750
7 0.274671 0.274671 0.074013 0.093750
0 0.495066 0.274671 0.085526 0.101974
0 0.715461 0.274671 0.085526 0.101974
7 0.825658 0.274671 0.069079 0.101974
12 0.715461 0.495066 0.082237 0.110197
11 0.164474 0.715461 0.074013 0.110197
0 0.384868 0.715461 0.085526 0.101974
0 0.495066 0.715461 0.085526 0.110197
0 0.605263 0.715461 0.085526 0.110197
8 0.825658 0.715461 0.101974 0.093750
0 0.935855 0.715461 0.085526 0.101974
0 0.605263 0.825658 0.085526 0.101974
0 0.935855 0.825658 0.085526 0.110197
8 0.605263 0.935855 0.101974 0.093750
