0 0.605263 0.054276 0.077303 0.106908
12 0.054276 0.164474 0.078947 0.095395
0 0.605263 0.164474 0.077303 0.098684
8 0.715461 0.164474 0.074013 0.097039
0 0.495066 0.274671 0.077303 0.106908
0 0.825658 0.274671 0.077303 0.106908
0 0.274671 0.384868 0.077303 0.098684
1 0.825658 0.384868 0.074013 0.103618
0 0.054276 0.495066 0.077303 0.098684
8 0.054276 0.605263 0.075658 0.111842
0 0.274671 0.605263 0.077303 0.106908
7 0.384868 0.605263 0.069079 0.097039
7 0.384868 0.715461 0.069079 0.097039
12 0.495066 0.715461 0.078947 0.095395
0 0.054276 0.825658 0.077303 0.098684
8 0.164474 0.825658 0.074013 0.097039
0 0.274671 0.825658 0.077303 0.106908
0 0.054276 0.935855 0.077303 0.106908
0 0.605263 0.935855 0.077303 0.106908
11 0.715461 0.935855 0.080592 0.101974
0 0.825658 0.935855 0.077303 0.106908
0 0.935855 0.935855 0.077303 0.098684
