0 0.274671 0.054276 0.085526 0.101974
0 0.715461 0.054276 0.077303 0.092105
7 0.935855 0.054276 0.062500 0.093750
8 0.164474 0.164474 0.072368 0.100329
8 0.495066 0.164474 0.072368 0.100329
0 0.825658 0.164474 0.085526 0.101974
0 0.495066 0.274671 0.085526 0.101974
1 0.384868 0.384868 0.075658 0.103618
0 0.715461 0.384868 0.077303 0.092105
12 0.825658 0.495066 0.082237 0.110197
0 0.164474 0.605263 0.077303 0.092105
12 0.495066 0.605263 0.069079 0.088816
0 0.715461 0.605263 0.077303 0.092105
8 0.825658 0.605263 0.072368 0.100329
11 0.935855 0.605263 0.080592 0.098684
0 0.715461 0.715461 0.085526 0.101974
0 0.164474 0.825658 0.077303 0.092105
0 0.384868 0.825658 0.085526 0.101974
0 0.825658 0.825658 0.077303 0.092105
0 0.164474 0.935855 0.077303 0.092105
7 0.605263 0.935855 0.062500 0.093750
0 0.825658 0.935855 0.085526 0.101974
