0 0.384868 0.054276 0.100329 0.087171
7 0.605263 0.054276 0.083882 0.072368
8 0.825658 0.164474 0.101974 0.106908
12 0.054276 0.274671 0.101974 0.085526
0 0.274671 0.274671 0.078947 0.101974
0 0.384868 0.274671 0.078947 0.101974
11 0.605263 0.274671 0.087171 0.103618
0 0.825658 0.274671 0.100329 0.087171
0 0.054276 0.384868 0.100329 0.087171
0 0.164474 0.384868 0.100329 0.087171
0 0.384868 0.384868 0.100329 0.087171
8 0.715461 0.495066 0.085526 0.103618
12 0.274671 0.605263 0.083882 0.087171
0 0.495066 0.605263 0.078947 0.101974
0 0.825658 0.605263 0.078947 0.101974
7 0.164474 0.715461 0.083882 0.072368
0 0.384868 0.715461 0.100329 0.087171
0 0.825658 0.715461 0.100329 0.087171
0 0.054276 0.825658 0.100329 0.087171
0 0.384868 0.825658 0.100329 0.087171
8 0.164474 0.935855 0.101974 0.106908
1 0.935855 0.935855 0.083882 0.106908
