0 0.164474 0.054276 0.075658 0.097039
1 0.935855 0.054276 0.080592 0.106908
8 0.274671 0.164474 0.082237 0.126645
0 0.605263 0.164474 0.078947 0.111842
0 0.054276 0.384868 0.078947 0.111842
8 0.164474 0.384868 0.072368 0.095395
0 0.384868 0.384868 0.078947 0.111842
0 0.715461 0.384868 0.078947 0.111842
12 0.825658 0.384868 0.077303 0.110197
0 0.935855 0.384868 0.078947 0.111842
0 0.384868 0.495066 0.078947 0.111842
0 0.605263 0.495066 0.075658 0.097039
7 0.825658 0.605263 0.070724 0.093750
0 0.274671 0.715461 0.078947 0.111842
0 0.825658 0.715461 0.078947 0.111842
12 0.054276 0.825658 0.080592 0.113487
0 0.164474 0.825658 0.078947 0.111842
0 0.495066 0.825658 0.078947 0.111842
8 0.825658 0.825658 0.072368 0.095395
11 0.384868 0.935855 0.077303 0.110197
7 0.605263 0.935855 0.070724 0.090461
0 0.825658 0.935855 0.078947 0.111842
