0 0.164474 0.054276 0.075658 0.097039
0 0.384868 0.054276 0.077303 0.092105
0 0.164474 0.164474 0.077303 0.092105
8 0.274671 0.164474 0.072368 0.100329
0 0.164474 0.274671 0.077303 0.092105
0 0.495066 0.274671 0.075658 0.097039
12 0.935855 0.274671 0.080592 0.113487
0 0.054276 0.384868 0.075658 0.097039
11 0.384868 0.384868 0.080592 0.098684
0 0.274671 0.605263 0.075658 0.097039
7 0.605263 0.605263 0.070724 0.090461
0 0.715461 0.605263 0.075658 0.097039
8 0.164474 0.715461 0.072368 0.095395
0 0.384868 0.715461 0.077303 0.092105
12 0.495066 0.715461 0.069079 0.088816
0 0.825658 0.715461 0.077303 0.092105
0 0.054276 0.825658 0.077303 0.092105
0 0.164474 0.825658 0.077303 0.092105
1 0.495066 0.825658 0.080592 0.097039
0 0.935855 0.825658 0.075658 0.097039
7 0.274671 0.935855 0.070724 0.090461
8 0.495066 0.935855 0.072368 0.095395
