0 0.054276 0.054276 0.077303 0.100329
0 0.274671 0.054276 0.077303 0.100329
0 0.384868 0.054276 0.074013 0.098684
12 0.935855 0.054276 0.095395 0.082237
0 0.054276 0.164474 0.077303 0.100329
7 0.274671 0.164474 0.085526 0.098684
0 0.605263 0.164474 0.077303 0.100329
0 0.054276 0.274671 0.074013 0.098684
1 0.495066 0.274671 0.088816 0.115132
0 0.825658 0.274671 0.077303 0.100329
0 0.164474 0.384868 0.074013 0.098684
0 0.384868 0.384868 0.074013 0.098684
0 0.605263 0.384868 0.077303 0.100329
0 0.935855 0.384868 0.074013 0.098684
11 0.605263 0.605263 0.095395 0.080592
0 0.164474 0.825658 0.074013 0.098684
0 0.384868 0.825658 0.074013 0.098684
7 0.495066 0.825658 0.078947 0.085526
8 0.605263 0.825658 0.072368 0.125000
8 0.935855 0.825658 0.072368 0.125000
0 0.054276 0.935855 0.074013 0.098684
8 0.274671 0.935855 0.072368 0.125000
