7 0.054276 0.054276 0.085526 0.098684
0 0.164474 0.055921 0.082237 0.113487
0 0.825658 0.055921 0.082237 0.113487
12 0.054276 0.164474 0.083882 0.093750
0 0.164474 0.164474 0.075658 0.098684
0 0.274671 0.164474 0.075658 0.098684
0 0.605263 0.164474 0.082237 0.113487
8 0.825658 0.164474 0.074013 0.123355
0 0.274671 0.274671 0.075658 0.098684
0 0.384868 0.274671 0.075658 0.098684
8 0.715461 0.274671 0.070724 0.092105
8 0.054276 0.384868 0.070724 0.092105
0 0.164474 0.495066 0.075658 0.098684
0 0.715461 0.495066 0.075658 0.098684
12 0.164474 0.605263 0.078947 0.092105
0 0.935855 0.605263 0.082237 0.113487
0 0.825658 0.715461 0.082237 0.113487
0 0.605263 0.825658 0.075658 0.098684
11 0.164474 0.935855 0.075658 0.101974
7 0.384868 0.935855 0.074013 0.101974
1 0.495066 0.935855 0.077303 0.103618
0 0.825658 0.935855 0.082237 0.113487
