7 0.274671 0.054276 0.067434 0.087171
1 0.715461 0.057566 0.088816 0.115132
12 0.164474 0.164474 0.083882 0.098684
0 0.495066 0.274671 0.085526 0.098684
0 0.715461 0.274671 0.074013 0.098684
0 0.164474 0.384868 0.085526 0.098684
0 0.495066 0.384868 0.074013 0.098684
0 0.054276 0.495066 0.085526 0.098684
0 0.605263 0.495066 0.074013 0.098684
0 0.715461 0.495066 0.085526 0.098684
0 0.935855 0.495066 0.074013 0.098684
11 0.384868 0.605263 0.095395 0.080592
0 0.495066 0.605263 0.074013 0.098684
0 0.825658 0.605263 0.074013 0.098684
8 0.274671 0.715461 0.074013 0.123355
7 0.384868 0.715461 0.067434 0.087171
12 0.164474 0.825658 0.083882 0.098684
0 0.274671 0.825658 0.085526 0.098684
0 0.715461 0.825658 0.074013 0.098684
8 0.825658 0.825658 0.074013 0.123355
0 0.605263 0.935855 0.074013 0.098684
8 0.935855 0.935855 0.074013 0.123355
