7 0.495066 0.054276 0.074013 0.101974
0 0.825658 0.054276 0.085526 0.101974
12 0.274671 0.164474 0.082237 0.110197
11 0.384868 0.164474 0.075658 0.101974
0 0.274671 0.274671 0.082237 0.113487
8 0.935855 0.274671 0.074013 0.123355
0 0.715461 0.384868 0.085526 0.101974
12 0.384868 0.495066 0.082237 0.110197
0 0.605263 0.495066 0.082237 0.113487
0 0.274671 0.605263 0.085526 0.101974
8 0.384868 0.605263 0.074013 0.123355
7 0.825658 0.605263 0.074013 0.101974
0 0.274671 0.715461 0.085526 0.101974
1 0.605263 0.715461 0.077303 0.103618
0 0.715461 0.715461 0.085526 0.101974
0 0.825658 0.715461 0.085526 0.101974
0 0.935855 0.715461 0.085526 0.101974
8 0.605263 0.825658 0.074013 0.123355
0 0.935855 0.825658 0.085526 0.101974
0 0.054276 0.935855 0.082237 0.113487
0 0.164474 0.935855 0.082237 0.113487
0 0.495066 0.935855 0.082237 0.113487
