0 0.164474 0.054276 0.088816 0.106908
0 0.825658 0.054276 0.077303 0.098684
8 0.495066 0.164474 0.097039 0.105263
12 0.935855 0.164474 0.088816 0.090461
1 0.164474 0.274671 0.092105 0.098684
0 0.605263 0.274671 0.077303 0.098684
0 0.054276 0.384868 0.088816 0.106908
0 0.384868 0.384868 0.077303 0.098684
0 0.605263 0.384868 0.077303 0.098684
0 0.274671 0.495066 0.077303 0.098684
8 0.715461 0.495066 0.097039 0.105263
7 0.054276 0.715461 0.082237 0.103618
12 0.274671 0.715461 0.078947 0.095395
0 0.495066 0.715461 0.088816 0.106908
0 0.605263 0.715461 0.088816 0.106908
0 0.715461 0.715461 0.077303 0.098684
0 0.935855 0.715461 0.077303 0.098684
8 0.164474 0.825658 0.074013 0.097039
7 0.274671 0.825658 0.075658 0.101974
0 0.935855 0.825658 0.088816 0.106908
11 0.495066 0.935855 0.082237 0.100329
0 0.935855 0.935855 0.088816 0.106908
