12 0.054276 0.055921 0.080592 0.113487
8 0.605263 0.062500 0.082237 0.126645
0 0.825658 0.055921 0.078947 0.111842
0 0.054276 0.274671 0.075658 0.097039
0 0.274671 0.274671 0.075658 0.097039
8 0.495066 0.274671 0.072368 0.095395
7 0.935855 0.274671 0.070724 0.090461
0 0.715461 0.384868 0.078947 0.111842
0 0.384868 0.495066 0.078947 0.111842
0 0.495066 0.495066 0.075658 0.097039
1 0.605263 0.495066 0.080592 0.097039
12 0.164474 0.605263 0.080592 0.113487
0 0.605263 0.605263 0.075658 0.097039
0 0.495066 0.715461 0.078947 0.111842
7 0.825658 0.715461 0.070724 0.090461
0 0.054276 0.825658 0.078947 0.111842
0 0.164474 0.825658 0.078947 0.111842
0 0.274671 0.825658 0.075658 0.097039
0 0.495066 0.825658 0.075658 0.097039
8 0.825658 0.825658 0.082237 0.126645
11 0.274671 0.935855 0.077303 0.110197
0 0.715461 0.935855 0.075658 0.097039
