0 0.274671 0.057566 0.078947 0.115132
0 0.495066 0.057566 0.078947 0.115132
12 0.605263 0.057566 0.080592 0.115132
8 0.825658 0.062500 0.072368 0.125000
0 0.935855 0.054276 0.077303 0.100329
0 0.605263 0.164474 0.078947 0.115132
1 0.715461 0.164474 0.080592 0.108553
7 0.825658 0.164474 0.078947 0.085526
0 0.605263 0.274671 0.078947 0.115132
7 0.164474 0.384868 0.069079 0.090461
8 0.054276 0.495066 0.072368 0.125000
0 0.164474 0.495066 0.078947 0.115132
0 0.495066 0.495066 0.078947 0.115132
8 0.605263 0.495066 0.083882 0.126645
0 0.715461 0.495066 0.077303 0.100329
0 0.054276 0.605263 0.077303 0.100329
12 0.164474 0.605263 0.080592 0.115132
0 0.825658 0.605263 0.078947 0.115132
0 0.935855 0.605263 0.078947 0.115132
0 0.384868 0.715461 0.077303 0.100329
11 0.715461 0.715461 0.070724 0.075658
0 0.164474 0.825658 0.078947 0.115132
