1 0.384868 0.054276 0.078947 0.103618
12 0.825658 0.054276 0.077303 0.110197
0 0.495066 0.164474 0.078947 0.090461
0 0.715461 0.164474 0.078947 0.111842
0 0.164474 0.384868 0.078947 0.090461
0 0.274671 0.384868 0.078947 0.090461
0 0.384868 0.384868 0.078947 0.090461
0 0.605263 0.384868 0.078947 0.090461
0 0.825658 0.384868 0.078947 0.111842
0 0.164474 0.495066 0.078947 0.111842
7 0.605263 0.495066 0.077303 0.098684
0 0.164474 0.605263 0.078947 0.111842
0 0.384868 0.605263 0.078947 0.111842
0 0.164474 0.715461 0.078947 0.111842
8 0.384868 0.715461 0.082237 0.126645
8 0.164474 0.825658 0.082237 0.126645
7 0.825658 0.825658 0.070724 0.093750
0 0.054276 0.935855 0.078947 0.090461
0 0.274671 0.935855 0.078947 0.111842
11 0.495066 0.935855 0.078947 0.095395
8 0.605263 0.935855 0.067434 0.121711
0 0.715461 0.935855 0.078947 0.090461
