0 0.164474 0.057566 0.078947 0.115132
13 0.495066 0.054276 0.080592 0.100329
8 0.935855 0.054276 0.085526 0.103618
1 0.164474 0.164474 0.080592 0.108553
0 0.274671 0.164474 0.077303 0.106908
1 0.495066 0.164474 0.083882 0.106908
10 0.715461 0.164474 0.075658 0.103618
12 0.935855 0.164474 0.078947 0.095395
1 0.164474 0.274671 0.088816 0.106908
1 0.605263 0.274671 0.080592 0.108553
11 0.825658 0.274671 0.080592 0.101974
0 0.935855 0.274671 0.077303 0.106908
0 0.054276 0.384868 0.077303 0.106908
9 0.164474 0.384868 0.072368 0.087171
11 0.274671 0.384868 0.080592 0.101974
7 0.384868 0.384868 0.069079 0.090461
12 0.715461 0.384868 0.080592 0.115132
0 0.825658 0.384868 0.078947 0.101974
0 0.935855 0.384868 0.078947 0.115132
11 0.274671 0.495066 0.080592 0.101974
7 0.495066 0.495066 0.069079 0.097039
1 0.715461 0.495066 0.080592 0.108553
0 0.935855 0.495066 0.077303 0.106908
7 0.164474 0.605263 0.075658 0.105263
11 0.274671 0.605263 0.092105 0.103618
0 0.495066 0.605263 0.077303 0.106908
12 0.605263 0.605263 0.078947 0.095395
0 0.715461 0.605263 0.078947 0.101974
11 0.935855 0.605263 0.080592 0.101974
12 0.054276 0.715461 0.080592 0.115132
9 0.274671 0.715461 0.093750 0.087171
10 0.384868 0.715461 0.075658 0.103618
13 0.935855 0.715461 0.080592 0.100329
8 0.054276 0.825658 0.072368 0.110197
0 0.164474 0.825658 0.078947 0.101974
1 0.495066 0.825658 0.083882 0.106908
8 0.605263 0.825658 0.072368 0.110197
0 0.935855 0.825658 0.074013 0.106908
0 0.054276 0.935855 0.078947 0.115132
0 0.384868 0.935855 0.078947 0.101974
4 0.495066 0.935855 0.065789 0.100329
0 0.605263 0.935855 0.074013 0.106908
10 0.715461 0.934211 0.070724 0.129934
0 0.825658 0.935855 0.078947 0.115132
