7 0.054276 0.054276 0.085526 0.098684
0 0.164474 0.054276 0.077303 0.106908
1 0.384868 0.054276 0.078947 0.106908
0 0.605263 0.054276 0.074013 0.098684
0 0.715461 0.054276 0.077303 0.106908
11 0.825658 0.054276 0.095395 0.080592
10 0.935855 0.054276 0.080592 0.098684
11 0.054276 0.164474 0.078947 0.085526
10 0.164474 0.164474 0.080592 0.098684
8 0.495066 0.164474 0.075658 0.111842
4 0.054276 0.274671 0.074013 0.134868
0 0.384868 0.274671 0.077303 0.098684
12 0.605263 0.274671 0.078947 0.095395
11 0.054276 0.384868 0.078947 0.085526
9 0.274671 0.384868 0.093750 0.101974
0 0.495066 0.384868 0.077303 0.098684
8 0.605263 0.384868 0.070724 0.092105
11 0.935855 0.384868 0.095395 0.080592
12 0.164474 0.495066 0.078947 0.095395
0 0.274671 0.495066 0.077303 0.106908
12 0.605263 0.495066 0.078947 0.095395
0 0.715461 0.495066 0.077303 0.098684
1 0.935855 0.495066 0.078947 0.090461
13 0.054276 0.605263 0.075658 0.088816
1 0.164474 0.605263 0.074013 0.103618
9 0.384868 0.605263 0.093750 0.101974
13 0.495066 0.605263 0.074013 0.085526
7 0.605263 0.605263 0.085526 0.098684
7 0.715461 0.605263 0.085526 0.098684
11 0.825658 0.605263 0.095395 0.080592
0 0.054276 0.715461 0.077303 0.106908
1 0.274671 0.715461 0.078947 0.106908
0 0.495066 0.715461 0.074013 0.098684
1 0.605263 0.715461 0.088816 0.115132
0 0.715461 0.715461 0.077303 0.098684
10 0.274671 0.825658 0.067434 0.106908
8 0.384868 0.825658 0.074013 0.097039
0 0.495066 0.825658 0.075658 0.098684
1 0.715461 0.825658 0.074013 0.103618
12 0.825658 0.825658 0.095395 0.082237
0 0.164474 0.935855 0.075658 0.098684
0 0.274671 0.935855 0.077303 0.106908
0 0.825658 0.935855 0.074013 0.098684
0 0.935855 0.935855 0.074013 0.098684
