0 0.164474 0.054276 0.077303 0.098684
8 0.274671 0.054276 0.074013 0.097039
0 0.384868 0.054276 0.088816 0.106908
9 0.495066 0.054276 0.062500 0.088816
8 0.825658 0.054276 0.074013 0.097039
12 0.935855 0.054276 0.078947 0.095395
12 0.054276 0.164474 0.078947 0.092105
1 0.164474 0.164474 0.092105 0.098684
10 0.274671 0.164474 0.067434 0.106908
7 0.495066 0.164474 0.078947 0.085526
11 0.605263 0.164474 0.082237 0.100329
0 0.715461 0.164474 0.077303 0.098684
4 0.825658 0.164474 0.062500 0.101974
11 0.054276 0.274671 0.070724 0.075658
0 0.164474 0.274671 0.088816 0.106908
0 0.274671 0.274671 0.088816 0.106908
0 0.384868 0.274671 0.077303 0.098684
1 0.715461 0.274671 0.077303 0.103618
1 0.825658 0.274671 0.077303 0.103618
1 0.054276 0.384868 0.092105 0.098684
0 0.384868 0.384868 0.077303 0.098684
0 0.715461 0.384868 0.077303 0.098684
13 0.935855 0.384868 0.080592 0.101974
12 0.164474 0.495066 0.088816 0.090461
7 0.274671 0.495066 0.078947 0.085526
7 0.825658 0.495066 0.074013 0.101974
0 0.274671 0.605263 0.088816 0.106908
9 0.384868 0.605263 0.065789 0.095395
0 0.495066 0.605263 0.082237 0.113487
10 0.715461 0.605263 0.072368 0.121711
0 0.274671 0.715461 0.077303 0.098684
1 0.384868 0.715461 0.077303 0.103618
0 0.605263 0.715461 0.088816 0.106908
1 0.054276 0.825658 0.074013 0.103618
11 0.495066 0.825658 0.075658 0.101974
11 0.605263 0.825658 0.070724 0.075658
12 0.715461 0.825658 0.088816 0.090461
0 0.825658 0.825658 0.082237 0.113487
0 0.935855 0.825658 0.088816 0.106908
0 0.054276 0.935855 0.077303 0.098684
13 0.164474 0.935855 0.083882 0.098684
8 0.274671 0.935855 0.074013 0.097039
10 0.825658 0.935855 0.069079 0.111842
11 0.935855 0.935855 0.075658 0.101974
