4 0.164474 0.054276 0.078947 0.106908
10 0.384868 0.054276 0.080592 0.098684
11 0.935855 0.054276 0.095395 0.080592
0 0.495066 0.164474 0.077303 0.100329
0 0.605263 0.164474 0.078947 0.101974
12 0.825658 0.164474 0.083882 0.087171
7 0.935855 0.164474 0.085526 0.098684
0 0.274671 0.274671 0.078947 0.101974
0 0.495066 0.274671 0.075658 0.097039
13 0.715461 0.274671 0.062500 0.083882
9 0.935855 0.274671 0.062500 0.088816
0 0.164474 0.384868 0.077303 0.100329
1 0.274671 0.384868 0.083882 0.106908
11 0.605263 0.384868 0.077303 0.110197
8 0.825658 0.384868 0.072368 0.125000
0 0.935855 0.384868 0.077303 0.100329
0 0.164474 0.495066 0.077303 0.100329
0 0.384868 0.495066 0.074013 0.098684
11 0.605263 0.495066 0.070724 0.075658
0 0.715461 0.495066 0.077303 0.100329
0 0.825658 0.495066 0.074013 0.098684
1 0.935855 0.495066 0.083882 0.106908
9 0.054276 0.605263 0.093750 0.087171
12 0.164474 0.605263 0.083882 0.087171
1 0.384868 0.605263 0.083882 0.106908
7 0.495066 0.605263 0.070724 0.090461
1 0.605263 0.605263 0.080592 0.097039
0 0.715461 0.605263 0.074013 0.098684
13 0.825658 0.605263 0.080592 0.100329
11 0.935855 0.605263 0.083882 0.098684
1 0.054276 0.715461 0.083882 0.097039
0 0.384868 0.715461 0.074013 0.098684
12 0.495066 0.715461 0.095395 0.082237
7 0.605263 0.715461 0.085526 0.098684
10 0.164474 0.825658 0.070724 0.116776
0 0.605263 0.825658 0.075658 0.097039
0 0.715461 0.825658 0.078947 0.101974
0 0.825658 0.825658 0.077303 0.100329
10 0.164474 0.935855 0.075658 0.103618
11 0.274671 0.935855 0.077303 0.110197
1 0.495066 0.935855 0.088816 0.115132
1 0.605263 0.935855 0.080592 0.097039
8 0.715461 0.935855 0.072368 0.125000
12 0.825658 0.935855 0.095395 0.082237
