11 0.274671 0.054276 0.082237 0.100329
13 0.384868 0.054276 0.080592 0.100329
0 0.495066 0.057566 0.087171 0.116776
0 0.605263 0.054276 0.088816 0.110197
1 0.715461 0.054276 0.080592 0.097039
10 0.935855 0.057566 0.070724 0.116776
10 0.384868 0.164474 0.065789 0.126645
0 0.825658 0.164474 0.087171 0.116776
7 0.935855 0.164474 0.070724 0.090461
12 0.054276 0.274671 0.092105 0.098684
0 0.164474 0.274671 0.078947 0.111842
0 0.274671 0.274671 0.087171 0.116776
0 0.384868 0.274671 0.088816 0.110197
0 0.495066 0.274671 0.087171 0.116776
10 0.825658 0.274671 0.070724 0.116776
1 0.054276 0.384868 0.080592 0.097039
1 0.164474 0.384868 0.080592 0.106908
0 0.274671 0.384868 0.078947 0.111842
9 0.384868 0.384868 0.082237 0.088816
0 0.605263 0.384868 0.078947 0.111842
12 0.715461 0.384868 0.077303 0.110197
1 0.054276 0.495066 0.077303 0.093750
9 0.825658 0.495066 0.082237 0.088816
1 0.054276 0.605263 0.087171 0.105263
11 0.164474 0.605263 0.077303 0.110197
0 0.274671 0.605263 0.078947 0.111842
7 0.384868 0.605263 0.070724 0.090461
11 0.825658 0.605263 0.077303 0.110197
4 0.935855 0.605263 0.088816 0.113487
12 0.054276 0.715461 0.092105 0.098684
8 0.274671 0.715461 0.077303 0.118421
13 0.605263 0.715461 0.088816 0.098684
0 0.715461 0.715461 0.087171 0.116776
0 0.825658 0.715461 0.087171 0.116776
12 0.054276 0.825658 0.075658 0.095395
11 0.164474 0.825658 0.075658 0.080592
8 0.274671 0.825658 0.077303 0.118421
8 0.715461 0.825658 0.077303 0.118421
0 0.825658 0.825658 0.078947 0.111842
7 0.164474 0.935855 0.070724 0.090461
1 0.495066 0.935855 0.080592 0.106908
0 0.605263 0.935855 0.087171 0.116776
11 0.715461 0.935855 0.082237 0.100329
0 0.825658 0.935855 0.087171 0.116776
