8 0.054276 0.060855 0.074013 0.123355
11 0.164474 0.054276 0.095395 0.080592
12 0.715461 0.054276 0.101974 0.085526
0 0.825658 0.057566 0.087171 0.116776
12 0.935855 0.054276 0.078947 0.092105
8 0.054276 0.164474 0.074013 0.123355
0 0.495066 0.164474 0.087171 0.116776
0 0.715461 0.164474 0.087171 0.116776
0 0.935855 0.164474 0.074013 0.098684
1 0.274671 0.274671 0.077303 0.103618
7 0.495066 0.274671 0.090461 0.085526
0 0.715461 0.274671 0.082237 0.113487
0 0.935855 0.274671 0.074013 0.098684
7 0.054276 0.384868 0.090461 0.085526
0 0.164474 0.384868 0.087171 0.116776
1 0.274671 0.384868 0.077303 0.103618
8 0.495066 0.384868 0.101974 0.106908
9 0.715461 0.384868 0.065789 0.095395
0 0.935855 0.384868 0.074013 0.098684
1 0.164474 0.495066 0.088816 0.115132
0 0.384868 0.495066 0.082237 0.113487
10 0.495066 0.495066 0.067434 0.106908
0 0.054276 0.605263 0.082237 0.113487
12 0.164474 0.605263 0.092105 0.098684
1 0.274671 0.605263 0.077303 0.103618
13 0.495066 0.605263 0.062500 0.083882
0 0.605263 0.605263 0.074013 0.098684
13 0.825658 0.605263 0.062500 0.083882
11 0.935855 0.605263 0.075658 0.080592
11 0.054276 0.715461 0.075658 0.080592
0 0.164474 0.715461 0.082237 0.113487
9 0.274671 0.715461 0.065789 0.095395
1 0.384868 0.715461 0.090461 0.097039
11 0.495066 0.715461 0.095395 0.080592
1 0.825658 0.715461 0.087171 0.105263
11 0.935855 0.715461 0.075658 0.080592
4 0.054276 0.825658 0.088816 0.113487
10 0.164474 0.825658 0.067434 0.106908
0 0.384868 0.825658 0.100329 0.087171
0 0.935855 0.825658 0.074013 0.098684
10 0.164474 0.935855 0.067434 0.090461
7 0.605263 0.935855 0.074013 0.101974
0 0.715461 0.935855 0.082237 0.113487
12 0.825658 0.935855 0.095395 0.082237
