10 0.054276 0.054276 0.067434 0.106908
7 0.164474 0.054276 0.085526 0.098684
0 0.384868 0.054276 0.088816 0.106908
0 0.495066 0.054276 0.088816 0.106908
1 0.825658 0.054276 0.078947 0.090461
0 0.935855 0.054276 0.075658 0.098684
0 0.164474 0.164474 0.077303 0.106908
11 0.274671 0.164474 0.082237 0.100329
0 0.384868 0.164474 0.078947 0.101974
1 0.715461 0.164474 0.092105 0.098684
0 0.935855 0.164474 0.077303 0.106908
10 0.164474 0.274671 0.069079 0.111842
0 0.274671 0.274671 0.088816 0.106908
12 0.384868 0.274671 0.083882 0.087171
13 0.605263 0.274671 0.080592 0.101974
0 0.825658 0.274671 0.078947 0.101974
8 0.935855 0.274671 0.070724 0.092105
8 0.054276 0.384868 0.075658 0.111842
12 0.164474 0.384868 0.083882 0.093750
0 0.825658 0.384868 0.078947 0.101974
0 0.935855 0.384868 0.088816 0.106908
1 0.164474 0.495066 0.078947 0.106908
11 0.605263 0.495066 0.080592 0.101974
11 0.715461 0.495066 0.078947 0.085526
9 0.825658 0.495066 0.070724 0.092105
7 0.935855 0.495066 0.077303 0.095395
12 0.274671 0.605263 0.088816 0.090461
0 0.495066 0.605263 0.075658 0.098684
1 0.715461 0.605263 0.092105 0.098684
12 0.935855 0.605263 0.083882 0.087171
10 0.164474 0.715461 0.067434 0.106908
0 0.274671 0.715461 0.075658 0.098684
4 0.495066 0.715461 0.062500 0.101974
11 0.605263 0.715461 0.078947 0.085526
0 0.715461 0.715461 0.077303 0.106908
13 0.825658 0.715461 0.080592 0.100329
1 0.935855 0.715461 0.078947 0.106908
0 0.274671 0.825658 0.088816 0.106908
7 0.605263 0.825658 0.075658 0.101974
8 0.715461 0.825658 0.097039 0.105263
9 0.054276 0.935855 0.069079 0.092105
0 0.274671 0.935855 0.075658 0.098684
11 0.384868 0.935855 0.082237 0.100329
1 0.935855 0.935855 0.078947 0.090461
