10 0.164474 0.054276 0.067434 0.106908
9 0.384868 0.054276 0.065789 0.095395
7 0.495066 0.054276 0.070724 0.093750
8 0.605263 0.062500 0.083882 0.126645
0 0.825658 0.055921 0.082237 0.113487
0 0.164474 0.164474 0.078947 0.111842
0 0.274671 0.164474 0.078947 0.115132
11 0.495066 0.164474 0.087171 0.106908
11 0.605263 0.164474 0.087171 0.106908
0 0.935855 0.164474 0.078947 0.101974
12 0.054276 0.274671 0.083882 0.087171
13 0.164474 0.274671 0.082237 0.095395
12 0.274671 0.274671 0.083882 0.087171
0 0.495066 0.274671 0.078947 0.111842
7 0.715461 0.274671 0.070724 0.093750
10 0.935855 0.274671 0.075658 0.103618
0 0.054276 0.384868 0.078947 0.101974
0 0.164474 0.384868 0.078947 0.115132
0 0.825658 0.384868 0.078947 0.111842
8 0.935855 0.384868 0.083882 0.126645
11 0.054276 0.495066 0.075658 0.101974
1 0.384868 0.495066 0.083882 0.106908
1 0.495066 0.495066 0.083882 0.106908
0 0.715461 0.495066 0.078947 0.115132
9 0.825658 0.495066 0.093750 0.087171
0 0.054276 0.605263 0.078947 0.111842
12 0.384868 0.605263 0.078947 0.092105
0 0.935855 0.605263 0.082237 0.113487
1 0.164474 0.715461 0.080592 0.108553
0 0.274671 0.715461 0.078947 0.111842
0 0.495066 0.715461 0.078947 0.101974
0 0.715461 0.715461 0.082237 0.113487
10 0.935855 0.715461 0.070724 0.129934
8 0.054276 0.825658 0.082237 0.126645
1 0.384868 0.825658 0.080592 0.108553
1 0.495066 0.825658 0.080592 0.108553
11 0.715461 0.825658 0.087171 0.106908
1 0.935855 0.825658 0.080592 0.108553
13 0.054276 0.935855 0.075658 0.090461
7 0.164474 0.935855 0.074013 0.101974
11 0.274671 0.935855 0.087171 0.106908
0 0.384868 0.935855 0.078947 0.115132
4 0.495066 0.935855 0.105263 0.092105
12 0.825658 0.935855 0.078947 0.092105
