9 0.054276 0.054276 0.080592 0.105263
11 0.164474 0.054276 0.087171 0.097039
8 0.274671 0.060855 0.074013 0.123355
0 0.384868 0.054276 0.074013 0.098684
11 0.495066 0.054276 0.082237 0.098684
0 0.605263 0.057566 0.078947 0.115132
1 0.715461 0.054276 0.080592 0.097039
7 0.825658 0.054276 0.067434 0.087171
0 0.054276 0.164474 0.074013 0.098684
0 0.164474 0.164474 0.074013 0.098684
11 0.495066 0.164474 0.095395 0.080592
1 0.605263 0.164474 0.080592 0.108553
11 0.935855 0.164474 0.095395 0.080592
0 0.164474 0.274671 0.074013 0.106908
7 0.384868 0.274671 0.069079 0.090461
12 0.605263 0.274671 0.083882 0.098684
12 0.715461 0.274671 0.095395 0.082237
10 0.825658 0.274671 0.069079 0.093750
9 0.935855 0.274671 0.093750 0.101974
10 0.054276 0.384868 0.070724 0.129934
0 0.274671 0.384868 0.078947 0.115132
1 0.495066 0.384868 0.088816 0.115132
0 0.164474 0.495066 0.074013 0.106908
13 0.384868 0.495066 0.062500 0.083882
0 0.715461 0.495066 0.074013 0.106908
0 0.935855 0.495066 0.074013 0.106908
8 0.164474 0.605263 0.074013 0.123355
0 0.495066 0.605263 0.074013 0.098684
12 0.715461 0.605263 0.075658 0.090461
12 0.164474 0.715461 0.095395 0.082237
11 0.274671 0.715461 0.092105 0.103618
0 0.384868 0.715461 0.074013 0.098684
13 0.605263 0.715461 0.082237 0.095395
0 0.825658 0.715461 0.078947 0.115132
0 0.495066 0.825658 0.074013 0.106908
0 0.715461 0.825658 0.074013 0.098684
7 0.825658 0.825658 0.085526 0.098684
1 0.054276 0.935855 0.088816 0.115132
10 0.164474 0.935855 0.069079 0.093750
1 0.274671 0.935855 0.080592 0.108553
0 0.495066 0.935855 0.074013 0.106908
1 0.715461 0.935855 0.088816 0.115132
1 0.825658 0.935855 0.088816 0.106908
4 0.935855 0.935855 0.074013 0.113487
