8 0.605263 0.060855 0.074013 0.123355
0 0.825658 0.054276 0.088816 0.110197
11 0.935855 0.054276 0.074013 0.110197
7 0.164474 0.164474 0.078947 0.103618
0 0.274671 0.164474 0.088816 0.110197
1 0.495066 0.164474 0.078947 0.097039
11 0.605263 0.164474 0.082237 0.098684
0 0.715461 0.164474 0.088816 0.110197
7 0.935855 0.164474 0.074013 0.093750
0 0.164474 0.274671 0.088816 0.110197
1 0.384868 0.274671 0.077303 0.093750
7 0.495066 0.274671 0.074013 0.093750
0 0.825658 0.274671 0.085526 0.101974
12 0.935855 0.274671 0.082237 0.110197
10 0.054276 0.384868 0.070724 0.110197
0 0.164474 0.384868 0.085526 0.101974
11 0.384868 0.384868 0.082237 0.100329
0 0.715461 0.384868 0.085526 0.098684
0 0.825658 0.384868 0.085526 0.098684
0 0.935855 0.384868 0.085526 0.101974
11 0.164474 0.495066 0.074013 0.110197
1 0.274671 0.495066 0.080592 0.097039
0 0.384868 0.495066 0.085526 0.110197
8 0.605263 0.495066 0.101974 0.093750
8 0.715461 0.495066 0.101974 0.093750
11 0.825658 0.495066 0.082237 0.100329
0 0.935855 0.495066 0.085526 0.110197
12 0.384868 0.605263 0.075658 0.095395
9 0.495066 0.605263 0.069079 0.083882
13 0.605263 0.605263 0.083882 0.093750
0 0.054276 0.715461 0.085526 0.101974
0 0.164474 0.715461 0.085526 0.101974
0 0.495066 0.715461 0.085526 0.098684
0 0.715461 0.715461 0.085526 0.101974
10 0.935855 0.715461 0.070724 0.110197
12 0.164474 0.825658 0.074013 0.095395
9 0.495066 0.825658 0.069079 0.092105
1 0.605263 0.825658 0.077303 0.093750
10 0.715461 0.825658 0.077303 0.106908
4 0.825658 0.825658 0.072368 0.116776
1 0.054276 0.935855 0.085526 0.106908
12 0.495066 0.935855 0.082237 0.110197
1 0.715461 0.935855 0.080592 0.097039
13 0.935855 0.935855 0.100329 0.095395
