8 0.164474 0.062500 0.082237 0.126645
13 0.274671 0.054276 0.083882 0.098684
0 0.495066 0.055921 0.078947 0.111842
12 0.605263 0.054276 0.078947 0.095395
0 0.164474 0.164474 0.100329 0.087171
0 0.274671 0.164474 0.077303 0.098684
7 0.495066 0.164474 0.074013 0.101974
1 0.935855 0.164474 0.090461 0.097039
0 0.054276 0.274671 0.082237 0.113487
12 0.164474 0.274671 0.077303 0.110197
0 0.384868 0.274671 0.100329 0.087171
7 0.495066 0.274671 0.083882 0.072368
0 0.605263 0.274671 0.082237 0.113487
10 0.935855 0.274671 0.065789 0.126645
8 0.054276 0.384868 0.082237 0.126645
1 0.274671 0.384868 0.077303 0.103618
0 0.384868 0.384868 0.077303 0.098684
9 0.605263 0.384868 0.070724 0.090461
1 0.825658 0.384868 0.074013 0.103618
11 0.164474 0.495066 0.075658 0.101974
11 0.495066 0.495066 0.075658 0.101974
1 0.605263 0.495066 0.090461 0.097039
1 0.715461 0.495066 0.074013 0.103618
0 0.935855 0.495066 0.078947 0.111842
0 0.054276 0.605263 0.082237 0.113487
0 0.274671 0.605263 0.082237 0.113487
7 0.384868 0.605263 0.082237 0.103618
0 0.495066 0.605263 0.082237 0.113487
0 0.715461 0.605263 0.077303 0.098684
12 0.825658 0.605263 0.101974 0.085526
12 0.935855 0.605263 0.078947 0.095395
1 0.164474 0.715461 0.080592 0.106908
0 0.384868 0.715461 0.077303 0.098684
11 0.715461 0.715461 0.087171 0.106908
9 0.274671 0.825658 0.070724 0.082237
11 0.495066 0.825658 0.087171 0.103618
10 0.605263 0.825658 0.067434 0.106908
10 0.825658 0.825658 0.067434 0.106908
0 0.054276 0.935855 0.082237 0.113487
1 0.274671 0.935855 0.074013 0.103618
0 0.384868 0.935855 0.100329 0.087171
13 0.495066 0.935855 0.075658 0.090461
4 0.825658 0.935855 0.075658 0.113487
11 0.935855 0.935855 0.075658 0.101974
