0 0.164474 0.054276 0.085526 0.098684
12 0.274671 0.054276 0.078947 0.092105
0 0.605263 0.054276 0.085526 0.098684
0 0.715461 0.054276 0.085526 0.098684
10 0.825658 0.057566 0.070724 0.116776
13 0.935855 0.054276 0.083882 0.098684
0 0.164474 0.164474 0.077303 0.092105
0 0.274671 0.164474 0.077303 0.092105
13 0.495066 0.164474 0.083882 0.098684
0 0.605263 0.164474 0.082237 0.113487
12 0.825658 0.164474 0.083882 0.098684
0 0.935855 0.164474 0.075658 0.097039
11 0.274671 0.274671 0.080592 0.098684
1 0.495066 0.274671 0.075658 0.103618
1 0.605263 0.274671 0.080592 0.097039
12 0.825658 0.274671 0.078947 0.092105
7 0.935855 0.274671 0.074013 0.101974
11 0.054276 0.384868 0.082237 0.098684
7 0.274671 0.384868 0.067434 0.087171
0 0.384868 0.384868 0.075658 0.097039
11 0.495066 0.384868 0.077303 0.110197
0 0.605263 0.384868 0.077303 0.092105
9 0.715461 0.384868 0.074013 0.097039
8 0.935855 0.384868 0.072368 0.100329
0 0.054276 0.495066 0.085526 0.098684
10 0.495066 0.495066 0.069079 0.093750
0 0.825658 0.495066 0.075658 0.097039
11 0.164474 0.605263 0.082237 0.098684
4 0.274671 0.605263 0.078947 0.093750
11 0.384868 0.605263 0.077303 0.110197
8 0.495066 0.605263 0.074013 0.123355
10 0.935855 0.605263 0.074013 0.106908
0 0.384868 0.715461 0.077303 0.092105
0 0.495066 0.715461 0.085526 0.098684
1 0.605263 0.715461 0.080592 0.097039
1 0.825658 0.715461 0.077303 0.103618
1 0.935855 0.715461 0.075658 0.103618
0 0.384868 0.825658 0.085526 0.098684
7 0.715461 0.825658 0.074013 0.101974
12 0.054276 0.935855 0.069079 0.088816
1 0.384868 0.935855 0.080592 0.097039
0 0.605263 0.935855 0.082237 0.113487
9 0.715461 0.935855 0.074013 0.097039
1 0.935855 0.935855 0.080592 0.097039
