7 0.054276 0.054276 0.069079 0.090461
0 0.164474 0.054276 0.100329 0.087171
1 0.715461 0.054276 0.077303 0.093750
11 0.935855 0.054276 0.082237 0.100329
8 0.054276 0.164474 0.083882 0.126645
8 0.274671 0.164474 0.083882 0.126645
7 0.384868 0.164474 0.069079 0.090461
4 0.715461 0.164474 0.074013 0.115132
0 0.164474 0.274671 0.075658 0.097039
11 0.274671 0.274671 0.077303 0.110197
12 0.495066 0.274671 0.075658 0.095395
1 0.605263 0.274671 0.090461 0.097039
12 0.825658 0.274671 0.075658 0.095395
12 0.935855 0.274671 0.101974 0.085526
0 0.054276 0.384868 0.088816 0.110197
0 0.164474 0.384868 0.100329 0.087171
10 0.274671 0.384868 0.067434 0.090461
13 0.384868 0.384868 0.082237 0.095395
10 0.605263 0.384868 0.077303 0.106908
1 0.715461 0.384868 0.080592 0.097039
7 0.825658 0.384868 0.078947 0.103618
0 0.164474 0.495066 0.078947 0.115132
8 0.274671 0.495066 0.072368 0.095395
13 0.384868 0.495066 0.082237 0.095395
0 0.495066 0.495066 0.078947 0.115132
12 0.825658 0.495066 0.080592 0.113487
8 0.384868 0.605263 0.072368 0.095395
1 0.605263 0.605263 0.080592 0.097039
0 0.715461 0.605263 0.075658 0.097039
11 0.825658 0.605263 0.087171 0.103618
1 0.164474 0.715461 0.077303 0.093750
0 0.384868 0.715461 0.075658 0.097039
9 0.495066 0.715461 0.082237 0.088816
0 0.605263 0.715461 0.100329 0.087171
0 0.825658 0.715461 0.078947 0.115132
11 0.054276 0.825658 0.092105 0.103618
1 0.384868 0.825658 0.077303 0.093750
11 0.825658 0.825658 0.082237 0.100329
0 0.935855 0.825658 0.100329 0.087171
9 0.164474 0.935855 0.080592 0.105263
0 0.274671 0.935855 0.100329 0.087171
0 0.495066 0.935855 0.100329 0.087171
0 0.715461 0.935855 0.100329 0.087171
0 0.935855 0.935855 0.078947 0.115132
