10 0.164474 0.054276 0.070724 0.105263
0 0.495066 0.054276 0.085526 0.101974
1 0.605263 0.054276 0.078947 0.097039
0 0.715461 0.054276 0.078947 0.090461
8 0.935855 0.060855 0.067434 0.121711
0 0.054276 0.164474 0.075658 0.098684
11 0.164474 0.164474 0.078947 0.095395
0 0.825658 0.164474 0.078947 0.090461
7 0.164474 0.274671 0.074013 0.093750
7 0.384868 0.274671 0.077303 0.098684
11 0.495066 0.274671 0.078947 0.085526
1 0.605263 0.274671 0.078947 0.103618
12 0.825658 0.274671 0.082237 0.110197
0 0.054276 0.384868 0.075658 0.098684
9 0.164474 0.384868 0.077303 0.103618
1 0.274671 0.384868 0.078947 0.106908
13 0.384868 0.384868 0.074013 0.085526
1 0.495066 0.384868 0.078947 0.106908
7 0.715461 0.384868 0.077303 0.098684
13 0.935855 0.384868 0.082237 0.095395
1 0.274671 0.495066 0.080592 0.108553
12 0.384868 0.495066 0.083882 0.093750
9 0.495066 0.495066 0.077303 0.103618
4 0.605263 0.495066 0.075658 0.133224
0 0.715461 0.495066 0.085526 0.101974
0 0.164474 0.605263 0.078947 0.115132
11 0.274671 0.605263 0.077303 0.116776
1 0.384868 0.605263 0.080592 0.108553
11 0.495066 0.605263 0.092105 0.103618
0 0.054276 0.715461 0.078947 0.115132
8 0.274671 0.715461 0.101974 0.093750
0 0.825658 0.715461 0.078947 0.090461
11 0.935855 0.715461 0.078947 0.085526
0 0.054276 0.825658 0.078947 0.090461
0 0.605263 0.825658 0.078947 0.115132
0 0.935855 0.825658 0.078947 0.115132
0 0.054276 0.935855 0.078947 0.090461
12 0.164474 0.935855 0.080592 0.115132
12 0.274671 0.935855 0.080592 0.115132
0 0.384868 0.935855 0.085526 0.101974
10 0.605263 0.935855 0.074013 0.121711
0 0.715461 0.935855 0.085526 0.101974
10 0.825658 0.935855 0.074013 0.121711
1 0.935855 0.935855 0.078947 0.106908
