13 0.164474 0.054276 0.080592 0.100329
0 0.274671 0.057566 0.087171 0.116776
1 0.495066 0.054276 0.092105 0.098684
7 0.715461 0.054276 0.078947 0.103618
0 0.164474 0.164474 0.088816 0.110197
1 0.495066 0.164474 0.092105 0.098684
0 0.605263 0.164474 0.088816 0.106908
8 0.715461 0.164474 0.097039 0.105263
11 0.164474 0.274671 0.082237 0.100329
9 0.495066 0.274671 0.070724 0.092105
9 0.605263 0.274671 0.085526 0.077303
11 0.715461 0.274671 0.075658 0.101974
1 0.825658 0.274671 0.077303 0.093750
13 0.935855 0.274671 0.080592 0.101974
1 0.054276 0.384868 0.087171 0.105263
0 0.274671 0.384868 0.087171 0.116776
1 0.384868 0.384868 0.077303 0.093750
0 0.495066 0.384868 0.082237 0.113487
11 0.825658 0.384868 0.082237 0.100329
0 0.164474 0.495066 0.087171 0.116776
0 0.274671 0.495066 0.087171 0.116776
0 0.384868 0.495066 0.088816 0.110197
11 0.825658 0.495066 0.082237 0.100329
0 0.274671 0.605263 0.087171 0.116776
12 0.384868 0.605263 0.092105 0.098684
0 0.605263 0.605263 0.087171 0.116776
11 0.715461 0.605263 0.082237 0.100329
10 0.825658 0.605263 0.069079 0.111842
0 0.054276 0.715461 0.088816 0.106908
0 0.164474 0.715461 0.088816 0.106908
12 0.384868 0.715461 0.078947 0.092105
1 0.495066 0.715461 0.077303 0.103618
12 0.605263 0.715461 0.078947 0.092105
7 0.935855 0.715461 0.075658 0.101974
12 0.054276 0.825658 0.075658 0.095395
10 0.274671 0.825658 0.069079 0.111842
0 0.384868 0.825658 0.082237 0.113487
7 0.605263 0.825658 0.074013 0.101974
0 0.935855 0.825658 0.087171 0.116776
1 0.054276 0.935855 0.087171 0.105263
10 0.274671 0.935855 0.069079 0.111842
0 0.495066 0.935855 0.088816 0.110197
4 0.715461 0.935855 0.062500 0.101974
8 0.935855 0.935855 0.097039 0.105263
