11 0.715461 0.054276 0.080592 0.090461
12 0.054276 0.164474 0.074013 0.095395
11 0.164474 0.164474 0.078947 0.095395
0 0.605263 0.164474 0.085526 0.110197
1 0.715461 0.164474 0.077303 0.093750
11 0.825658 0.164474 0.074013 0.110197
0 0.935855 0.164474 0.085526 0.110197
13 0.054276 0.274671 0.078947 0.106908
8 0.164474 0.274671 0.077303 0.118421
0 0.274671 0.274671 0.088816 0.110197
13 0.715461 0.274671 0.075658 0.088816
8 0.935855 0.274671 0.077303 0.118421
12 0.054276 0.384868 0.074013 0.095395
9 0.164474 0.384868 0.070724 0.090461
12 0.274671 0.384868 0.074013 0.095395
11 0.384868 0.384868 0.082237 0.100329
1 0.495066 0.384868 0.078947 0.103618
1 0.605263 0.384868 0.085526 0.106908
0 0.715461 0.384868 0.088816 0.110197
12 0.825658 0.384868 0.078947 0.095395
10 0.935855 0.384868 0.077303 0.106908
0 0.054276 0.495066 0.088816 0.110197
7 0.384868 0.495066 0.077303 0.098684
1 0.825658 0.495066 0.077303 0.093750
7 0.935855 0.495066 0.082237 0.103618
8 0.384868 0.605263 0.067434 0.121711
0 0.495066 0.605263 0.085526 0.110197
9 0.605263 0.605263 0.070724 0.090461
11 0.935855 0.605263 0.082237 0.100329
1 0.054276 0.715461 0.085526 0.106908
0 0.274671 0.715461 0.077303 0.098684
0 0.605263 0.715461 0.085526 0.110197
0 0.825658 0.715461 0.085526 0.110197
0 0.274671 0.825658 0.077303 0.098684
0 0.384868 0.825658 0.085526 0.110197
0 0.495066 0.825658 0.077303 0.098684
0 0.605263 0.825658 0.078947 0.090461
10 0.715461 0.825658 0.077303 0.106908
7 0.825658 0.825658 0.082237 0.103618
0 0.935855 0.825658 0.085526 0.110197
4 0.054276 0.930921 0.074013 0.134868
1 0.605263 0.935855 0.077303 0.093750
0 0.825658 0.935855 0.077303 0.098684
10 0.935855 0.935855 0.064145 0.103618
