4 0.054276 0.057566 0.077303 0.115132
11 0.164474 0.054276 0.092105 0.103618
1 0.384868 0.054276 0.078947 0.097039
11 0.495066 0.054276 0.092105 0.103618
8 0.605263 0.054276 0.101974 0.093750
1 0.715461 0.054276 0.078947 0.097039
0 0.825658 0.054276 0.085526 0.101974
0 0.935855 0.054276 0.085526 0.101974
0 0.054276 0.164474 0.085526 0.101974
1 0.164474 0.164474 0.078947 0.097039
10 0.495066 0.164474 0.074013 0.121711
13 0.605263 0.164474 0.100329 0.095395
0 0.825658 0.164474 0.078947 0.090461
1 0.935855 0.164474 0.078947 0.097039
12 0.384868 0.274671 0.082237 0.110197
0 0.605263 0.274671 0.078947 0.115132
11 0.825658 0.274671 0.077303 0.116776
0 0.054276 0.384868 0.078947 0.115132
12 0.495066 0.384868 0.074013 0.097039
0 0.605263 0.384868 0.085526 0.101974
11 0.054276 0.495066 0.077303 0.116776
0 0.164474 0.495066 0.078947 0.115132
8 0.384868 0.495066 0.083882 0.126645
0 0.495066 0.495066 0.085526 0.101974
7 0.605263 0.495066 0.077303 0.098684
0 0.054276 0.605263 0.078947 0.090461
1 0.274671 0.605263 0.078947 0.097039
0 0.495066 0.605263 0.085526 0.101974
8 0.605263 0.605263 0.101974 0.093750
0 0.825658 0.605263 0.078947 0.090461
7 0.935855 0.605263 0.069079 0.090461
10 0.164474 0.715461 0.074013 0.121711
0 0.605263 0.715461 0.085526 0.101974
13 0.825658 0.715461 0.062500 0.083882
7 0.164474 0.825658 0.077303 0.098684
12 0.274671 0.825658 0.082237 0.110197
10 0.715461 0.825658 0.070724 0.129934
12 0.935855 0.825658 0.080592 0.115132
1 0.164474 0.935855 0.080592 0.108553
9 0.274671 0.935855 0.077303 0.097039
0 0.384868 0.935855 0.078947 0.090461
0 0.495066 0.935855 0.085526 0.101974
9 0.605263 0.935855 0.077303 0.103618
11 0.715461 0.935855 0.077303 0.116776
