9 0.054276 0.054276 0.082237 0.088816
4 0.274671 0.057566 0.072368 0.116776
12 0.384868 0.054276 0.075658 0.095395
0 0.495066 0.054276 0.085526 0.110197
13 0.825658 0.054276 0.083882 0.093750
8 0.164474 0.164474 0.077303 0.118421
11 0.384868 0.164474 0.095395 0.080592
0 0.605263 0.164474 0.088816 0.110197
12 0.715461 0.164474 0.095395 0.082237
13 0.054276 0.274671 0.083882 0.093750
7 0.164474 0.274671 0.085526 0.098684
0 0.274671 0.274671 0.088816 0.110197
0 0.384868 0.274671 0.088816 0.110197
11 0.495066 0.274671 0.082237 0.100329
0 0.605263 0.274671 0.074013 0.098684
0 0.715461 0.274671 0.088816 0.110197
9 0.054276 0.384868 0.082237 0.088816
0 0.274671 0.384868 0.074013 0.098684
8 0.384868 0.384868 0.077303 0.118421
10 0.495066 0.384868 0.080592 0.098684
0 0.605263 0.384868 0.088816 0.110197
7 0.164474 0.495066 0.078947 0.103618
10 0.384868 0.495066 0.077303 0.106908
11 0.495066 0.495066 0.095395 0.080592
1 0.605263 0.495066 0.085526 0.106908
1 0.715461 0.495066 0.077303 0.093750
1 0.274671 0.605263 0.077303 0.093750
0 0.825658 0.605263 0.088816 0.110197
12 0.935855 0.605263 0.075658 0.095395
11 0.274671 0.715461 0.082237 0.100329
10 0.715461 0.715461 0.080592 0.098684
0 0.825658 0.715461 0.088816 0.110197
1 0.274671 0.825658 0.085526 0.106908
0 0.384868 0.825658 0.088816 0.110197
11 0.495066 0.825658 0.082237 0.100329
12 0.605263 0.825658 0.074013 0.095395
0 0.825658 0.825658 0.088816 0.110197
1 0.054276 0.935855 0.088816 0.115132
0 0.164474 0.935855 0.085526 0.110197
0 0.274671 0.935855 0.088816 0.110197
7 0.384868 0.935855 0.078947 0.103618
0 0.495066 0.935855 0.085526 0.110197
8 0.715461 0.935855 0.074013 0.123355
1 0.935855 0.935855 0.077303 0.093750
