1 0.054276 0.054276 0.080592 0.097039
0 0.384868 0.057566 0.087171 0.116776
11 0.935855 0.054276 0.083882 0.098684
0 0.164474 0.164474 0.082237 0.113487
7 0.274671 0.164474 0.074013 0.101974
0 0.495066 0.164474 0.075658 0.097039
12 0.605263 0.164474 0.092105 0.098684
12 0.825658 0.164474 0.083882 0.087171
8 0.054276 0.274671 0.074013 0.123355
0 0.605263 0.274671 0.082237 0.113487
0 0.715461 0.274671 0.078947 0.101974
1 0.825658 0.274671 0.087171 0.105263
11 0.935855 0.274671 0.075658 0.080592
12 0.054276 0.384868 0.078947 0.092105
8 0.164474 0.384868 0.078947 0.120066
1 0.274671 0.384868 0.083882 0.106908
0 0.495066 0.384868 0.075658 0.097039
0 0.935855 0.384868 0.087171 0.116776
0 0.054276 0.495066 0.082237 0.113487
0 0.164474 0.495066 0.078947 0.101974
10 0.605263 0.495066 0.067434 0.106908
1 0.715461 0.495066 0.080592 0.097039
10 0.935855 0.495066 0.070724 0.116776
9 0.164474 0.605263 0.065789 0.095395
8 0.605263 0.605263 0.078947 0.120066
7 0.715461 0.605263 0.090461 0.085526
11 0.164474 0.715461 0.075658 0.101974
4 0.274671 0.715461 0.069079 0.116776
1 0.384868 0.715461 0.083882 0.106908
7 0.495066 0.715461 0.090461 0.085526
0 0.605263 0.715461 0.087171 0.116776
11 0.715461 0.715461 0.077303 0.110197
1 0.825658 0.715461 0.077303 0.103618
0 0.054276 0.825658 0.087171 0.116776
11 0.164474 0.825658 0.075658 0.101974
9 0.495066 0.825658 0.093750 0.087171
13 0.605263 0.825658 0.080592 0.100329
10 0.715461 0.825658 0.070724 0.116776
0 0.935855 0.825658 0.078947 0.101974
13 0.054276 0.935855 0.080592 0.100329
12 0.274671 0.935855 0.080592 0.113487
0 0.384868 0.935855 0.087171 0.116776
0 0.825658 0.935855 0.087171 0.116776
0 0.935855 0.935855 0.082237 0.113487
