5 0.054276 0.054276 0.074013 0.101974
9 0.164474 0.054276 0.069079 0.083882
4 0.274671 0.067434 0.074013 0.134868
12 0.384868 0.054276 0.083882 0.098684
4 0.495066 0.067434 0.074013 0.134868
7 0.605263 0.054276 0.067434 0.087171
7 0.715461 0.054276 0.075658 0.101974
9 0.825658 0.054276 0.069079 0.083882
0 0.935855 0.054276 0.088816 0.106908
9 0.054276 0.164474 0.070724 0.090461
13 0.164474 0.164474 0.075658 0.088816
0 0.274671 0.164474 0.087171 0.116776
1 0.384868 0.164474 0.078947 0.106908
12 0.605263 0.164474 0.092105 0.098684
5 0.715461 0.164474 0.080592 0.097039
8 0.935855 0.164474 0.074013 0.097039
11 0.054276 0.274671 0.082237 0.100329
7 0.164474 0.274671 0.090461 0.085526
10 0.384868 0.274671 0.074013 0.121711
0 0.495066 0.274671 0.087171 0.116776
9 0.605263 0.274671 0.070724 0.090461
0 0.715461 0.274671 0.088816 0.106908
11 0.825658 0.274671 0.082237 0.098684
13 0.935855 0.274671 0.075658 0.088816
4 0.054276 0.384868 0.075658 0.133224
12 0.384868 0.384868 0.083882 0.093750
1 0.495066 0.384868 0.074013 0.103618
0 0.605263 0.384868 0.077303 0.098684
8 0.715461 0.384868 0.070724 0.092105
0 0.935855 0.384868 0.075658 0.098684
10 0.054276 0.495066 0.070724 0.105263
0 0.274671 0.495066 0.085526 0.098684
0 0.384868 0.495066 0.087171 0.116776
10 0.495066 0.495066 0.069079 0.093750
7 0.605263 0.495066 0.090461 0.085526
0 0.715461 0.495066 0.075658 0.098684
9 0.935855 0.495066 0.070724 0.092105
8 0.054276 0.605263 0.074013 0.097039
0 0.164474 0.605263 0.077303 0.098684
12 0.384868 0.605263 0.088816 0.090461
13 0.605263 0.605263 0.080592 0.100329
1 0.715461 0.605263 0.078947 0.106908
12 0.825658 0.605263 0.092105 0.098684
1 0.935855 0.605263 0.074013 0.103618
8 0.054276 0.715461 0.074013 0.097039
8 0.274671 0.715461 0.074013 0.123355
13 0.384868 0.715461 0.074013 0.085526
11 0.495066 0.715461 0.075658 0.080592
11 0.605263 0.715461 0.080592 0.090461
10 0.715461 0.715461 0.069079 0.111842
8 0.935855 0.715461 0.097039 0.105263
4 0.054276 0.825658 0.062500 0.101974
1 0.274671 0.825658 0.080592 0.097039
8 0.384868 0.825658 0.097039 0.105263
12 0.605263 0.825658 0.083882 0.093750
7 0.825658 0.825658 0.082237 0.103618
4 0.935855 0.825658 0.078947 0.093750
11 0.054276 0.935855 0.082237 0.098684
8 0.164474 0.935855 0.070724 0.092105
8 0.274671 0.935855 0.074013 0.097039
5 0.384868 0.935855 0.074013 0.101974
0 0.495066 0.935855 0.077303 0.098684
0 0.605263 0.935855 0.075658 0.098684
0 0.715461 0.935855 0.087171 0.116776
7 0.825658 0.935855 0.090461 0.085526
7 0.935855 0.935855 0.090461 0.085526
