7 0.054276 0.054276 0.074013 0.093750
1 0.164474 0.054276 0.077303 0.093750
7 0.384868 0.054276 0.069079 0.101974
7 0.605263 0.054276 0.070724 0.093750
0 0.715461 0.054276 0.085526 0.101974
4 0.825658 0.057566 0.077303 0.115132
12 0.054276 0.164474 0.078947 0.092105
0 0.274671 0.164474 0.082237 0.113487
11 0.384868 0.164474 0.074013 0.110197
0 0.495066 0.164474 0.088816 0.110197
8 0.715461 0.164474 0.082237 0.126645
0 0.825658 0.164474 0.085526 0.110197
10 0.935855 0.164474 0.067434 0.093750
9 0.054276 0.274671 0.077303 0.103618
7 0.164474 0.274671 0.070724 0.093750
10 0.274671 0.274671 0.067434 0.093750
7 0.384868 0.274671 0.069079 0.101974
0 0.495066 0.274671 0.078947 0.111842
8 0.605263 0.274671 0.082237 0.126645
8 0.715461 0.274671 0.101974 0.093750
12 0.935855 0.274671 0.075658 0.095395
1 0.164474 0.384868 0.080592 0.106908
5 0.274671 0.384868 0.077303 0.098684
0 0.384868 0.384868 0.078947 0.090461
11 0.495066 0.384868 0.075658 0.101974
12 0.605263 0.384868 0.075658 0.095395
4 0.715461 0.384868 0.067434 0.120066
8 0.825658 0.384868 0.074013 0.123355
4 0.164474 0.495066 0.067434 0.120066
12 0.274671 0.495066 0.082237 0.110197
0 0.384868 0.495066 0.082237 0.113487
13 0.495066 0.495066 0.075658 0.090461
7 0.605263 0.495066 0.074013 0.101974
9 0.715461 0.495066 0.077303 0.103618
0 0.825658 0.495066 0.085526 0.110197
9 0.935855 0.495066 0.082237 0.088816
12 0.054276 0.605263 0.075658 0.095395
12 0.164474 0.605263 0.077303 0.110197
0 0.384868 0.605263 0.082237 0.113487
4 0.715461 0.605263 0.072368 0.116776
13 0.825658 0.605263 0.062500 0.083882
0 0.054276 0.715461 0.078947 0.111842
8 0.164474 0.715461 0.067434 0.121711
5 0.274671 0.715461 0.078947 0.097039
11 0.384868 0.715461 0.075658 0.101974
10 0.495066 0.715461 0.067434 0.106908
1 0.605263 0.715461 0.077303 0.093750
13 0.715461 0.715461 0.100329 0.095395
8 0.825658 0.715461 0.077303 0.121711
1 0.935855 0.715461 0.078947 0.097039
10 0.054276 0.825658 0.070724 0.110197
1 0.164474 0.825658 0.085526 0.106908
11 0.274671 0.825658 0.077303 0.116776
13 0.495066 0.825658 0.075658 0.090461
0 0.605263 0.825658 0.085526 0.101974
0 0.715461 0.825658 0.085526 0.110197
8 0.825658 0.825658 0.101974 0.093750
9 0.935855 0.825658 0.077303 0.103618
7 0.054276 0.935855 0.070724 0.093750
0 0.164474 0.935855 0.085526 0.101974
4 0.274671 0.935855 0.067434 0.120066
11 0.384868 0.935855 0.074013 0.110197
5 0.495066 0.935855 0.077303 0.098684
9 0.605263 0.935855 0.077303 0.097039
8 0.715461 0.935855 0.077303 0.118421
8 0.935855 0.935855 0.082237 0.126645
