0 0.054276 0.055921 0.082237 0.113487
4 0.384868 0.055921 0.075658 0.113487
0 0.495066 0.055921 0.082237 0.113487
0 0.605263 0.055921 0.082237 0.113487
13 0.715461 0.054276 0.075658 0.095395
0 0.825658 0.055921 0.082237 0.113487
12 0.054276 0.164474 0.078947 0.092105
7 0.164474 0.164474 0.074013 0.101974
13 0.274671 0.164474 0.077303 0.095395
8 0.384868 0.164474 0.074013 0.123355
0 0.495066 0.164474 0.082237 0.113487
10 0.715461 0.164474 0.080592 0.098684
0 0.825658 0.164474 0.085526 0.098684
12 0.935855 0.164474 0.078947 0.092105
5 0.054276 0.274671 0.088816 0.110197
10 0.164474 0.274671 0.069079 0.093750
0 0.274671 0.274671 0.074013 0.098684
0 0.384868 0.274671 0.085526 0.098684
7 0.495066 0.274671 0.075658 0.105263
1 0.715461 0.274671 0.088816 0.115132
1 0.825658 0.274671 0.080592 0.097039
8 0.935855 0.274671 0.074013 0.123355
13 0.054276 0.384868 0.083882 0.098684
8 0.274671 0.384868 0.074013 0.123355
0 0.384868 0.384868 0.074013 0.106908
4 0.495066 0.384868 0.075658 0.113487
5 0.605263 0.384868 0.078947 0.097039
1 0.715461 0.384868 0.077303 0.103618
7 0.825658 0.384868 0.074013 0.101974
11 0.054276 0.495066 0.082237 0.098684
12 0.164474 0.495066 0.078947 0.092105
10 0.274671 0.495066 0.067434 0.106908
8 0.384868 0.495066 0.074013 0.123355
9 0.495066 0.495066 0.069079 0.083882
12 0.605263 0.495066 0.083882 0.098684
8 0.715461 0.495066 0.074013 0.123355
9 0.935855 0.495066 0.065789 0.095395
8 0.054276 0.605263 0.074013 0.123355
9 0.164474 0.605263 0.093750 0.101974
1 0.274671 0.605263 0.077303 0.103618
7 0.384868 0.605263 0.074013 0.101974
8 0.605263 0.605263 0.074013 0.123355
9 0.825658 0.605263 0.065789 0.095395
11 0.935855 0.605263 0.075658 0.101974
11 0.054276 0.715461 0.075658 0.101974
0 0.274671 0.715461 0.082237 0.113487
7 0.384868 0.715461 0.085526 0.098684
13 0.495066 0.715461 0.083882 0.098684
10 0.715461 0.715461 0.067434 0.106908
7 0.825658 0.715461 0.074013 0.101974
7 0.935855 0.715461 0.075658 0.105263
4 0.054276 0.825658 0.075658 0.118421
4 0.164474 0.825658 0.075658 0.113487
4 0.274671 0.825658 0.065789 0.100329
1 0.384868 0.825658 0.077303 0.103618
12 0.495066 0.825658 0.078947 0.092105
11 0.715461 0.825658 0.075658 0.101974
8 0.825658 0.825658 0.074013 0.123355
5 0.054276 0.935855 0.088816 0.110197
8 0.164474 0.935855 0.072368 0.110197
12 0.274671 0.935855 0.078947 0.092105
0 0.495066 0.935855 0.082237 0.113487
0 0.605263 0.935855 0.082237 0.113487
0 0.715461 0.935855 0.082237 0.113487
11 0.825658 0.935855 0.087171 0.097039
8 0.935855 0.935855 0.074013 0.123355
