8 0.054276 0.060855 0.077303 0.121711
11 0.164474 0.054276 0.080592 0.090461
8 0.274671 0.062500 0.083882 0.126645
0 0.495066 0.054276 0.075658 0.097039
0 0.605263 0.054276 0.077303 0.100329
0 0.715461 0.054276 0.077303 0.100329
12 0.825658 0.054276 0.077303 0.100329
1 0.935855 0.054276 0.074013 0.103618
4 0.054276 0.164474 0.078947 0.106908
9 0.164474 0.164474 0.070724 0.090461
12 0.274671 0.164474 0.074013 0.095395
1 0.384868 0.164474 0.080592 0.097039
5 0.495066 0.164474 0.074013 0.100329
7 0.605263 0.164474 0.069079 0.090461
4 0.715461 0.164474 0.074013 0.134868
9 0.825658 0.164474 0.069079 0.092105
0 0.935855 0.164474 0.077303 0.100329
9 0.054276 0.274671 0.062500 0.088816
5 0.164474 0.274671 0.074013 0.100329
1 0.274671 0.274671 0.083882 0.097039
7 0.495066 0.274671 0.082237 0.103618
0 0.605263 0.274671 0.077303 0.100329
7 0.715461 0.274671 0.069079 0.090461
12 0.825658 0.274671 0.074013 0.095395
4 0.935855 0.274671 0.078947 0.106908
11 0.054276 0.384868 0.070724 0.075658
8 0.384868 0.384868 0.077303 0.121711
13 0.495066 0.384868 0.083882 0.093750
8 0.715461 0.384868 0.074013 0.097039
8 0.935855 0.384868 0.072368 0.095395
11 0.164474 0.495066 0.074013 0.110197
8 0.274671 0.495066 0.072368 0.095395
1 0.384868 0.495066 0.083882 0.097039
0 0.495066 0.495066 0.085526 0.110197
5 0.605263 0.495066 0.080592 0.097039
0 0.825658 0.495066 0.077303 0.100329
0 0.054276 0.605263 0.078947 0.115132
0 0.164474 0.605263 0.077303 0.100329
1 0.274671 0.605263 0.083882 0.097039
4 0.384868 0.605263 0.078947 0.106908
0 0.495066 0.605263 0.078947 0.115132
13 0.605263 0.605263 0.088816 0.098684
0 0.715461 0.605263 0.077303 0.098684
12 0.825658 0.605263 0.074013 0.095395
7 0.935855 0.605263 0.078947 0.085526
8 0.054276 0.715461 0.072368 0.125000
1 0.164474 0.715461 0.080592 0.108553
8 0.384868 0.715461 0.077303 0.121711
10 0.605263 0.715461 0.072368 0.121711
12 0.715461 0.715461 0.074013 0.095395
7 0.825658 0.715461 0.069079 0.090461
0 0.935855 0.715461 0.077303 0.098684
10 0.054276 0.825658 0.064145 0.103618
4 0.164474 0.825658 0.078947 0.106908
9 0.274671 0.825658 0.062500 0.088816
7 0.384868 0.825658 0.070724 0.090461
10 0.605263 0.825658 0.070724 0.116776
11 0.715461 0.825658 0.092105 0.103618
13 0.935855 0.825658 0.088816 0.098684
8 0.054276 0.935855 0.083882 0.126645
7 0.164474 0.935855 0.070724 0.090461
0 0.274671 0.935855 0.077303 0.100329
13 0.384868 0.935855 0.088816 0.098684
11 0.495066 0.935855 0.080592 0.090461
12 0.715461 0.935855 0.077303 0.100329
10 0.935855 0.935855 0.072368 0.121711
