8 0.054276 0.060855 0.074013 0.123355
0 0.164474 0.054276 0.085526 0.098684
7 0.384868 0.054276 0.070724 0.090461
0 0.495066 0.055921 0.082237 0.113487
7 0.605263 0.054276 0.077303 0.095395
10 0.825658 0.057566 0.070724 0.116776
0 0.935855 0.055921 0.082237 0.113487
7 0.164474 0.164474 0.074013 0.101974
1 0.274671 0.164474 0.080592 0.097039
7 0.384868 0.164474 0.067434 0.087171
0 0.495066 0.164474 0.078947 0.101974
9 0.605263 0.164474 0.074013 0.097039
0 0.715461 0.164474 0.078947 0.101974
4 0.825658 0.164474 0.069079 0.116776
13 0.935855 0.164474 0.080592 0.100329
9 0.054276 0.274671 0.065789 0.095395
9 0.384868 0.274671 0.065789 0.095395
12 0.495066 0.274671 0.083882 0.087171
11 0.605263 0.274671 0.083882 0.098684
13 0.715461 0.274671 0.075658 0.095395
12 0.825658 0.274671 0.083882 0.098684
13 0.054276 0.384868 0.083882 0.098684
11 0.164474 0.384868 0.083882 0.098684
0 0.384868 0.384868 0.082237 0.113487
8 0.495066 0.384868 0.074013 0.123355
0 0.605263 0.384868 0.085526 0.098684
5 0.715461 0.384868 0.078947 0.097039
8 0.825658 0.384868 0.072368 0.095395
8 0.935855 0.384868 0.074013 0.123355
1 0.054276 0.495066 0.077303 0.103618
12 0.164474 0.495066 0.080592 0.113487
12 0.274671 0.495066 0.078947 0.092105
4 0.384868 0.495066 0.085526 0.095395
8 0.495066 0.495066 0.085526 0.103618
12 0.605263 0.495066 0.101974 0.085526
8 0.825658 0.495066 0.085526 0.103618
0 0.935855 0.495066 0.082237 0.113487
5 0.054276 0.605263 0.075658 0.097039
4 0.164474 0.605263 0.078947 0.093750
10 0.274671 0.605263 0.067434 0.106908
9 0.384868 0.605263 0.069079 0.083882
11 0.495066 0.605263 0.077303 0.110197
0 0.825658 0.605263 0.100329 0.087171
8 0.935855 0.605263 0.101974 0.106908
0 0.054276 0.715461 0.082237 0.113487
7 0.164474 0.715461 0.083882 0.072368
8 0.274671 0.715461 0.072368 0.095395
11 0.384868 0.715461 0.087171 0.103618
0 0.495066 0.715461 0.100329 0.087171
9 0.605263 0.715461 0.065789 0.095395
4 0.715461 0.715461 0.085526 0.095395
7 0.825658 0.715461 0.074013 0.101974
10 0.935855 0.715461 0.075658 0.103618
4 0.054276 0.825658 0.085526 0.095395
5 0.164474 0.825658 0.082237 0.108553
0 0.274671 0.825658 0.078947 0.101974
11 0.384868 0.825658 0.087171 0.103618
0 0.495066 0.825658 0.082237 0.113487
12 0.605263 0.825658 0.080592 0.113487
1 0.935855 0.825658 0.080592 0.097039
7 0.164474 0.935855 0.070724 0.090461
8 0.495066 0.935855 0.074013 0.123355
1 0.605263 0.935855 0.090461 0.097039
10 0.715461 0.935855 0.075658 0.103618
13 0.825658 0.935855 0.075658 0.095395
1 0.935855 0.935855 0.077303 0.103618
