7 0.054276 0.054276 0.074013 0.101974
10 0.164474 0.055921 0.069079 0.111842
11 0.274671 0.054276 0.078947 0.085526
0 0.384868 0.055921 0.082237 0.113487
8 0.495066 0.054276 0.070724 0.092105
12 0.605263 0.054276 0.088816 0.090461
12 0.715461 0.054276 0.078947 0.092105
1 0.935855 0.054276 0.078947 0.106908
1 0.054276 0.164474 0.078947 0.106908
8 0.164474 0.164474 0.078947 0.120066
0 0.384868 0.164474 0.082237 0.113487
0 0.495066 0.164474 0.075658 0.098684
7 0.715461 0.164474 0.090461 0.085526
7 0.825658 0.164474 0.075658 0.101974
11 0.935855 0.164474 0.082237 0.100329
4 0.054276 0.274671 0.082237 0.105263
8 0.164474 0.274671 0.097039 0.105263
8 0.274671 0.274671 0.070724 0.092105
0 0.384868 0.274671 0.088816 0.106908
9 0.495066 0.274671 0.065789 0.095395
10 0.605263 0.274671 0.074013 0.106908
8 0.715461 0.274671 0.074013 0.123355
7 0.825658 0.274671 0.085526 0.098684
12 0.935855 0.274671 0.083882 0.093750
7 0.164474 0.384868 0.074013 0.101974
5 0.384868 0.384868 0.074013 0.101974
13 0.495066 0.384868 0.083882 0.098684
0 0.605263 0.384868 0.077303 0.092105
0 0.825658 0.384868 0.077303 0.092105
9 0.935855 0.384868 0.070724 0.090461
1 0.054276 0.495066 0.077303 0.103618
1 0.274671 0.495066 0.092105 0.098684
5 0.384868 0.495066 0.078947 0.097039
4 0.495066 0.495066 0.075658 0.113487
0 0.605263 0.495066 0.082237 0.113487
1 0.715461 0.495066 0.092105 0.098684
11 0.825658 0.495066 0.075658 0.080592
12 0.935855 0.495066 0.083882 0.093750
1 0.054276 0.605263 0.075658 0.103618
7 0.274671 0.605263 0.075658 0.101974
0 0.384868 0.605263 0.077303 0.092105
0 0.605263 0.605263 0.087171 0.116776
13 0.935855 0.605263 0.083882 0.098684
4 0.054276 0.715461 0.062500 0.101974
9 0.164474 0.715461 0.065789 0.095395
0 0.384868 0.715461 0.087171 0.116776
0 0.495066 0.715461 0.088816 0.106908
5 0.715461 0.715461 0.080592 0.095395
7 0.825658 0.715461 0.074013 0.101974
12 0.935855 0.715461 0.069079 0.088816
0 0.054276 0.825658 0.075658 0.098684
8 0.164474 0.825658 0.074013 0.123355
0 0.274671 0.825658 0.088816 0.106908
13 0.384868 0.825658 0.080592 0.100329
12 0.495066 0.825658 0.088816 0.090461
9 0.605263 0.825658 0.077303 0.100329
8 0.715461 0.825658 0.078947 0.120066
11 0.825658 0.825658 0.075658 0.080592
8 0.935855 0.825658 0.078947 0.120066
10 0.054276 0.935855 0.070724 0.105263
10 0.164474 0.935855 0.074013 0.106908
11 0.274671 0.935855 0.075658 0.101974
7 0.384868 0.935855 0.074013 0.101974
13 0.605263 0.935855 0.080592 0.101974
4 0.715461 0.935855 0.062500 0.101974
4 0.825658 0.935855 0.088816 0.113487
