9 0.054276 0.054276 0.082237 0.088816
1 0.384868 0.054276 0.074013 0.103618
0 0.605263 0.054276 0.077303 0.098684
12 0.715461 0.054276 0.078947 0.095395
0 0.825658 0.054276 0.077303 0.098684
10 0.935855 0.057566 0.070724 0.116776
8 0.054276 0.164474 0.074013 0.123355
10 0.164474 0.164474 0.072368 0.121711
5 0.274671 0.164474 0.080592 0.097039
1 0.384868 0.164474 0.088816 0.115132
9 0.495066 0.164474 0.070724 0.090461
7 0.605263 0.164474 0.085526 0.098684
13 0.715461 0.164474 0.075658 0.088816
0 0.935855 0.164474 0.075658 0.097039
9 0.054276 0.274671 0.070724 0.090461
4 0.274671 0.274671 0.074013 0.134868
0 0.384868 0.274671 0.077303 0.098684
0 0.495066 0.274671 0.077303 0.100329
12 0.605263 0.274671 0.077303 0.100329
5 0.825658 0.274671 0.074013 0.105263
8 0.054276 0.384868 0.074013 0.097039
4 0.164474 0.384868 0.075658 0.118421
8 0.274671 0.384868 0.072368 0.095395
8 0.605263 0.384868 0.077303 0.118421
7 0.715461 0.384868 0.085526 0.098684
4 0.825658 0.384868 0.069079 0.116776
11 0.935855 0.384868 0.095395 0.080592
7 0.054276 0.495066 0.082237 0.103618
11 0.164474 0.495066 0.080592 0.090461
0 0.274671 0.495066 0.077303 0.098684
0 0.384868 0.495066 0.077303 0.098684
0 0.495066 0.495066 0.077303 0.098684
13 0.605263 0.495066 0.078947 0.090461
10 0.715461 0.495066 0.070724 0.116776
7 0.825658 0.495066 0.082237 0.103618
4 0.935855 0.495066 0.069079 0.116776
8 0.054276 0.605263 0.072368 0.125000
11 0.164474 0.605263 0.070724 0.075658
10 0.274671 0.605263 0.070724 0.116776
7 0.384868 0.605263 0.082237 0.103618
9 0.495066 0.605263 0.093750 0.101974
8 0.605263 0.605263 0.074013 0.123355
5 0.825658 0.605263 0.080592 0.097039
4 0.935855 0.605263 0.074013 0.134868
0 0.054276 0.715461 0.077303 0.098684
12 0.164474 0.715461 0.078947 0.095395
8 0.274671 0.715461 0.077303 0.118421
13 0.384868 0.715461 0.078947 0.106908
13 0.495066 0.715461 0.075658 0.088816
8 0.605263 0.715461 0.072368 0.095395
7 0.825658 0.715461 0.078947 0.103618
12 0.935855 0.715461 0.078947 0.095395
11 0.054276 0.825658 0.077303 0.110197
1 0.164474 0.825658 0.074013 0.103618
8 0.274671 0.825658 0.074013 0.097039
0 0.495066 0.825658 0.075658 0.097039
1 0.715461 0.825658 0.088816 0.115132
11 0.054276 0.935855 0.077303 0.110197
12 0.164474 0.935855 0.075658 0.095395
1 0.274671 0.935855 0.074013 0.103618
0 0.384868 0.935855 0.075658 0.097039
7 0.495066 0.935855 0.085526 0.098684
8 0.605263 0.935855 0.074013 0.097039
0 0.715461 0.935855 0.088816 0.110197
12 0.825658 0.935855 0.078947 0.095395
0 0.935855 0.935855 0.077303 0.098684
