0 0.054276 0.057566 0.087171 0.116776
0 0.274671 0.054276 0.075658 0.098684
1 0.384868 0.054276 0.078947 0.106908
12 0.495066 0.054276 0.077303 0.110197
8 0.605263 0.054276 0.070724 0.092105
12 0.715461 0.054276 0.092105 0.098684
11 0.935855 0.054276 0.095395 0.080592
9 0.054276 0.164474 0.070724 0.090461
11 0.164474 0.164474 0.095395 0.080592
10 0.384868 0.164474 0.070724 0.105263
4 0.605263 0.164474 0.067434 0.120066
0 0.825658 0.164474 0.074013 0.098684
5 0.935855 0.164474 0.080592 0.101974
8 0.164474 0.274671 0.082237 0.126645
1 0.274671 0.274671 0.078947 0.106908
0 0.384868 0.274671 0.077303 0.098684
13 0.495066 0.274671 0.080592 0.100329
10 0.605263 0.274671 0.074013 0.121711
7 0.715461 0.274671 0.085526 0.098684
0 0.825658 0.274671 0.077303 0.098684
11 0.935855 0.274671 0.075658 0.080592
7 0.054276 0.384868 0.070724 0.093750
8 0.164474 0.384868 0.070724 0.092105
0 0.274671 0.384868 0.087171 0.116776
13 0.384868 0.384868 0.080592 0.100329
0 0.495066 0.384868 0.078947 0.111842
11 0.605263 0.384868 0.078947 0.085526
12 0.715461 0.384868 0.078947 0.095395
4 0.825658 0.384868 0.067434 0.120066
8 0.935855 0.384868 0.074013 0.123355
4 0.054276 0.495066 0.075658 0.133224
9 0.164474 0.495066 0.070724 0.090461
5 0.274671 0.495066 0.080592 0.101974
0 0.384868 0.495066 0.078947 0.111842
7 0.605263 0.495066 0.070724 0.093750
0 0.715461 0.495066 0.077303 0.098684
1 0.935855 0.495066 0.078947 0.106908
8 0.054276 0.605263 0.082237 0.126645
0 0.164474 0.605263 0.087171 0.116776
8 0.274671 0.605263 0.070724 0.092105
9 0.384868 0.605263 0.078947 0.100329
12 0.495066 0.605263 0.078947 0.095395
0 0.605263 0.605263 0.075658 0.098684
4 0.825658 0.605263 0.067434 0.120066
10 0.935855 0.605263 0.080592 0.098684
11 0.164474 0.715461 0.087171 0.106908
0 0.384868 0.715461 0.078947 0.111842
1 0.495066 0.715461 0.078947 0.106908
7 0.605263 0.715461 0.070724 0.093750
8 0.715461 0.715461 0.074013 0.097039
9 0.825658 0.715461 0.078947 0.100329
13 0.935855 0.715461 0.080592 0.100329
5 0.054276 0.825658 0.080592 0.101974
13 0.274671 0.825658 0.074013 0.085526
8 0.384868 0.825658 0.070724 0.092105
1 0.605263 0.825658 0.074013 0.103618
7 0.825658 0.825658 0.085526 0.098684
7 0.935855 0.825658 0.090461 0.085526
4 0.054276 0.935855 0.067434 0.120066
7 0.164474 0.935855 0.070724 0.093750
12 0.274671 0.935855 0.092105 0.098684
8 0.384868 0.935855 0.070724 0.092105
10 0.495066 0.935855 0.065789 0.126645
0 0.605263 0.935855 0.075658 0.098684
12 0.715461 0.935855 0.083882 0.093750
1 0.935855 0.935855 0.078947 0.106908
