5 0.054276 0.054276 0.082237 0.097039
0 0.164474 0.054276 0.077303 0.106908
7 0.274671 0.054276 0.069079 0.090461
8 0.384868 0.054276 0.085526 0.103618
12 0.495066 0.054276 0.078947 0.095395
4 0.605263 0.055921 0.074013 0.113487
13 0.825658 0.054276 0.100329 0.095395
1 0.935855 0.054276 0.078947 0.097039
7 0.384868 0.164474 0.074013 0.093750
7 0.495066 0.164474 0.074013 0.093750
1 0.605263 0.164474 0.083882 0.106908
7 0.825658 0.164474 0.069079 0.101974
13 0.935855 0.164474 0.100329 0.095395
13 0.054276 0.274671 0.087171 0.108553
8 0.164474 0.274671 0.075658 0.111842
4 0.274671 0.274671 0.060855 0.113487
11 0.384868 0.274671 0.080592 0.101974
12 0.495066 0.274671 0.078947 0.095395
0 0.605263 0.274671 0.085526 0.110197
0 0.715461 0.274671 0.078947 0.115132
12 0.825658 0.274671 0.074013 0.095395
1 0.164474 0.384868 0.078947 0.090461
8 0.274671 0.384868 0.075658 0.111842
0 0.384868 0.384868 0.077303 0.106908
10 0.495066 0.384868 0.075658 0.103618
8 0.605263 0.384868 0.085526 0.103618
5 0.715461 0.384868 0.082237 0.108553
8 0.825658 0.384868 0.083882 0.126645
10 0.935855 0.384868 0.070724 0.129934
12 0.054276 0.495066 0.082237 0.110197
0 0.164474 0.495066 0.085526 0.101974
13 0.274671 0.495066 0.087171 0.108553
7 0.384868 0.495066 0.069079 0.097039
0 0.495066 0.495066 0.085526 0.101974
10 0.605263 0.495066 0.070724 0.110197
7 0.715461 0.495066 0.069079 0.101974
0 0.825658 0.495066 0.077303 0.106908
5 0.935855 0.495066 0.077303 0.100329
7 0.054276 0.605263 0.069079 0.097039
8 0.164474 0.605263 0.083882 0.126645
4 0.274671 0.605263 0.072368 0.123355
11 0.384868 0.605263 0.092105 0.103618
1 0.495066 0.605263 0.083882 0.106908
0 0.605263 0.605263 0.078947 0.115132
11 0.935855 0.605263 0.080592 0.101974
11 0.164474 0.715461 0.074013 0.110197
4 0.274671 0.715461 0.105263 0.092105
7 0.495066 0.715461 0.069079 0.101974
0 0.605263 0.715461 0.078947 0.115132
0 0.825658 0.715461 0.085526 0.110197
0 0.935855 0.715461 0.078947 0.115132
8 0.164474 0.825658 0.101974 0.093750
10 0.274671 0.825658 0.070724 0.110197
12 0.384868 0.825658 0.078947 0.095395
12 0.605263 0.825658 0.082237 0.110197
11 0.715461 0.825658 0.077303 0.116776
0 0.825658 0.825658 0.085526 0.110197
9 0.935855 0.825658 0.069079 0.092105
0 0.054276 0.935855 0.085526 0.110197
1 0.164474 0.935855 0.078947 0.097039
9 0.274671 0.935855 0.069079 0.092105
4 0.384868 0.935855 0.072368 0.116776
8 0.495066 0.935855 0.075658 0.111842
9 0.715461 0.935855 0.069079 0.092105
9 0.825658 0.935855 0.080592 0.105263
1 0.935855 0.935855 0.083882 0.106908
