12 0.164474 0.054276 0.092105 0.098684
8 0.274671 0.054276 0.072368 0.095395
10 0.384868 0.057566 0.070724 0.116776
0 0.495066 0.057566 0.087171 0.116776
11 0.605263 0.054276 0.095395 0.080592
11 0.715461 0.054276 0.082237 0.098684
5 0.935855 0.054276 0.074013 0.105263
11 0.054276 0.164474 0.075658 0.080592
8 0.164474 0.164474 0.074013 0.123355
7 0.384868 0.164474 0.067434 0.087171
8 0.495066 0.164474 0.078947 0.120066
7 0.605263 0.164474 0.078947 0.085526
9 0.715461 0.164474 0.093750 0.101974
8 0.825658 0.164474 0.078947 0.120066
0 0.164474 0.274671 0.085526 0.098684
0 0.274671 0.274671 0.075658 0.097039
9 0.384868 0.274671 0.069079 0.083882
9 0.495066 0.274671 0.085526 0.077303
4 0.605263 0.274671 0.078947 0.093750
0 0.715461 0.274671 0.087171 0.116776
1 0.825658 0.274671 0.080592 0.097039
4 0.935855 0.274671 0.078947 0.093750
0 0.054276 0.384868 0.087171 0.116776
1 0.164474 0.384868 0.083882 0.097039
0 0.274671 0.384868 0.087171 0.116776
12 0.495066 0.384868 0.083882 0.098684
5 0.605263 0.384868 0.074013 0.105263
10 0.715461 0.384868 0.080592 0.098684
8 0.825658 0.384868 0.074013 0.123355
8 0.054276 0.495066 0.078947 0.120066
11 0.164474 0.495066 0.077303 0.110197
4 0.274671 0.495066 0.069079 0.116776
12 0.384868 0.495066 0.077303 0.100329
13 0.605263 0.495066 0.062500 0.083882
7 0.715461 0.495066 0.070724 0.090461
1 0.825658 0.495066 0.088816 0.115132
12 0.935855 0.495066 0.080592 0.113487
5 0.054276 0.605263 0.074013 0.105263
4 0.164474 0.605263 0.078947 0.093750
11 0.274671 0.605263 0.077303 0.110197
7 0.384868 0.605263 0.070724 0.090461
4 0.495066 0.605263 0.078947 0.106908
0 0.605263 0.605263 0.075658 0.097039
13 0.715461 0.605263 0.062500 0.083882
13 0.825658 0.605263 0.088816 0.098684
8 0.935855 0.605263 0.072368 0.125000
1 0.054276 0.715461 0.088816 0.115132
10 0.164474 0.715461 0.070724 0.116776
1 0.274671 0.715461 0.080592 0.097039
8 0.384868 0.715461 0.072368 0.095395
7 0.495066 0.715461 0.085526 0.098684
1 0.605263 0.715461 0.080592 0.097039
7 0.825658 0.715461 0.078947 0.085526
13 0.935855 0.715461 0.088816 0.098684
7 0.054276 0.825658 0.090461 0.085526
0 0.274671 0.825658 0.077303 0.100329
0 0.384868 0.825658 0.075658 0.097039
0 0.495066 0.825658 0.075658 0.097039
0 0.605263 0.825658 0.085526 0.098684
0 0.715461 0.825658 0.074013 0.098684
10 0.274671 0.935855 0.070724 0.116776
9 0.495066 0.935855 0.069079 0.083882
8 0.605263 0.935855 0.078947 0.120066
0 0.715461 0.935855 0.074013 0.098684
12 0.825658 0.935855 0.095395 0.082237
12 0.935855 0.935855 0.095395 0.082237
