0 0.054276 0.054276 0.088816 0.110197
4 0.164474 0.057566 0.074013 0.115132
11 0.384868 0.054276 0.080592 0.098684
11 0.495066 0.054276 0.082237 0.100329
4 0.605263 0.054276 0.062500 0.101974
10 0.715461 0.054276 0.067434 0.093750
4 0.825658 0.057566 0.074013 0.115132
12 0.935855 0.054276 0.069079 0.088816
1 0.164474 0.164474 0.088816 0.115132
0 0.274671 0.164474 0.078947 0.090461
7 0.384868 0.164474 0.077303 0.098684
9 0.495066 0.164474 0.070724 0.092105
0 0.605263 0.164474 0.088816 0.110197
12 0.715461 0.164474 0.069079 0.088816
7 0.935855 0.164474 0.077303 0.098684
7 0.054276 0.274671 0.062500 0.093750
9 0.164474 0.274671 0.077303 0.103618
11 0.274671 0.274671 0.095395 0.080592
10 0.605263 0.274671 0.069079 0.111842
11 0.715461 0.274671 0.080592 0.098684
0 0.825658 0.274671 0.074013 0.098684
12 0.935855 0.274671 0.075658 0.095395
8 0.164474 0.384868 0.072368 0.100329
4 0.274671 0.384868 0.074013 0.115132
9 0.384868 0.384868 0.093750 0.101974
8 0.495066 0.384868 0.097039 0.105263
10 0.605263 0.384868 0.067434 0.093750
12 0.715461 0.384868 0.095395 0.082237
8 0.825658 0.384868 0.077303 0.118421
9 0.935855 0.384868 0.077303 0.103618
13 0.164474 0.495066 0.075658 0.105263
0 0.274671 0.495066 0.078947 0.090461
0 0.384868 0.495066 0.078947 0.090461
0 0.495066 0.495066 0.088816 0.110197
12 0.605263 0.495066 0.095395 0.082237
8 0.825658 0.495066 0.067434 0.121711
8 0.935855 0.495066 0.067434 0.121711
1 0.054276 0.605263 0.078947 0.103618
1 0.164474 0.605263 0.078947 0.103618
0 0.274671 0.605263 0.074013 0.098684
10 0.495066 0.605263 0.080592 0.098684
0 0.605263 0.605263 0.088816 0.110197
7 0.715461 0.605263 0.075658 0.101974
8 0.935855 0.605263 0.077303 0.118421
5 0.164474 0.715461 0.082237 0.108553
8 0.274671 0.715461 0.074013 0.123355
7 0.495066 0.715461 0.078947 0.103618
8 0.715461 0.715461 0.074013 0.123355
1 0.825658 0.715461 0.075658 0.103618
13 0.935855 0.715461 0.062500 0.083882
5 0.054276 0.825658 0.077303 0.098684
0 0.164474 0.825658 0.077303 0.092105
7 0.274671 0.825658 0.062500 0.093750
7 0.384868 0.825658 0.078947 0.103618
12 0.495066 0.825658 0.088816 0.090461
1 0.605263 0.825658 0.077303 0.093750
0 0.715461 0.825658 0.088816 0.106908
1 0.935855 0.825658 0.092105 0.098684
0 0.054276 0.935855 0.077303 0.092105
5 0.164474 0.935855 0.077303 0.098684
0 0.274671 0.935855 0.078947 0.090461
8 0.384868 0.935855 0.067434 0.121711
11 0.495066 0.935855 0.082237 0.100329
13 0.605263 0.935855 0.075658 0.105263
4 0.715461 0.935855 0.074013 0.115132
13 0.825658 0.935855 0.080592 0.101974
