9 0.054276 0.054276 0.070724 0.082237
0 0.164474 0.054276 0.088816 0.110197
8 0.274671 0.060855 0.067434 0.121711
0 0.605263 0.054276 0.088816 0.110197
4 0.715461 0.054276 0.078947 0.106908
7 0.825658 0.054276 0.090461 0.085526
7 0.054276 0.164474 0.078947 0.103618
13 0.164474 0.164474 0.080592 0.100329
9 0.274671 0.164474 0.082237 0.088816
11 0.384868 0.164474 0.082237 0.100329
1 0.495066 0.164474 0.077303 0.103618
0 0.715461 0.164474 0.100329 0.087171
11 0.825658 0.164474 0.082237 0.100329
5 0.935855 0.164474 0.074013 0.101974
0 0.164474 0.274671 0.082237 0.113487
8 0.274671 0.274671 0.074013 0.123355
13 0.384868 0.274671 0.083882 0.098684
8 0.495066 0.274671 0.101974 0.106908
13 0.605263 0.274671 0.100329 0.077303
12 0.715461 0.274671 0.075658 0.095395
8 0.164474 0.384868 0.074013 0.123355
10 0.274671 0.384868 0.067434 0.106908
7 0.384868 0.384868 0.083882 0.072368
12 0.495066 0.384868 0.077303 0.100329
12 0.605263 0.384868 0.092105 0.098684
11 0.715461 0.384868 0.078947 0.095395
12 0.825658 0.384868 0.078947 0.092105
4 0.935855 0.384868 0.077303 0.115132
8 0.054276 0.495066 0.067434 0.121711
11 0.164474 0.495066 0.087171 0.103618
12 0.274671 0.495066 0.101974 0.085526
0 0.825658 0.495066 0.078947 0.090461
10 0.935855 0.495066 0.074013 0.121711
9 0.054276 0.605263 0.085526 0.077303
1 0.164474 0.605263 0.083882 0.097039
1 0.274671 0.605263 0.083882 0.097039
0 0.384868 0.605263 0.077303 0.100329
7 0.495066 0.605263 0.078947 0.085526
8 0.605263 0.605263 0.077303 0.118421
8 0.715461 0.605263 0.074013 0.123355
7 0.825658 0.605263 0.090461 0.085526
5 0.935855 0.605263 0.074013 0.101974
7 0.054276 0.715461 0.078947 0.085526
5 0.164474 0.715461 0.078947 0.097039
1 0.274671 0.715461 0.077303 0.093750
12 0.384868 0.715461 0.077303 0.100329
11 0.605263 0.715461 0.087171 0.103618
4 0.715461 0.715461 0.078947 0.106908
0 0.825658 0.715461 0.077303 0.100329
0 0.935855 0.715461 0.077303 0.100329
4 0.054276 0.825658 0.077303 0.115132
0 0.164474 0.825658 0.088816 0.110197
8 0.274671 0.825658 0.077303 0.118421
1 0.384868 0.825658 0.083882 0.097039
0 0.495066 0.825658 0.100329 0.087171
9 0.605263 0.825658 0.077303 0.103618
7 0.715461 0.825658 0.078947 0.103618
0 0.825658 0.825658 0.078947 0.090461
8 0.935855 0.825658 0.074013 0.123355
10 0.054276 0.935855 0.077303 0.106908
0 0.164474 0.935855 0.087171 0.116776
10 0.274671 0.935855 0.074013 0.121711
0 0.384868 0.935855 0.078947 0.090461
13 0.495066 0.935855 0.062500 0.083882
13 0.605263 0.935855 0.078947 0.106908
4 0.715461 0.935855 0.078947 0.106908
