13 0.054276 0.054276 0.082237 0.095395
7 0.164474 0.054276 0.069079 0.090461
0 0.274671 0.054276 0.077303 0.100329
0 0.384868 0.054276 0.085526 0.101974
9 0.605263 0.054276 0.070724 0.082237
4 0.715461 0.055921 0.074013 0.113487
11 0.825658 0.057566 0.077303 0.116776
7 0.935855 0.054276 0.078947 0.085526
8 0.054276 0.164474 0.101974 0.106908
0 0.274671 0.164474 0.077303 0.106908
13 0.384868 0.164474 0.082237 0.095395
12 0.495066 0.164474 0.077303 0.100329
8 0.605263 0.164474 0.083882 0.126645
1 0.715461 0.164474 0.083882 0.097039
7 0.825658 0.164474 0.083882 0.072368
11 0.935855 0.164474 0.092105 0.103618
0 0.384868 0.274671 0.100329 0.087171
5 0.495066 0.274671 0.074013 0.100329
1 0.605263 0.274671 0.090461 0.097039
8 0.715461 0.274671 0.072368 0.125000
10 0.825658 0.274671 0.072368 0.121711
12 0.054276 0.384868 0.082237 0.110197
11 0.164474 0.384868 0.087171 0.103618
13 0.274671 0.384868 0.078947 0.090461
7 0.384868 0.384868 0.074013 0.093750
8 0.495066 0.384868 0.101974 0.093750
8 0.605263 0.384868 0.072368 0.125000
4 0.715461 0.384868 0.078947 0.106908
7 0.825658 0.384868 0.078947 0.085526
0 0.935855 0.384868 0.077303 0.100329
7 0.164474 0.495066 0.069079 0.090461
4 0.274671 0.495066 0.072368 0.123355
8 0.384868 0.495066 0.075658 0.111842
8 0.495066 0.495066 0.083882 0.126645
8 0.715461 0.495066 0.101974 0.106908
1 0.825658 0.495066 0.080592 0.108553
11 0.935855 0.495066 0.070724 0.075658
5 0.164474 0.605263 0.074013 0.100329
0 0.384868 0.605263 0.085526 0.101974
0 0.605263 0.605263 0.085526 0.101974
9 0.715461 0.605263 0.077303 0.097039
8 0.825658 0.605263 0.101974 0.106908
12 0.935855 0.605263 0.082237 0.110197
10 0.054276 0.715461 0.067434 0.106908
0 0.164474 0.715461 0.085526 0.101974
0 0.274671 0.715461 0.078947 0.115132
1 0.384868 0.715461 0.078947 0.097039
13 0.495066 0.715461 0.082237 0.095395
9 0.605263 0.715461 0.069079 0.092105
0 0.715461 0.715461 0.078947 0.115132
12 0.825658 0.715461 0.080592 0.115132
1 0.054276 0.825658 0.078947 0.090461
10 0.164474 0.825658 0.072368 0.121711
1 0.274671 0.825658 0.090461 0.097039
4 0.495066 0.825658 0.060855 0.113487
0 0.605263 0.825658 0.078947 0.115132
12 0.715461 0.825658 0.082237 0.110197
12 0.935855 0.825658 0.077303 0.100329
10 0.054276 0.935855 0.067434 0.106908
0 0.164474 0.935855 0.100329 0.087171
7 0.274671 0.935855 0.083882 0.072368
11 0.384868 0.935855 0.070724 0.075658
0 0.495066 0.935855 0.085526 0.101974
7 0.715461 0.935855 0.078947 0.085526
8 0.825658 0.935855 0.072368 0.125000
5 0.935855 0.935855 0.074013 0.100329
