5 0.164474 0.054276 0.077303 0.100329
0 0.274671 0.054276 0.077303 0.098684
13 0.384868 0.054276 0.062500 0.083882
10 0.495066 0.062500 0.065789 0.126645
7 0.715461 0.054276 0.085526 0.098684
5 0.935855 0.054276 0.088816 0.110197
12 0.054276 0.164474 0.083882 0.093750
9 0.274671 0.164474 0.078947 0.100329
12 0.384868 0.164474 0.077303 0.110197
9 0.605263 0.164474 0.078947 0.100329
0 0.715461 0.164474 0.075658 0.098684
4 0.825658 0.164474 0.074013 0.134868
8 0.935855 0.164474 0.082237 0.126645
8 0.054276 0.274671 0.074013 0.097039
11 0.164474 0.274671 0.087171 0.106908
1 0.274671 0.274671 0.078947 0.106908
5 0.384868 0.274671 0.080592 0.101974
0 0.495066 0.274671 0.077303 0.098684
12 0.715461 0.274671 0.083882 0.093750
12 0.825658 0.274671 0.077303 0.110197
7 0.935855 0.274671 0.069079 0.090461
11 0.054276 0.384868 0.080592 0.090461
4 0.164474 0.384868 0.075658 0.118421
4 0.274671 0.384868 0.075658 0.118421
8 0.384868 0.384868 0.082237 0.126645
10 0.495066 0.384868 0.064145 0.103618
1 0.715461 0.384868 0.080592 0.106908
0 0.825658 0.384868 0.078947 0.111842
4 0.935855 0.384868 0.067434 0.120066
0 0.054276 0.495066 0.075658 0.098684
7 0.164474 0.495066 0.085526 0.098684
7 0.384868 0.495066 0.085526 0.098684
0 0.495066 0.495066 0.074013 0.098684
1 0.715461 0.495066 0.080592 0.106908
12 0.825658 0.495066 0.095395 0.082237
0 0.054276 0.605263 0.077303 0.098684
13 0.164474 0.605263 0.075658 0.090461
0 0.274671 0.605263 0.074013 0.098684
8 0.384868 0.605263 0.074013 0.097039
8 0.495066 0.605263 0.082237 0.126645
11 0.715461 0.605263 0.087171 0.106908
10 0.825658 0.605263 0.070724 0.129934
1 0.935855 0.605263 0.088816 0.115132
9 0.164474 0.715461 0.093750 0.101974
7 0.274671 0.715461 0.070724 0.093750
12 0.384868 0.715461 0.095395 0.082237
9 0.495066 0.715461 0.078947 0.100329
13 0.605263 0.715461 0.075658 0.088816
0 0.715461 0.715461 0.078947 0.111842
0 0.825658 0.715461 0.078947 0.111842
7 0.935855 0.715461 0.070724 0.093750
13 0.054276 0.825658 0.075658 0.090461
10 0.164474 0.825658 0.065789 0.126645
7 0.274671 0.825658 0.085526 0.098684
1 0.384868 0.825658 0.078947 0.106908
8 0.495066 0.825658 0.082237 0.126645
0 0.605263 0.825658 0.078947 0.115132
0 0.715461 0.825658 0.075658 0.098684
11 0.825658 0.825658 0.087171 0.106908
1 0.935855 0.825658 0.078947 0.106908
8 0.384868 0.935855 0.082237 0.126645
8 0.495066 0.935855 0.070724 0.092105
7 0.605263 0.935855 0.085526 0.098684
11 0.715461 0.935855 0.092105 0.103618
0 0.825658 0.935855 0.078947 0.111842
4 0.935855 0.935855 0.067434 0.120066
