4 0.054276 0.054276 0.078947 0.106908
13 0.164474 0.054276 0.088816 0.098684
5 0.274671 0.054276 0.074013 0.105263
7 0.384868 0.054276 0.070724 0.090461
13 0.605263 0.054276 0.083882 0.093750
8 0.715461 0.060855 0.074013 0.123355
13 0.825658 0.054276 0.100329 0.077303
13 0.935855 0.054276 0.083882 0.093750
8 0.054276 0.164474 0.077303 0.121711
8 0.164474 0.164474 0.074013 0.123355
4 0.274671 0.164474 0.075658 0.118421
0 0.605263 0.164474 0.075658 0.097039
10 0.715461 0.164474 0.067434 0.090461
12 0.825658 0.164474 0.101974 0.085526
12 0.935855 0.164474 0.074013 0.095395
0 0.054276 0.274671 0.100329 0.087171
11 0.274671 0.274671 0.087171 0.103618
1 0.384868 0.274671 0.083882 0.097039
7 0.495066 0.274671 0.070724 0.090461
5 0.605263 0.274671 0.088816 0.110197
12 0.715461 0.274671 0.101974 0.085526
7 0.825658 0.274671 0.070724 0.090461
8 0.935855 0.274671 0.072368 0.095395
5 0.054276 0.384868 0.080592 0.095395
12 0.164474 0.384868 0.074013 0.095395
0 0.274671 0.384868 0.100329 0.087171
12 0.384868 0.384868 0.077303 0.100329
1 0.495066 0.384868 0.083882 0.097039
11 0.605263 0.384868 0.095395 0.080592
9 0.715461 0.384868 0.093750 0.101974
0 0.825658 0.384868 0.075658 0.097039
8 0.935855 0.384868 0.072368 0.125000
0 0.054276 0.495066 0.075658 0.097039
8 0.164474 0.495066 0.072368 0.095395
8 0.495066 0.495066 0.077303 0.121711
10 0.935855 0.495066 0.070724 0.110197
7 0.054276 0.605263 0.083882 0.072368
8 0.164474 0.605263 0.072368 0.095395
0 0.274671 0.605263 0.100329 0.087171
1 0.495066 0.605263 0.090461 0.097039
7 0.605263 0.605263 0.085526 0.098684
8 0.715461 0.605263 0.072368 0.095395
10 0.825658 0.605263 0.070724 0.110197
9 0.935855 0.605263 0.070724 0.082237
1 0.164474 0.715461 0.083882 0.097039
0 0.274671 0.715461 0.085526 0.110197
10 0.384868 0.715461 0.070724 0.110197
0 0.495066 0.715461 0.100329 0.087171
7 0.605263 0.715461 0.069079 0.101974
0 0.715461 0.715461 0.100329 0.087171
7 0.825658 0.715461 0.085526 0.098684
11 0.935855 0.715461 0.074013 0.110197
0 0.054276 0.825658 0.100329 0.087171
8 0.274671 0.825658 0.072368 0.095395
4 0.384868 0.825658 0.085526 0.095395
11 0.495066 0.825658 0.095395 0.080592
0 0.605263 0.825658 0.074013 0.098684
0 0.715461 0.825658 0.100329 0.087171
4 0.825658 0.825658 0.085526 0.095395
9 0.935855 0.825658 0.070724 0.082237
4 0.274671 0.935855 0.072368 0.116776
12 0.384868 0.935855 0.077303 0.100329
7 0.495066 0.935855 0.078947 0.085526
1 0.605263 0.935855 0.085526 0.106908
0 0.715461 0.935855 0.077303 0.100329
11 0.935855 0.935855 0.077303 0.110197
