0 0.054276 0.054276 0.077303 0.100329
8 0.164474 0.054276 0.072368 0.095395
0 0.274671 0.054276 0.100329 0.087171
0 0.605263 0.054276 0.078947 0.101974
7 0.715461 0.054276 0.074013 0.093750
7 0.825658 0.054276 0.069079 0.090461
9 0.935855 0.054276 0.077303 0.097039
13 0.054276 0.164474 0.088816 0.098684
7 0.164474 0.164474 0.077303 0.095395
12 0.274671 0.164474 0.083882 0.087171
8 0.495066 0.164474 0.072368 0.125000
7 0.715461 0.164474 0.070724 0.090461
0 0.825658 0.164474 0.100329 0.087171
10 0.935855 0.164474 0.072368 0.121711
4 0.054276 0.274671 0.078947 0.106908
1 0.164474 0.274671 0.080592 0.097039
12 0.274671 0.274671 0.080592 0.113487
0 0.495066 0.274671 0.100329 0.087171
5 0.605263 0.274671 0.074013 0.100329
0 0.715461 0.274671 0.075658 0.097039
8 0.825658 0.274671 0.083882 0.126645
9 0.935855 0.274671 0.080592 0.105263
1 0.164474 0.384868 0.080592 0.108553
8 0.274671 0.384868 0.072368 0.095395
0 0.384868 0.384868 0.100329 0.087171
8 0.495066 0.384868 0.101974 0.106908
5 0.605263 0.384868 0.074013 0.100329
1 0.715461 0.384868 0.080592 0.108553
1 0.935855 0.384868 0.080592 0.097039
11 0.054276 0.495066 0.083882 0.098684
8 0.164474 0.495066 0.101974 0.106908
4 0.384868 0.495066 0.060855 0.113487
1 0.495066 0.495066 0.080592 0.108553
7 0.605263 0.495066 0.083882 0.072368
0 0.715461 0.495066 0.100329 0.087171
12 0.825658 0.495066 0.083882 0.087171
10 0.935855 0.495066 0.072368 0.121711
0 0.054276 0.605263 0.100329 0.087171
0 0.164474 0.605263 0.078947 0.101974
7 0.274671 0.605263 0.069079 0.090461
4 0.495066 0.605263 0.060855 0.113487
0 0.605263 0.605263 0.077303 0.100329
4 0.825658 0.605263 0.078947 0.106908
11 0.935855 0.605263 0.092105 0.103618
9 0.054276 0.715461 0.070724 0.082237
13 0.164474 0.715461 0.088816 0.098684
11 0.384868 0.715461 0.077303 0.116776
11 0.495066 0.715461 0.077303 0.116776
13 0.605263 0.715461 0.080592 0.100329
4 0.715461 0.715461 0.105263 0.092105
12 0.054276 0.825658 0.101974 0.085526
10 0.164474 0.825658 0.072368 0.121711
5 0.274671 0.825658 0.074013 0.105263
9 0.384868 0.825658 0.074013 0.097039
9 0.495066 0.825658 0.062500 0.088816
0 0.605263 0.825658 0.077303 0.100329
8 0.715461 0.825658 0.072368 0.095395
12 0.825658 0.825658 0.083882 0.087171
12 0.935855 0.825658 0.080592 0.115132
1 0.054276 0.935855 0.078947 0.097039
0 0.164474 0.935855 0.077303 0.100329
10 0.274671 0.935855 0.067434 0.090461
8 0.495066 0.935855 0.085526 0.103618
7 0.605263 0.935855 0.069079 0.090461
13 0.715461 0.935855 0.078947 0.090461
11 0.935855 0.935855 0.083882 0.098684
