10 0.054276 0.054276 0.075658 0.103618
9 0.274671 0.054276 0.074013 0.097039
4 0.384868 0.054276 0.078947 0.106908
1 0.495066 0.054276 0.083882 0.106908
4 0.605263 0.055921 0.074013 0.113487
8 0.715461 0.062500 0.072368 0.125000
0 0.825658 0.054276 0.077303 0.100329
8 0.935855 0.062500 0.072368 0.125000
7 0.054276 0.164474 0.070724 0.090461
0 0.164474 0.164474 0.088816 0.110197
8 0.274671 0.164474 0.074013 0.123355
0 0.384868 0.164474 0.078947 0.101974
8 0.605263 0.164474 0.083882 0.126645
4 0.715461 0.164474 0.105263 0.092105
0 0.825658 0.164474 0.082237 0.113487
11 0.935855 0.164474 0.077303 0.110197
12 0.164474 0.274671 0.077303 0.100329
13 0.384868 0.274671 0.082237 0.095395
0 0.495066 0.274671 0.078947 0.101974
8 0.605263 0.274671 0.072368 0.125000
7 0.715461 0.274671 0.069079 0.090461
7 0.825658 0.274671 0.078947 0.103618
0 0.935855 0.274671 0.077303 0.100329
8 0.054276 0.384868 0.072368 0.095395
1 0.274671 0.384868 0.080592 0.097039
7 0.384868 0.384868 0.074013 0.101974
11 0.495066 0.384868 0.075658 0.101974
4 0.825658 0.384868 0.074013 0.115132
9 0.935855 0.384868 0.065789 0.095395
9 0.054276 0.495066 0.093750 0.087171
12 0.164474 0.495066 0.080592 0.113487
9 0.384868 0.495066 0.080592 0.105263
11 0.495066 0.495066 0.082237 0.100329
0 0.935855 0.495066 0.082237 0.113487
4 0.054276 0.605263 0.074013 0.113487
0 0.164474 0.605263 0.082237 0.113487
13 0.274671 0.605263 0.083882 0.098684
7 0.384868 0.605263 0.077303 0.095395
10 0.605263 0.605263 0.067434 0.106908
0 0.715461 0.605263 0.088816 0.110197
0 0.825658 0.605263 0.075658 0.097039
5 0.935855 0.605263 0.074013 0.100329
5 0.054276 0.715461 0.082237 0.108553
12 0.164474 0.715461 0.078947 0.092105
8 0.274671 0.715461 0.083882 0.126645
8 0.384868 0.715461 0.083882 0.126645
0 0.495066 0.715461 0.088816 0.110197
11 0.605263 0.715461 0.077303 0.110197
7 0.715461 0.715461 0.074013 0.101974
13 0.825658 0.715461 0.083882 0.098684
1 0.935855 0.715461 0.083882 0.097039
12 0.054276 0.825658 0.080592 0.115132
0 0.164474 0.825658 0.077303 0.100329
1 0.274671 0.825658 0.083882 0.106908
5 0.384868 0.825658 0.083882 0.105263
0 0.495066 0.825658 0.088816 0.110197
10 0.605263 0.825658 0.075658 0.103618
8 0.715461 0.825658 0.077303 0.118421
13 0.825658 0.825658 0.078947 0.106908
7 0.935855 0.825658 0.074013 0.101974
12 0.054276 0.935855 0.080592 0.115132
12 0.164474 0.935855 0.078947 0.092105
11 0.274671 0.935855 0.083882 0.098684
7 0.384868 0.935855 0.077303 0.095395
10 0.605263 0.935855 0.077303 0.106908
1 0.715461 0.935855 0.077303 0.093750
