9 0.054276 0.054276 0.093750 0.087171
5 0.164474 0.054276 0.083882 0.105263
8 0.384868 0.054276 0.072368 0.095395
0 0.495066 0.054276 0.078947 0.101974
9 0.605263 0.054276 0.077303 0.100329
10 0.715461 0.054276 0.074013 0.106908
12 0.825658 0.054276 0.092105 0.098684
11 0.054276 0.164474 0.080592 0.098684
10 0.164474 0.164474 0.070724 0.116776
12 0.274671 0.164474 0.080592 0.115132
1 0.384868 0.164474 0.080592 0.097039
1 0.495066 0.164474 0.080592 0.108553
8 0.605263 0.164474 0.085526 0.103618
12 0.715461 0.164474 0.077303 0.110197
7 0.935855 0.164474 0.070724 0.093750
13 0.054276 0.274671 0.075658 0.090461
1 0.164474 0.274671 0.075658 0.103618
0 0.274671 0.274671 0.078947 0.101974
13 0.384868 0.274671 0.082237 0.095395
4 0.495066 0.274671 0.069079 0.116776
10 0.605263 0.274671 0.074013 0.106908
8 0.715461 0.274671 0.072368 0.100329
0 0.825658 0.274671 0.077303 0.092105
7 0.935855 0.274671 0.070724 0.090461
1 0.054276 0.384868 0.083882 0.106908
10 0.164474 0.384868 0.075658 0.103618
8 0.274671 0.384868 0.083882 0.126645
1 0.384868 0.384868 0.080592 0.106908
0 0.495066 0.384868 0.078947 0.115132
0 0.605263 0.384868 0.075658 0.097039
0 0.715461 0.384868 0.075658 0.097039
0 0.935855 0.384868 0.078947 0.115132
11 0.054276 0.495066 0.087171 0.106908
5 0.384868 0.495066 0.082237 0.108553
0 0.495066 0.495066 0.078947 0.101974
8 0.715461 0.495066 0.085526 0.103618
5 0.825658 0.495066 0.074013 0.101974
0 0.935855 0.495066 0.078947 0.115132
9 0.054276 0.605263 0.085526 0.077303
7 0.164474 0.605263 0.070724 0.093750
4 0.495066 0.605263 0.088816 0.113487
12 0.605263 0.605263 0.092105 0.098684
12 0.825658 0.605263 0.077303 0.110197
4 0.935855 0.605263 0.105263 0.092105
12 0.054276 0.715461 0.080592 0.115132
13 0.164474 0.715461 0.082237 0.095395
8 0.384868 0.715461 0.078947 0.120066
0 0.495066 0.715461 0.087171 0.116776
7 0.605263 0.715461 0.077303 0.095395
4 0.715461 0.715461 0.069079 0.116776
13 0.825658 0.715461 0.088816 0.098684
11 0.935855 0.715461 0.080592 0.098684
9 0.054276 0.825658 0.074013 0.097039
11 0.164474 0.825658 0.092105 0.103618
1 0.384868 0.825658 0.080592 0.106908
0 0.495066 0.825658 0.087171 0.116776
4 0.605263 0.825658 0.069079 0.116776
11 0.715461 0.825658 0.092105 0.103618
7 0.825658 0.825658 0.070724 0.093750
8 0.935855 0.825658 0.072368 0.095395
0 0.054276 0.935855 0.078947 0.115132
8 0.274671 0.935855 0.083882 0.126645
7 0.384868 0.935855 0.069079 0.090461
8 0.605263 0.935855 0.072368 0.095395
0 0.715461 0.935855 0.078947 0.101974
7 0.935855 0.935855 0.070724 0.090461
