8 0.054276 0.062500 0.082237 0.126645
8 0.274671 0.054276 0.072368 0.095395
5 0.605263 0.054276 0.088816 0.110197
13 0.715461 0.054276 0.062500 0.083882
12 0.935855 0.054276 0.074013 0.095395
12 0.054276 0.164474 0.080592 0.113487
9 0.164474 0.164474 0.093750 0.101974
9 0.274671 0.164474 0.069079 0.092105
8 0.384868 0.164474 0.082237 0.126645
7 0.495066 0.164474 0.069079 0.101974
1 0.605263 0.164474 0.085526 0.106908
4 0.715461 0.164474 0.072368 0.116776
1 0.825658 0.164474 0.085526 0.106908
12 0.274671 0.274671 0.077303 0.110197
0 0.384868 0.274671 0.078947 0.111842
8 0.495066 0.274671 0.074013 0.123355
8 0.605263 0.274671 0.077303 0.121711
1 0.715461 0.274671 0.078947 0.097039
11 0.825658 0.274671 0.077303 0.110197
9 0.935855 0.274671 0.074013 0.097039
10 0.054276 0.384868 0.070724 0.110197
0 0.164474 0.384868 0.078947 0.111842
13 0.274671 0.384868 0.062500 0.083882
11 0.384868 0.384868 0.077303 0.110197
5 0.495066 0.384868 0.077303 0.098684
5 0.715461 0.384868 0.088816 0.110197
0 0.825658 0.384868 0.078947 0.111842
0 0.935855 0.384868 0.085526 0.110197
7 0.054276 0.495066 0.074013 0.093750
0 0.164474 0.495066 0.075658 0.097039
7 0.495066 0.495066 0.070724 0.093750
1 0.605263 0.495066 0.077303 0.093750
0 0.715461 0.495066 0.085526 0.101974
12 0.054276 0.605263 0.077303 0.110197
7 0.164474 0.605263 0.070724 0.093750
0 0.274671 0.605263 0.085526 0.101974
11 0.384868 0.605263 0.077303 0.116776
0 0.495066 0.605263 0.074013 0.098684
1 0.605263 0.605263 0.085526 0.106908
8 0.715461 0.605263 0.101974 0.093750
11 0.825658 0.605263 0.087171 0.106908
13 0.935855 0.605263 0.088816 0.098684
8 0.054276 0.715461 0.074013 0.123355
10 0.164474 0.715461 0.077303 0.106908
7 0.274671 0.715461 0.069079 0.101974
4 0.384868 0.715461 0.074013 0.115132
0 0.495066 0.715461 0.074013 0.098684
4 0.605263 0.715461 0.075658 0.118421
11 0.715461 0.715461 0.095395 0.080592
4 0.825658 0.715461 0.075658 0.118421
10 0.054276 0.825658 0.070724 0.110197
12 0.164474 0.825658 0.077303 0.110197
0 0.274671 0.825658 0.085526 0.110197
10 0.384868 0.825658 0.070724 0.116776
8 0.495066 0.825658 0.077303 0.118421
4 0.605263 0.825658 0.074013 0.115132
7 0.825658 0.825658 0.070724 0.090461
9 0.935855 0.825658 0.093750 0.101974
0 0.054276 0.935855 0.088816 0.110197
7 0.164474 0.935855 0.069079 0.101974
13 0.274671 0.935855 0.088816 0.098684
12 0.384868 0.935855 0.082237 0.110197
1 0.495066 0.935855 0.080592 0.106908
0 0.605263 0.935855 0.075658 0.097039
0 0.715461 0.935855 0.075658 0.097039
8 0.935855 0.935855 0.101974 0.093750
