8 0.054276 0.060855 0.077303 0.121711
10 0.384868 0.060855 0.074013 0.121711
13 0.495066 0.054276 0.083882 0.093750
0 0.715461 0.057566 0.087171 0.116776
1 0.825658 0.054276 0.087171 0.105263
12 0.935855 0.054276 0.082237 0.110197
8 0.054276 0.164474 0.074013 0.097039
11 0.164474 0.164474 0.074013 0.110197
0 0.384868 0.164474 0.077303 0.098684
13 0.605263 0.164474 0.080592 0.100329
7 0.715461 0.164474 0.067434 0.087171
9 0.825658 0.164474 0.077303 0.097039
7 0.054276 0.274671 0.067434 0.087171
12 0.164474 0.274671 0.092105 0.098684
8 0.274671 0.274671 0.077303 0.121711
0 0.384868 0.274671 0.085526 0.098684
7 0.605263 0.274671 0.067434 0.087171
4 0.715461 0.274671 0.072368 0.116776
11 0.825658 0.274671 0.082237 0.098684
8 0.935855 0.274671 0.074013 0.097039
0 0.054276 0.384868 0.085526 0.098684
11 0.164474 0.384868 0.082237 0.098684
13 0.274671 0.384868 0.075658 0.095395
4 0.495066 0.384868 0.088816 0.113487
9 0.605263 0.384868 0.070724 0.090461
5 0.715461 0.384868 0.074013 0.101974
12 0.825658 0.384868 0.074013 0.095395
0 0.935855 0.384868 0.077303 0.098684
8 0.054276 0.495066 0.074013 0.097039
8 0.164474 0.495066 0.074013 0.097039
10 0.384868 0.495066 0.074013 0.121711
4 0.495066 0.495066 0.072368 0.116776
7 0.715461 0.495066 0.090461 0.085526
0 0.825658 0.495066 0.085526 0.101974
8 0.935855 0.495066 0.078947 0.120066
10 0.054276 0.605263 0.064145 0.103618
0 0.164474 0.605263 0.085526 0.098684
8 0.274671 0.605263 0.078947 0.120066
11 0.384868 0.605263 0.074013 0.110197
12 0.495066 0.605263 0.078947 0.095395
7 0.605263 0.605263 0.069079 0.101974
10 0.715461 0.605263 0.069079 0.093750
4 0.825658 0.605263 0.078947 0.093750
8 0.935855 0.605263 0.078947 0.120066
8 0.054276 0.715461 0.078947 0.120066
7 0.274671 0.715461 0.067434 0.087171
0 0.384868 0.715461 0.085526 0.101974
0 0.495066 0.715461 0.085526 0.098684
5 0.605263 0.715461 0.072368 0.105263
0 0.715461 0.715461 0.087171 0.116776
5 0.825658 0.715461 0.075658 0.097039
0 0.935855 0.715461 0.085526 0.101974
4 0.054276 0.825658 0.088816 0.113487
0 0.164474 0.825658 0.087171 0.116776
12 0.384868 0.825658 0.083882 0.098684
12 0.605263 0.825658 0.083882 0.098684
11 0.715461 0.825658 0.080592 0.090461
9 0.825658 0.825658 0.070724 0.090461
13 0.935855 0.825658 0.075658 0.095395
0 0.164474 0.935855 0.085526 0.098684
1 0.384868 0.935855 0.087171 0.105263
1 0.495066 0.935855 0.087171 0.105263
1 0.605263 0.935855 0.078947 0.097039
9 0.715461 0.935855 0.077303 0.097039
7 0.825658 0.935855 0.082237 0.103618
1 0.935855 0.935855 0.080592 0.097039
