0.0 0.05 0.05 0.08552 0.09868
0.0 0.25 0.05 0.10032 0.08717
0.0 0.35 0.05098 0.08552 0.10197
0.0 0.45 0.05 0.10032 0.08717
0.0 0.55 0.05098 0.08552 0.10197
0.0 0.15000 0.15000 0.08552 0.09868
0.0 0.25 0.15000 0.10032 0.08717
0.0 0.35 0.15000 0.08552 0.10197
0.0 0.65 0.15000 0.10032 0.08717
4.0 0.75 0.15000 0.08552 0.09539
13.0 0.85000 0.15000 0.07565 0.09539
0.0 0.95000 0.15000 0.08552 0.10197
0.0 0.05 0.25 0.08552 0.10197
12.0 0.15000 0.25 0.08223 0.11019
0.0 0.35 0.25 0.10032 0.08717
0.0 0.55 0.25 0.08552 0.10197
0.0 0.65 0.25 0.08552 0.10197
0.0 0.95000 0.25 0.08552 0.10197
0.0 0.05 0.35 0.08552 0.10197
0.0 0.25 0.35 0.08552 0.09868
0.0 0.35 0.35 0.08552 0.09868
9.0 0.45 0.35 0.07730 0.09703
0.0 0.75 0.35 0.10032 0.08717
0.0 0.85000 0.35 0.08552 0.09868
0.0 0.05 0.45 0.08552 0.10197
0.0 0.15000 0.45 0.08552 0.10197
10.0 0.25 0.45 0.06907 0.09375
