0.0 0.05 0.05427 0.08552 0.11019
0.0 0.25 0.05427 0.08552 0.11019
0.0 0.35 0.05427 0.08552 0.11019
0.0 0.45 0.05 0.08552 0.09868
0.0 0.55 0.05 0.08552 0.09868
0.0 0.65 0.05 0.08552 0.09868
0.0 0.85000 0.05 0.08552 0.09868
0.0 0.05 0.15000 0.08552 0.11019
0.0 0.15000 0.15000 0.08552 0.09868
0.0 0.25 0.15000 0.08552 0.09868
0.0 0.35 0.15000 0.08552 0.11019
0.0 0.45 0.15000 0.08552 0.09868
0.0 0.55 0.15000 0.08552 0.09868
0.0 0.65 0.15000 0.10032 0.08717
4.0 0.75 0.15000 0.08552 0.09539
13.0 0.85000 0.15000 0.08388 0.09375
0.0 0.05 0.25 0.10032 0.08717
12.0 0.15000 0.25 0.07401 0.09539
0.0 0.45 0.25 0.10032 0.08717
0.0 0.05 0.35 0.08552 0.09868
0.0 0.15000 0.35 0.08552 0.09868
9.0 0.45 0.35 0.07072 0.08223
0.0 0.65 0.35 0.08552 0.11019
0.0 0.15000 0.45 0.10032 0.08717
10.0 0.25 0.45 0.07072 0.11019
0.0 0.55 0.45 0.08552 0.09868
