0.0 0.25 0.05098 0.08552 0.10197
0.0 0.35 0.05592 0.08223 0.11348
0.0 0.55 0.05592 0.08223 0.11348
0.0 0.85000 0.05592 0.08223 0.11348
0.0 0.15000 0.15000 0.08552 0.11019
0.0 0.35 0.15000 0.08552 0.11019
0.0 0.45 0.15000 0.08223 0.11348
4.0 0.75 0.15000 0.06085 0.11348
13.0 0.85000 0.15000 0.08388 0.09868
0.0 0.05 0.25 0.08223 0.11348
12.0 0.15000 0.25 0.07894 0.09210
0.0 0.35 0.25 0.08552 0.11019
0.0 0.45 0.25 0.08223 0.11348
0.0 0.85000 0.25 0.08552 0.11019
0.0 0.95000 0.25 0.08223 0.11348
0.0 0.05 0.35 0.08223 0.11348
0.0 0.25 0.35 0.08552 0.10197
9.0 0.45 0.35 0.07730 0.09703
0.0 0.65 0.35 0.08552 0.11019
0.0 0.85000 0.35 0.08223 0.11348
0.0 0.95000 0.35 0.08552 0.10197
0.0 0.05 0.45 0.08223 0.11348
10.0 0.25 0.45 0.06743 0.10690
0.0 0.35 0.45 0.08552 0.11019
0.0 0.55 0.45 0.08223 0.11348
