0.0 0.05 0.05592 0.08223 0.11348
0.0 0.15000 0.05 0.08552 0.09868
0.0 0.45 0.05 0.08552 0.09868
0.0 0.65 0.05427 0.08552 0.11019
0.0 0.95000 0.05427 0.08552 0.11019
0.0 0.25 0.15000 0.08552 0.10197
4.0 0.75 0.15000 0.07236 0.11677
13.0 0.85000 0.15000 0.07565 0.09539
0.0 0.95000 0.15000 0.08552 0.11019
0.0 0.05 0.25 0.08552 0.09868
12.0 0.15000 0.25 0.07894 0.09210
0.0 0.25 0.25 0.08552 0.11019
0.0 0.45 0.25 0.08552 0.10197
0.0 0.55 0.25 0.08552 0.11019
0.0 0.85000 0.25 0.08552 0.11019
0.0 0.95000 0.25 0.08552 0.11019
0.0 0.05 0.35 0.08552 0.11019
0.0 0.25 0.35 0.08552 0.11019
0.0 0.35 0.35 0.08552 0.11019
9.0 0.45 0.35 0.07730 0.09703
0.0 0.65 0.35 0.08552 0.11019
0.0 0.95000 0.35 0.08552 0.09868
0.0 0.15000 0.45 0.08223 0.11348
10.0 0.25 0.45 0.07072 0.11019
0.0 0.65 0.45 0.08552 0.11019
1.0 0.85000 0.45 0.08059 0.09703
5.0 0.95000 0.45 0.07730 0.10032
10.0 0.05 0.55 0.07072 0.11019
5.0 0.15000 0.55 0.07730 0.10032
1.0 0.25 0.55 0.08552 0.10690
0.0 0.35 0.55 0.08552 0.10197
0.0 0.45 0.55 0.08552 0.11019
0.0 0.65 0.55 0.08552 0.11019
0.0 0.75 0.55 0.08552 0.11019
0.0 0.95000 0.55 0.08552 0.09868
0.0 0.05 0.65 0.08552 0.11019
0.0 0.25 0.65 0.08552 0.11019
0.0 0.35 0.65 0.08552 0.11019
0.0 0.45 0.65 0.08223 0.11348
0.0 0.65 0.65 0.08223 0.11348
