0.0 0.35 0.05 0.08552 0.09868
0.0 0.45 0.05 0.10032 0.08717
0.0 0.55 0.05 0.08552 0.09868
0.0 0.75 0.05 0.08552 0.09868
0.0 0.95000 0.05 0.08552 0.09868
0.0 0.05 0.15000 0.08552 0.09868
0.0 0.35 0.15000 0.08552 0.11019
0.0 0.55 0.15000 0.10032 0.08717
0.0 0.65 0.15000 0.08552 0.09868
4.0 0.75 0.15000 0.07894 0.09375
13.0 0.85000 0.15000 0.07565 0.09539
0.0 0.05 0.25 0.08552 0.11019
12.0 0.15000 0.25 0.07401 0.09539
0.0 0.25 0.25 0.08552 0.09868
0.0 0.35 0.25 0.08552 0.09868
0.0 0.65 0.25 0.08552 0.09868
0.0 0.75 0.25 0.08552 0.09868
0.0 0.05 0.35 0.08552 0.09868
0.0 0.25 0.35 0.10032 0.08717
9.0 0.45 0.35 0.06907 0.09210
0.0 0.75 0.35 0.08552 0.11019
0.0 0.85000 0.35 0.08552 0.09868
0.0 0.95000 0.35 0.08552 0.09868
10.0 0.25 0.45 0.06907 0.09375
0.0 0.35 0.45 0.08552 0.09868
0.0 0.45 0.45 0.08552 0.11019
0.0 0.55 0.45 0.10032 0.08717
0.0 0.65 0.45 0.08552 0.09868
1.0 0.85000 0.45 0.08059 0.09703
5.0 0.95000 0.45 0.07565 0.09703
10.0 0.05 0.55 0.06907 0.09375
5.0 0.15000 0.55 0.07565 0.09703
1.0 0.25 0.55 0.08059 0.09703
0.0 0.45 0.55 0.08552 0.09868
0.0 0.55 0.55 0.08552 0.09868
0.0 0.65 0.55 0.08552 0.09868
0.0 0.75 0.55 0.08552 0.09868
0.0 0.85000 0.55 0.08552 0.11019
0.0 0.95000 0.55 0.08552 0.09868
0.0 0.25 0.65 0.08552 0.11019
0.0 0.45 0.65 0.08552 0.09868
0.0 0.55 0.65 0.08552 0.09868
0.0 0.65 0.65 0.08552 0.11019
