0.0 0.05 0.05592 0.08223 0.11348
0.0 0.15000 0.05592 0.08223 0.11348
12.0 0.85000 0.05 0.08388 0.09868
7.0 0.95000 0.05 0.06743 0.08717
7.0 0.85000 0.15000 0.06743 0.08717
12.0 0.95000 0.15000 0.08388 0.09868
10.0 0.05 0.25 0.06907 0.09375
4.0 0.25 0.25 0.07894 0.09375
9.0 0.85000 0.25 0.06578 0.09539
0.0 0.95000 0.25 0.08552 0.09868
11.0 0.05 0.35 0.08223 0.09868
0.0 0.15000 0.35 0.08223 0.11348
1.0 0.25 0.35 0.07730 0.10361
8.0 0.55 0.35 0.07401 0.12335
1.0 0.65 0.35 0.08059 0.09703
1.0 0.85000 0.35 0.08059 0.09703
0.0 0.95000 0.35 0.08552 0.09868
12.0 0.05 0.45 0.08388 0.09868
11.0 0.25 0.45 0.08223 0.09868
7.0 0.35 0.45 0.06743 0.08717
12.0 0.55 0.45 0.08388 0.09868
0.0 0.75 0.45 0.08552 0.09868
0.0 0.85000 0.45 0.08552 0.09868
0.0 0.05 0.55 0.08223 0.11348
0.0 0.45 0.55 0.08552 0.09868
0.0 0.65 0.55 0.08552 0.09868
0.0 0.75 0.55 0.08223 0.11348
0.0 0.85000 0.55 0.08552 0.09868
0.0 0.95000 0.55 0.08552 0.09868
0.0 0.05 0.65 0.08552 0.09868
0.0 0.25 0.65 0.08552 0.09868
0.0 0.35 0.65 0.08552 0.09868
0.0 0.45 0.65 0.08223 0.11348
0.0 0.65 0.65 0.08552 0.09868
0.0 0.45 0.94243 0.08223 0.11348
