0.0 0.15000 0.05592 0.08223 0.11348
12.0 0.85000 0.05 0.07401 0.09539
7.0 0.95000 0.05098 0.06907 0.10197
0.0 0.25 0.15000 0.08223 0.11348
7.0 0.85000 0.15000 0.06907 0.10197
12.0 0.95000 0.15000 0.08388 0.09868
10.0 0.05 0.25 0.06907 0.09375
4.0 0.25 0.25 0.07236 0.11677
9.0 0.85000 0.25 0.06907 0.08388
11.0 0.05 0.35 0.07401 0.11019
0.0 0.15000 0.35 0.08552 0.11019
1.0 0.25 0.35 0.08552 0.10690
8.0 0.55 0.35 0.07401 0.12335
1.0 0.65 0.35 0.08552 0.10690
1.0 0.85000 0.35 0.08552 0.10690
12.0 0.05 0.45 0.07401 0.09539
11.0 0.25 0.45 0.07401 0.11019
7.0 0.35 0.45 0.07401 0.10197
12.0 0.55 0.45 0.07401 0.09539
0.0 0.75 0.45 0.08552 0.11019
0.0 0.15000 0.55 0.08552 0.11019
0.0 0.35 0.55 0.08552 0.11019
0.0 0.45 0.55 0.08223 0.11348
0.0 0.55 0.55 0.08552 0.11019
0.0 0.65 0.55 0.08223 0.11348
0.0 0.75 0.55 0.08552 0.11019
0.0 0.95000 0.55 0.08552 0.11019
0.0 0.05 0.65 0.08552 0.09868
0.0 0.55 0.65 0.08223 0.11348
0.0 0.45 0.94243 0.08223 0.11348
