0.0 0.05 0.05 0.10032 0.08717
0.0 0.15000 0.05098 0.08552 0.10197
12.0 0.85000 0.05427 0.08223 0.11019
7.0 0.95000 0.05 0.08388 0.07236
7.0 0.85000 0.15000 0.07401 0.10197
12.0 0.95000 0.15000 0.07894 0.09210
10.0 0.05 0.25 0.06743 0.10690
4.0 0.25 0.25 0.07565 0.11348
9.0 0.85000 0.25 0.07072 0.08223
11.0 0.05 0.35 0.07730 0.11677
0.0 0.15000 0.35 0.08552 0.10197
1.0 0.25 0.35 0.07894 0.09703
8.0 0.55 0.35 0.10197 0.09375
1.0 0.65 0.35 0.09046 0.09703
1.0 0.85000 0.35 0.07894 0.09703
0.0 0.95000 0.35 0.08552 0.10197
12.0 0.05 0.45 0.08223 0.11019
11.0 0.25 0.45 0.07565 0.10197
7.0 0.35 0.45 0.07401 0.09375
12.0 0.55 0.45 0.08223 0.11019
0.0 0.75 0.45 0.08552 0.10197
0.0 0.95000 0.45 0.08223 0.11348
0.0 0.25 0.55 0.08223 0.11348
0.0 0.55 0.55 0.08552 0.10197
0.0 0.65 0.55 0.08223 0.11348
0.0 0.25 0.65 0.10032 0.08717
0.0 0.45 0.94736 0.08552 0.10197
