0.0 0.05 0.05098 0.08552 0.10197
12.0 0.85000 0.05 0.08388 0.09868
7.0 0.95000 0.05 0.07401 0.09375
7.0 0.85000 0.15000 0.08388 0.07236
12.0 0.95000 0.15000 0.08223 0.11019
10.0 0.05 0.25 0.07401 0.12171
4.0 0.25 0.25 0.06085 0.11348
9.0 0.85000 0.25 0.07730 0.09703
11.0 0.05 0.35 0.07730 0.11677
1.0 0.25 0.35 0.09046 0.09703
8.0 0.55 0.35 0.10197 0.09375
1.0 0.65 0.35 0.07894 0.09703
1.0 0.85000 0.35 0.09046 0.09703
12.0 0.05 0.45 0.07894 0.09210
11.0 0.25 0.45 0.07730 0.11677
7.0 0.35 0.45 0.07401 0.10197
12.0 0.55 0.45 0.08388 0.09868
0.0 0.65 0.45 0.10032 0.08717
0.0 0.05 0.55 0.08552 0.10197
0.0 0.25 0.55 0.08223 0.11348
0.0 0.45 0.55 0.08223 0.11348
0.0 0.55 0.55 0.08223 0.11348
0.0 0.65 0.55 0.08223 0.11348
0.0 0.85000 0.55 0.08552 0.10197
0.0 0.15000 0.65 0.10032 0.08717
0.0 0.35 0.65 0.08223 0.11348
0.0 0.45 0.65 0.08552 0.10197
0.0 0.85000 0.65 0.08223 0.11348
0.0 0.05 0.75 0.08552 0.09868
0.0 0.15000 0.75 0.08223 0.11348
0.0 0.35 0.75 0.10032 0.08717
0.0 0.45 0.75 0.08223 0.11348
1.0 0.55 0.75 0.07730 0.10361
8.0 0.65 0.75 0.07401 0.12335
4.0 0.75 0.75 0.08552 0.09539
7.0 0.95000 0.75 0.06743 0.08717
4.0 0.05 0.85000 0.06085 0.11348
0.0 0.25 0.85000 0.10032 0.08717
7.0 0.55 0.85000 0.08388 0.07236
0.0 0.75 0.85000 0.10032 0.08717
13.0 0.85000 0.85000 0.07565 0.09539
0.0 0.45 0.94736 0.08552 0.10197
