0.0 0.15000 0.05098 0.08552 0.10197
12.0 0.85000 0.05427 0.08223 0.11019
7.0 0.95000 0.05 0.07401 0.09375
7.0 0.85000 0.15000 0.06743 0.08717
12.0 0.95000 0.15000 0.08388 0.09868
10.0 0.05 0.25 0.07401 0.12171
4.0 0.25 0.25 0.06085 0.11348
9.0 0.85000 0.25 0.06907 0.08388
11.0 0.05 0.35 0.08223 0.09868
1.0 0.25 0.35 0.08059 0.09703
8.0 0.55 0.35 0.07401 0.12335
1.0 0.65 0.35 0.08059 0.09703
1.0 0.85000 0.35 0.08059 0.09703
0.0 0.95000 0.35 0.08552 0.10197
11.0 0.25 0.45 0.07730 0.11677
12.0 0.55 0.45 0.08223 0.11019
