8.0 0.15000 0.05263 0.10197 0.10690
0.0 0.25 0.05 0.10032 0.08717
0.0 0.35 0.05 0.10032 0.08717
0.0 0.45 0.05 0.10032 0.08717
0.0 0.55 0.05098 0.08552 0.10197
0.0 0.75 0.05 0.10032 0.08717
0.0 0.85000 0.05 0.10032 0.08717
0.0 0.45 0.15000 0.10032 0.08717
13.0 0.55 0.15000 0.10032 0.09539
0.0 0.15000 0.25 0.10032 0.08717
0.0 0.25 0.25 0.10032 0.08717
0.0 0.45 0.25 0.10032 0.08717
0.0 0.55 0.25 0.10032 0.08717
0.0 0.75 0.25 0.10032 0.08717
10.0 0.85000 0.25 0.06743 0.09046
8.0 0.05098 0.35 0.10197 0.10690
1.0 0.55 0.35 0.07894 0.09703
0.0 0.95000 0.35 0.10032 0.08717
13.0 0.35 0.45 0.10032 0.07730
11.0 0.45 0.45 0.08717 0.10361
0.0 0.85000 0.45 0.10032 0.08717
8.0 0.45 0.55 0.10197 0.09375
10.0 0.65 0.55 0.06743 0.09046
1.0 0.85000 0.55 0.07894 0.09703
12.0 0.94736 0.55 0.10197 0.08552
8.0 0.05098 0.65 0.10197 0.10690
0.0 0.55 0.65 0.10032 0.08717
8.0 0.75 0.65 0.10197 0.10690
0.0 0.85000 0.65 0.08552 0.10197
