8.0 0.15000 0.05263 0.10197 0.10690
0.0 0.25 0.05427 0.08552 0.11019
0.0 0.45 0.05 0.10032 0.08717
0.0 0.55 0.05592 0.08223 0.11348
0.0 0.65 0.05 0.10032 0.08717
0.0 0.95000 0.05 0.10032 0.08717
0.0 0.05 0.15000 0.08552 0.11019
0.0 0.35 0.15000 0.08552 0.11019
13.0 0.55 0.15000 0.10032 0.07730
0.0 0.95000 0.15000 0.10032 0.08717
0.0 0.15000 0.25 0.10032 0.08717
0.0 0.25 0.25 0.08552 0.11019
0.0 0.45 0.25 0.08223 0.11348
0.0 0.55 0.25 0.08552 0.11019
0.0 0.75 0.25 0.10032 0.08717
10.0 0.85000 0.25 0.06743 0.09046
0.0 0.95000 0.25 0.10032 0.08717
8.0 0.05098 0.35 0.10197 0.10690
0.0 0.25 0.35 0.08552 0.11019
1.0 0.55 0.35 0.08552 0.10690
0.0 0.95000 0.35 0.08223 0.11348
13.0 0.35 0.45 0.10032 0.07730
11.0 0.45 0.45 0.08717 0.10361
0.0 0.85000 0.45 0.08552 0.11019
8.0 0.45 0.55 0.07730 0.12171
10.0 0.65 0.55 0.07072 0.11019
1.0 0.85000 0.55 0.09046 0.09703
12.0 0.95000 0.55 0.07401 0.09539
8.0 0.05 0.65 0.07401 0.12335
0.0 0.55 0.65 0.08552 0.11019
8.0 0.75 0.65 0.10197 0.10690
