8.0 0.15000 0.06085 0.07401 0.12335
0.0 0.25 0.05 0.08552 0.09868
0.0 0.45 0.05 0.08552 0.09868
0.0 0.55 0.05427 0.08552 0.11019
0.0 0.75 0.05 0.08552 0.09868
0.0 0.05 0.15000 0.08552 0.09868
0.0 0.25 0.15000 0.08552 0.09868
0.0 0.35 0.15000 0.08552 0.09868
13.0 0.55 0.15000 0.07565 0.09539
0.0 0.85000 0.15000 0.08552 0.11019
0.0 0.15000 0.25 0.08552 0.09868
0.0 0.25 0.25 0.08552 0.11019
0.0 0.35 0.25 0.08552 0.11019
0.0 0.55 0.25 0.08552 0.09868
10.0 0.85000 0.25 0.06907 0.09375
8.0 0.05 0.35 0.07401 0.12335
0.0 0.25 0.35 0.08552 0.09868
1.0 0.55 0.35 0.08059 0.09703
13.0 0.35 0.45 0.07565 0.09539
11.0 0.45 0.45 0.07401 0.11019
8.0 0.45 0.55 0.07401 0.12335
10.0 0.65 0.55 0.06907 0.09375
1.0 0.85000 0.55 0.08059 0.09703
12.0 0.95000 0.55 0.07401 0.09539
8.0 0.05 0.65 0.07401 0.12335
8.0 0.75 0.65 0.07401 0.12335
0.0 0.85000 0.65 0.08552 0.09868
