8.0 0.15000 0.05 0.10197 0.09375
0.0 0.25 0.05592 0.08223 0.11348
0.0 0.45 0.05592 0.08223 0.11348
0.0 0.85000 0.05592 0.08223 0.11348
0.0 0.15000 0.15000 0.10032 0.08717
0.0 0.25 0.15000 0.08223 0.11348
13.0 0.55 0.15000 0.08388 0.09868
0.0 0.85000 0.15000 0.10032 0.08717
0.0 0.95000 0.15000 0.08223 0.11348
0.0 0.05 0.25 0.08552 0.10197
0.0 0.35 0.25 0.08223 0.11348
10.0 0.85000 0.25 0.06743 0.10690
0.0 0.95000 0.25 0.08223 0.11348
8.0 0.05 0.35 0.07401 0.12335
1.0 0.55 0.35 0.09046 0.09703
0.0 0.15000 0.45 0.08223 0.11348
13.0 0.35 0.45 0.08388 0.09868
11.0 0.45 0.45 0.07730 0.11677
0.0 0.85000 0.45 0.10032 0.08717
8.0 0.45 0.55 0.07401 0.12335
10.0 0.65 0.55 0.06743 0.10690
1.0 0.85000 0.55 0.07894 0.09703
12.0 0.95000 0.55 0.07894 0.09210
8.0 0.05 0.65 0.07401 0.12335
8.0 0.75 0.65 0.10197 0.10690
