8.0 0.15000 0.05 0.10197 0.09375
0.0 0.25 0.05 0.10032 0.08717
0.0 0.45 0.05 0.08552 0.09868
0.0 0.65 0.05 0.10032 0.08717
0.0 0.75 0.05098 0.08552 0.10197
0.0 0.85000 0.05098 0.08552 0.10197
0.0 0.05 0.15000 0.08552 0.11019
0.0 0.15000 0.15000 0.08552 0.10197
0.0 0.35 0.15000 0.08552 0.10197
13.0 0.55 0.15000 0.08388 0.09375
0.0 0.95000 0.15000 0.08552 0.09868
0.0 0.05 0.25 0.08552 0.10197
0.0 0.15000 0.25 0.08552 0.10197
0.0 0.25 0.25 0.08552 0.10197
0.0 0.45 0.25 0.08552 0.10197
0.0 0.65 0.25 0.08552 0.09868
10.0 0.85000 0.25 0.07072 0.11019
0.0 0.95000 0.25 0.08552 0.10197
8.0 0.05098 0.35 0.10197 0.10690
1.0 0.55 0.35 0.08059 0.09703
0.0 0.15000 0.45 0.08552 0.09868
13.0 0.35 0.45 0.10032 0.09539
11.0 0.45 0.45 0.07401 0.11019
0.0 0.85000 0.45 0.08552 0.09868
8.0 0.45 0.55 0.10197 0.09375
10.0 0.65 0.55 0.06743 0.09046
1.0 0.85000 0.55 0.09046 0.09703
12.0 0.95000 0.55 0.07401 0.09539
8.0 0.05 0.65 0.07730 0.12171
4.0 0.35 0.65 0.07894 0.09375
1.0 0.45 0.65 0.08552 0.10690
0.0 0.55 0.65 0.08552 0.10197
8.0 0.75 0.65 0.10197 0.09375
0.0 0.85000 0.65 0.08552 0.10197
1.0 0.05 0.75 0.07894 0.09703
1.0 0.15000 0.75 0.07894 0.09703
4.0 0.25 0.75 0.06085 0.11348
1.0 0.35 0.75 0.08552 0.10690
9.0 0.45 0.75 0.06907 0.08388
11.0 0.55 0.75 0.07401 0.11019
0.0 0.15000 0.85000 0.10032 0.08717
0.0 0.25 0.85000 0.08552 0.10197
0.0 0.45 0.85000 0.08552 0.11019
0.0 0.55 0.85000 0.08552 0.09868
0.0 0.75 0.85000 0.08552 0.10197
0.0 0.95000 0.85000 0.08552 0.10197
