0.0 0.05 0.05592 0.08223 0.11348
8.0 0.15000 0.06085 0.07730 0.12171
0.0 0.35 0.05592 0.08223 0.11348
0.0 0.55 0.05 0.10032 0.08717
0.0 0.65 0.05592 0.08223 0.11348
0.0 0.75 0.05427 0.08552 0.11019
0.0 0.85000 0.05592 0.08223 0.11348
0.0 0.15000 0.15000 0.08223 0.11348
0.0 0.35 0.15000 0.08223 0.11348
0.0 0.45 0.15000 0.08223 0.11348
13.0 0.55 0.15000 0.08388 0.09868
0.0 0.85000 0.15000 0.10032 0.08717
0.0 0.95000 0.15000 0.08223 0.11348
0.0 0.35 0.25 0.08223 0.11348
0.0 0.55 0.25 0.08223 0.11348
0.0 0.65 0.25 0.08552 0.11019
10.0 0.85000 0.25 0.06743 0.09046
8.0 0.05 0.35 0.07401 0.12335
1.0 0.55 0.35 0.09046 0.09703
0.0 0.95000 0.35 0.08223 0.11348
0.0 0.15000 0.45 0.10032 0.08717
13.0 0.35 0.45 0.10032 0.07730
11.0 0.45 0.45 0.08717 0.10361
8.0 0.45 0.55 0.07401 0.12335
10.0 0.65 0.55 0.06743 0.10690
1.0 0.85000 0.55 0.09046 0.09703
12.0 0.95000 0.55 0.07894 0.09210
8.0 0.05 0.65 0.07730 0.12171
4.0 0.35 0.65 0.07565 0.11348
1.0 0.45 0.65 0.07730 0.10361
0.0 0.55 0.65 0.10032 0.08717
8.0 0.75 0.65 0.10197 0.10690
1.0 0.05 0.75 0.08552 0.10690
1.0 0.15000 0.75 0.09046 0.09703
4.0 0.25 0.75 0.07565 0.11348
1.0 0.35 0.75 0.07730 0.10361
9.0 0.45 0.75 0.07072 0.08223
11.0 0.55 0.75 0.08717 0.10361
0.0 0.05 0.85000 0.10032 0.08717
0.0 0.15000 0.85000 0.08223 0.11348
0.0 0.55 0.85000 0.08223 0.11348
0.0 0.75 0.85000 0.10032 0.08717
0.0 0.85000 0.85000 0.10032 0.08717
0.0 0.95000 0.85000 0.08552 0.11019
0.0 0.35 0.95000 0.10032 0.08717
