8.0 0.15000 0.05263 0.10197 0.10690
0.0 0.25 0.05 0.10032 0.08717
0.0 0.35 0.05592 0.08223 0.11348
0.0 0.65 0.05592 0.08223 0.11348
0.0 0.35 0.15000 0.08552 0.10197
13.0 0.55 0.15000 0.08388 0.09868
0.0 0.85000 0.15000 0.10032 0.08717
0.0 0.15000 0.25 0.08552 0.11019
0.0 0.25 0.25 0.08223 0.11348
0.0 0.55 0.25 0.10032 0.08717
10.0 0.85000 0.25 0.06743 0.10690
0.0 0.95000 0.25 0.08223 0.11348
8.0 0.05 0.35 0.07401 0.12335
1.0 0.55 0.35 0.07730 0.10361
0.0 0.95000 0.35 0.08552 0.10197
0.0 0.15000 0.45 0.08552 0.11019
13.0 0.35 0.45 0.10032 0.07730
11.0 0.45 0.45 0.07565 0.10197
0.0 0.85000 0.45 0.08552 0.11019
8.0 0.45 0.55 0.10197 0.09375
10.0 0.65 0.55 0.06907 0.09375
1.0 0.85000 0.55 0.09046 0.09703
12.0 0.95000 0.55 0.08388 0.09868
8.0 0.05098 0.65 0.10197 0.09375
4.0 0.35 0.65 0.06085 0.11348
1.0 0.45 0.65 0.09046 0.09703
0.0 0.55 0.65 0.08552 0.09868
8.0 0.75 0.65 0.07401 0.12335
0.0 0.85000 0.65 0.08223 0.11348
1.0 0.05 0.75 0.07730 0.10361
1.0 0.15000 0.75 0.07730 0.10361
4.0 0.25 0.75 0.07236 0.11677
1.0 0.35 0.75 0.08059 0.09703
9.0 0.45 0.75 0.07072 0.08223
11.0 0.55 0.75 0.08717 0.10361
0.0 0.15000 0.85000 0.08223 0.11348
0.0 0.25 0.85000 0.10032 0.08717
0.0 0.35 0.85000 0.08223 0.11348
0.0 0.45 0.85000 0.08552 0.10197
0.0 0.55 0.85000 0.08552 0.11019
0.0 0.65 0.85000 0.08223 0.11348
0.0 0.95000 0.85000 0.08223 0.11348
