0.0 0.15000 0.05427 0.08552 0.11019
0.0 0.65 0.05427 0.08552 0.11019
0.0 0.75 0.05427 0.08552 0.11019
12.0 0.05 0.15000 0.08223 0.11019
12.0 0.35 0.15000 0.07401 0.09539
8.0 0.45 0.15000 0.10197 0.10690
11.0 0.55 0.15000 0.07401 0.11019
0.0 0.75 0.15000 0.10032 0.08717
5.0 0.85000 0.15000 0.07236 0.10526
12.0 0.94736 0.15000 0.10197 0.08552
0.0 0.05 0.25 0.08552 0.10197
4.0 0.15000 0.25 0.07236 0.11677
11.0 0.65 0.25 0.07401 0.11019
4.0 0.75 0.25 0.08552 0.09539
10.0 0.05 0.35 0.06743 0.10690
5.0 0.15000 0.35 0.08059 0.09539
11.0 0.25 0.35 0.07565 0.10197
1.0 0.35 0.35 0.08552 0.10690
0.0 0.45 0.35 0.08552 0.11019
4.0 0.75 0.45 0.08552 0.09539
0.0 0.95000 0.45 0.08552 0.11019
9.0 0.95000 0.75 0.06907 0.09210
11.0 0.05 0.85000 0.07730 0.11677
4.0 0.45 0.85000 0.07236 0.11677
5.0 0.55 0.85000 0.08059 0.09539
11.0 0.75 0.85000 0.07730 0.11677
4.0 0.95000 0.85000 0.07565 0.11348
5.0 0.65 0.95000 0.07894 0.09703
5.0 0.75 0.95000 0.08059 0.09539
4.0 0.85000 0.94243 0.06085 0.11348
