0.0 0.15000 0.05098 0.08552 0.10197
0.0 0.75 0.05 0.08552 0.09868
0.0 0.85000 0.05098 0.08552 0.10197
0.0 0.95000 0.05 0.08552 0.09868
12.0 0.05 0.15000 0.08388 0.09868
0.0 0.25 0.15000 0.08552 0.10197
12.0 0.35 0.15000 0.08388 0.09868
8.0 0.45 0.15000 0.10197 0.09375
11.0 0.55 0.15000 0.07730 0.11677
0.0 0.75 0.15000 0.08552 0.10197
5.0 0.85000 0.15000 0.07236 0.10526
12.0 0.95000 0.15000 0.08388 0.09868
0.0 0.05 0.25 0.08552 0.09868
4.0 0.15000 0.25 0.07894 0.09375
11.0 0.65 0.25 0.07730 0.11677
4.0 0.75 0.25 0.06085 0.11348
10.0 0.05 0.35 0.06907 0.09375
5.0 0.15000 0.35 0.07236 0.10526
11.0 0.25 0.35 0.07730 0.11677
1.0 0.35 0.35 0.08059 0.09703
0.0 0.45 0.35 0.08552 0.09868
0.0 0.55 0.35 0.08552 0.09868
0.0 0.75 0.35 0.08552 0.10197
4.0 0.75 0.45 0.06085 0.11348
0.0 0.95000 0.45 0.08552 0.10197
0.0 0.85000 0.55 0.08552 0.09868
9.0 0.95000 0.75 0.07730 0.09703
11.0 0.05 0.85000 0.08223 0.09868
4.0 0.45 0.85000 0.07894 0.09375
5.0 0.55 0.85000 0.07565 0.09703
11.0 0.75 0.85000 0.08223 0.09868
4.0 0.95000 0.85000 0.06085 0.11348
5.0 0.65 0.94572 0.07236 0.10526
5.0 0.75 0.94572 0.07236 0.10526
4.0 0.85000 0.95000 0.07894 0.09375
