0.0 0.15000 0.05592 0.08223 0.11348
0.0 0.25 0.05592 0.08223 0.11348
0.0 0.55 0.05592 0.08223 0.11348
0.0 0.75 0.05592 0.08223 0.11348
12.0 0.05 0.15000 0.08223 0.11019
12.0 0.35 0.15000 0.08388 0.09868
8.0 0.45 0.15000 0.07401 0.12335
11.0 0.55 0.15000 0.07565 0.10197
0.0 0.65 0.15000 0.08223 0.11348
5.0 0.85000 0.15000 0.07894 0.09703
12.0 0.95000 0.15000 0.08388 0.09868
4.0 0.15000 0.25 0.07565 0.11348
11.0 0.65 0.25 0.07565 0.10197
4.0 0.75 0.25 0.07894 0.09375
10.0 0.05 0.35 0.06743 0.10690
5.0 0.15000 0.35 0.07894 0.09703
11.0 0.25 0.35 0.07730 0.11677
1.0 0.35 0.35 0.08059 0.09703
0.0 0.65 0.35 0.10032 0.08717
0.0 0.75 0.35 0.08223 0.11348
0.0 0.85000 0.35 0.08223 0.11348
10.0 0.35 0.45 0.06907 0.09375
9.0 0.45 0.45 0.06907 0.08388
0.0 0.55 0.45 0.08223 0.11348
0.0 0.65 0.45 0.08223 0.11348
4.0 0.75 0.45 0.06085 0.11348
0.0 0.85000 0.45 0.10032 0.08717
10.0 0.05 0.55 0.07401 0.12171
5.0 0.15000 0.55 0.07894 0.09703
11.0 0.25 0.55 0.07565 0.10197
0.0 0.45 0.55 0.08552 0.09868
0.0 0.65 0.55 0.08223 0.11348
4.0 0.95000 0.55 0.07565 0.11348
1.0 0.05 0.65 0.08059 0.09703
0.0 0.15000 0.65 0.08223 0.11348
0.0 0.25 0.65 0.08552 0.10197
0.0 0.35 0.65 0.08223 0.11348
9.0 0.95000 0.75 0.06907 0.08388
11.0 0.05 0.85000 0.07730 0.11677
4.0 0.45 0.85000 0.07565 0.11348
5.0 0.55 0.85000 0.07236 0.10526
11.0 0.75 0.85000 0.07730 0.11677
4.0 0.95000 0.85000 0.07565 0.11348
5.0 0.65 0.95000 0.07894 0.09703
5.0 0.75 0.94572 0.07236 0.10526
4.0 0.85000 0.94243 0.07565 0.11348
