0.0 0.55 0.05427 0.08552 0.11019
0.0 0.65 0.05 0.08552 0.09868
0.0 0.95000 0.05427 0.08552 0.11019
12.0 0.05098 0.15000 0.10197 0.08552
12.0 0.35 0.15000 0.10197 0.08552
8.0 0.45 0.15000 0.10197 0.10690
11.0 0.55 0.15000 0.08223 0.09868
5.0 0.85000 0.15000 0.08059 0.09539
12.0 0.95000 0.15000 0.07401 0.09539
4.0 0.15000 0.25 0.07236 0.11677
11.0 0.65 0.25 0.08717 0.10361
4.0 0.75 0.25 0.07894 0.09375
10.0 0.05 0.35 0.06907 0.09375
5.0 0.15000 0.35 0.07730 0.10032
11.0 0.25 0.35 0.08717 0.10361
1.0 0.35 0.35 0.09046 0.09703
0.0 0.55 0.35 0.08552 0.09868
0.0 0.75 0.35 0.08552 0.09868
0.0 0.95000 0.35 0.08552 0.09868
0.0 0.15000 0.45 0.08552 0.11019
0.0 0.25 0.45 0.08552 0.09868
10.0 0.35 0.45 0.06743 0.09046
9.0 0.45 0.45 0.06907 0.08388
4.0 0.75 0.45 0.07236 0.11677
10.0 0.05 0.55 0.07072 0.11019
5.0 0.15000 0.55 0.07565 0.09703
11.0 0.25 0.55 0.08223 0.09868
0.0 0.45 0.55 0.08552 0.11019
0.0 0.75 0.55 0.10032 0.08717
0.0 0.85000 0.55 0.08552 0.09868
4.0 0.95000 0.55 0.08552 0.09539
1.0 0.05 0.65 0.08552 0.10690
0.0 0.25 0.65 0.10032 0.08717
9.0 0.95000 0.75 0.07072 0.08223
11.0 0.05 0.85000 0.07401 0.11019
4.0 0.45 0.85000 0.07894 0.09375
5.0 0.55 0.85000 0.07730 0.10032
11.0 0.75 0.85000 0.08223 0.09868
4.0 0.95000 0.85000 0.08552 0.09539
0.0 0.05 0.95000 0.08552 0.09868
5.0 0.65 0.95000 0.07565 0.09703
5.0 0.75 0.95000 0.07565 0.09703
4.0 0.85000 0.95000 0.08552 0.09539
