0.0 0.05 0.05 0.10032 0.08717
0.0 0.05 0.25 0.10032 0.08717
4.0 0.15000 0.25 0.08552 0.09539
11.0 0.65 0.25 0.08717 0.10361
4.0 0.75 0.25 0.08552 0.09539
10.0 0.05 0.35 0.06743 0.09046
5.0 0.15000 0.35 0.08059 0.09539
11.0 0.25 0.35 0.08717 0.10361
1.0 0.35 0.35 0.09046 0.09703
4.0 0.75 0.45 0.08552 0.09539
0.0 0.95000 0.45 0.10032 0.08717
9.0 0.95000 0.75 0.07072 0.08223
11.0 0.05 0.85000 0.08717 0.10361
4.0 0.45 0.85000 0.08552 0.09539
5.0 0.55 0.85000 0.08059 0.09539
11.0 0.75 0.85000 0.08717 0.10361
4.0 0.95000 0.85000 0.08552 0.09539
5.0 0.65 0.95000 0.08059 0.09539
5.0 0.75 0.95000 0.08059 0.09539
4.0 0.85000 0.95000 0.08552 0.09539
