4.0 0.15000 0.25 0.07565 0.11348
11.0 0.65 0.25 0.07565 0.10197
4.0 0.75 0.25 0.07894 0.09375
10.0 0.05 0.35 0.06743 0.10690
5.0 0.15000 0.35 0.07894 0.09703
11.0 0.25 0.35 0.08223 0.09868
1.0 0.35 0.35 0.08059 0.09703
4.0 0.75 0.45 0.07565 0.11348
0.0 0.95000 0.45 0.08552 0.09868
9.0 0.95000 0.75 0.06578 0.09539
11.0 0.05 0.85000 0.07565 0.10197
4.0 0.45 0.85000 0.07565 0.11348
5.0 0.55 0.85000 0.07565 0.09703
11.0 0.75 0.85000 0.07565 0.10197
4.0 0.95000 0.85000 0.07565 0.11348
0.0 0.05 0.95000 0.08552 0.09868
5.0 0.65 0.95000 0.07565 0.09703
5.0 0.75 0.95000 0.07894 0.09703
4.0 0.85000 0.94243 0.07565 0.11348
