0.0 0.05 0.25 0.08552 0.11019
4.0 0.15000 0.25 0.07236 0.11677
11.0 0.65 0.25 0.07401 0.11019
4.0 0.75 0.25 0.07236 0.11677
10.0 0.05 0.35 0.07072 0.11019
5.0 0.15000 0.35 0.07730 0.10032
11.0 0.25 0.35 0.07401 0.11019
1.0 0.35 0.35 0.08552 0.10690
4.0 0.75 0.45 0.07236 0.11677
0.0 0.95000 0.45 0.08552 0.11019
0.0 0.85000 0.55 0.08552 0.11019
9.0 0.95000 0.75 0.06907 0.09210
11.0 0.05 0.85000 0.07401 0.11019
4.0 0.45 0.85000 0.07236 0.11677
5.0 0.55 0.85000 0.07730 0.10032
11.0 0.75 0.85000 0.07401 0.11019
4.0 0.95000 0.85000 0.07236 0.11677
0.0 0.05 0.94407 0.08552 0.11019
5.0 0.65 0.95000 0.07730 0.10032
5.0 0.75 0.95000 0.07730 0.10032
4.0 0.85000 0.94078 0.07236 0.11677
