0.0 0.05 0.05098 0.08552 0.10197
4.0 0.15000 0.25 0.06085 0.11348
11.0 0.65 0.25 0.07730 0.11677
4.0 0.75 0.25 0.07236 0.11677
10.0 0.05 0.35 0.07401 0.12171
5.0 0.15000 0.35 0.07730 0.10032
11.0 0.25 0.35 0.07401 0.11019
1.0 0.35 0.35 0.08552 0.10690
4.0 0.75 0.45 0.07236 0.11677
9.0 0.95000 0.75 0.07730 0.09703
11.0 0.05 0.85000 0.07730 0.11677
4.0 0.45 0.85000 0.06085 0.11348
5.0 0.55 0.85000 0.07236 0.10526
11.0 0.75 0.85000 0.07730 0.11677
4.0 0.95000 0.85000 0.06085 0.11348
0.0 0.05 0.94736 0.08552 0.10197
5.0 0.65 0.94572 0.07236 0.10526
5.0 0.75 0.95000 0.07730 0.10032
4.0 0.85000 0.94243 0.06085 0.11348
