0.0 0.25 0.05098 0.08552 0.10197
0.0 0.35 0.05098 0.08552 0.10197
0.0 0.35 0.15000 0.08552 0.10197
11.0 0.45 0.15000 0.07565 0.10197
4.0 0.55 0.15000 0.06085 0.11348
10.0 0.65 0.15000 0.06743 0.10690
8.0 0.75 0.15000 0.07730 0.12171
5.0 0.85000 0.15000 0.07894 0.09703
0.0 0.95000 0.15000 0.08552 0.11019
0.0 0.05 0.25 0.08552 0.10197
10.0 0.15000 0.25 0.07401 0.12171
0.0 0.35 0.25 0.08552 0.10197
0.0 0.45 0.25 0.08223 0.11348
7.0 0.55 0.25 0.07401 0.09375
9.0 0.05 0.35 0.06578 0.09539
13.0 0.45 0.35 0.08388 0.09868
11.0 0.85000 0.35 0.07730 0.11677
10.0 0.95000 0.35 0.06743 0.10690
1.0 0.05 0.45 0.07730 0.10361
8.0 0.35 0.45 0.10197 0.09375
0.0 0.45 0.45 0.08552 0.10197
12.0 0.55 0.45 0.07894 0.09210
13.0 0.75 0.45 0.10032 0.09539
5.0 0.95000 0.45 0.07236 0.10526
11.0 0.15000 0.55 0.07565 0.10197
8.0 0.35 0.55 0.10197 0.09375
4.0 0.55 0.55 0.07565 0.11348
13.0 0.85000 0.55 0.10032 0.09539
10.0 0.95000 0.55 0.06743 0.10690
0.0 0.05 0.65 0.08552 0.11019
0.0 0.15000 0.65 0.08552 0.10197
0.0 0.25 0.65 0.08552 0.11019
10.0 0.35 0.65 0.07072 0.11019
11.0 0.55 0.65 0.07730 0.11677
8.0 0.65 0.65 0.07401 0.12335
9.0 0.75 0.65 0.07730 0.09703
