0.0 0.15000 0.05592 0.08223 0.11348
0.0 0.35 0.05592 0.08223 0.11348
0.0 0.45 0.05 0.08552 0.09868
0.0 0.55 0.05592 0.08223 0.11348
0.0 0.65 0.05592 0.08223 0.11348
11.0 0.45 0.15000 0.08223 0.09868
4.0 0.55 0.15000 0.07894 0.09375
10.0 0.65 0.15000 0.06743 0.10690
8.0 0.75 0.15000 0.07401 0.12335
5.0 0.85000 0.15000 0.07894 0.09703
0.0 0.95000 0.15000 0.08223 0.11348
10.0 0.15000 0.25 0.06743 0.10690
7.0 0.55 0.25 0.07401 0.10197
9.0 0.05 0.35 0.06578 0.09539
13.0 0.45 0.35 0.08388 0.09868
11.0 0.85000 0.35 0.08223 0.09868
10.0 0.95000 0.35 0.06743 0.10690
1.0 0.05 0.45 0.07730 0.10361
8.0 0.35 0.45 0.07401 0.12335
12.0 0.55 0.45 0.07894 0.09210
13.0 0.75 0.45 0.08388 0.09868
5.0 0.95000 0.45 0.07894 0.09703
11.0 0.15000 0.55 0.07565 0.10197
8.0 0.35 0.55 0.07401 0.12335
4.0 0.55 0.55 0.07565 0.11348
13.0 0.85000 0.55 0.08388 0.09868
10.0 0.95000 0.55 0.06743 0.10690
0.0 0.05 0.65 0.08552 0.09868
0.0 0.15000 0.65 0.08552 0.09868
0.0 0.25 0.65 0.08552 0.09868
10.0 0.35 0.65 0.06907 0.09375
11.0 0.55 0.65 0.08223 0.09868
8.0 0.65 0.65 0.07401 0.12335
9.0 0.75 0.65 0.06907 0.08388
