0.0 0.05 0.05427 0.08552 0.11019
0.0 0.55 0.05592 0.08223 0.11348
0.0 0.65 0.05427 0.08552 0.11019
0.0 0.35 0.15000 0.08223 0.11348
11.0 0.45 0.15000 0.08223 0.09868
4.0 0.55 0.15000 0.07894 0.09375
10.0 0.65 0.15000 0.06743 0.09046
8.0 0.75 0.15000 0.10197 0.10690
5.0 0.85000 0.15000 0.07730 0.10032
0.0 0.95000 0.15000 0.10032 0.08717
0.0 0.05 0.25 0.10032 0.08717
10.0 0.15000 0.25 0.06743 0.10690
0.0 0.35 0.25 0.10032 0.08717
7.0 0.55 0.25 0.07401 0.10197
9.0 0.05 0.35 0.06907 0.08388
13.0 0.45 0.35 0.08388 0.09375
11.0 0.85000 0.35 0.08223 0.09868
10.0 0.95000 0.35 0.07072 0.11019
1.0 0.05 0.45 0.08552 0.10690
8.0 0.35 0.45 0.07401 0.12335
12.0 0.55 0.45 0.07894 0.09210
13.0 0.75 0.45 0.10032 0.07730
5.0 0.95000 0.45 0.07565 0.09703
11.0 0.15000 0.55 0.07401 0.11019
8.0 0.35 0.55 0.10197 0.10690
4.0 0.55 0.55 0.07894 0.09375
0.0 0.65 0.55 0.08552 0.11019
13.0 0.85000 0.55 0.10032 0.07730
10.0 0.95000 0.55 0.06743 0.10690
0.0 0.05 0.65 0.08223 0.11348
0.0 0.15000 0.65 0.08552 0.11019
0.0 0.25 0.65 0.08223 0.11348
10.0 0.35 0.65 0.07072 0.11019
11.0 0.55 0.65 0.08223 0.09868
8.0 0.65 0.65 0.10197 0.10690
9.0 0.75 0.65 0.07072 0.08223
1.0 0.85000 0.65 0.09046 0.09703
10.0 0.95000 0.65 0.07072 0.11019
7.0 0.15000 0.75 0.06907 0.10197
8.0 0.25 0.75 0.07401 0.12335
0.0 0.35 0.75 0.08552 0.09868
5.0 0.45 0.75 0.08059 0.09539
0.0 0.55 0.75 0.10032 0.08717
0.0 0.65 0.75 0.08223 0.11348
11.0 0.85000 0.75 0.07565 0.10197
10.0 0.05 0.85000 0.06743 0.10690
7.0 0.15000 0.85000 0.08388 0.07236
0.0 0.25 0.85000 0.10032 0.08717
0.0 0.55 0.85000 0.08552 0.09868
0.0 0.75 0.85000 0.10032 0.08717
0.0 0.15000 0.95000 0.10032 0.08717
