0.0 0.15000 0.15000 0.08552 0.09868
11.0 0.45 0.15000 0.07730 0.11677
4.0 0.55 0.15000 0.06085 0.11348
10.0 0.65 0.15000 0.06907 0.09375
8.0 0.75 0.15000 0.07401 0.12335
9.0 0.05 0.35 0.06907 0.08388
13.0 0.45 0.35 0.07565 0.09539
11.0 0.85000 0.35 0.08223 0.09868
10.0 0.95000 0.35 0.06907 0.09375
1.0 0.05 0.45 0.07894 0.09703
0.0 0.45 0.45 0.08552 0.10197
13.0 0.75 0.45 0.10032 0.09539
5.0 0.95000 0.45 0.07236 0.10526
11.0 0.15000 0.55 0.07730 0.11677
8.0 0.35 0.55 0.07401 0.12335
0.0 0.65 0.55 0.08552 0.09868
0.0 0.75 0.55 0.08552 0.10197
0.0 0.05 0.65 0.08552 0.09868
0.0 0.25 0.65 0.08552 0.09868
