0.0 0.05 0.05 0.10032 0.08717
0.0 0.15000 0.15000 0.10032 0.08717
11.0 0.45 0.15000 0.08717 0.10361
4.0 0.55 0.15000 0.08552 0.09539
10.0 0.65 0.15000 0.06743 0.09046
8.0 0.75 0.15000 0.10197 0.10690
9.0 0.05 0.35 0.07072 0.08223
13.0 0.45 0.35 0.10032 0.07730
11.0 0.85000 0.35 0.08717 0.10361
10.0 0.95000 0.35 0.06743 0.09046
1.0 0.05 0.45 0.09046 0.09703
13.0 0.75 0.45 0.10032 0.07730
5.0 0.95000 0.45 0.08059 0.09539
11.0 0.15000 0.55 0.08717 0.10361
8.0 0.35 0.55 0.10197 0.10690
0.0 0.75 0.55 0.10032 0.08717
