0.0 0.05 0.05592 0.08223 0.11348
0.0 0.35 0.15000 0.08552 0.10197
11.0 0.45 0.15000 0.07730 0.11677
4.0 0.55 0.15000 0.07565 0.11348
10.0 0.65 0.15000 0.06743 0.10690
8.0 0.75 0.15000 0.10197 0.09375
9.0 0.05 0.35 0.07730 0.09703
13.0 0.45 0.35 0.08388 0.09868
11.0 0.85000 0.35 0.07565 0.10197
10.0 0.95000 0.35 0.06743 0.10690
1.0 0.05 0.45 0.07894 0.09703
0.0 0.45 0.45 0.08552 0.10197
13.0 0.75 0.45 0.08388 0.09868
5.0 0.95000 0.45 0.07236 0.10526
11.0 0.15000 0.55 0.07565 0.10197
8.0 0.35 0.55 0.10197 0.09375
0.0 0.75 0.55 0.08223 0.11348
0.0 0.05 0.65 0.08223 0.11348
