0.0 0.05 0.05427 0.08552 0.11019
0.0 0.35 0.15000 0.08552 0.11019
11.0 0.45 0.15000 0.07401 0.11019
4.0 0.55 0.15000 0.07236 0.11677
10.0 0.65 0.15000 0.07401 0.12171
8.0 0.75 0.15000 0.10197 0.09375
9.0 0.05 0.35 0.06907 0.09210
13.0 0.45 0.35 0.08388 0.09375
11.0 0.85000 0.35 0.07401 0.11019
10.0 0.95000 0.35 0.07401 0.12171
1.0 0.05 0.45 0.08552 0.10690
0.0 0.45 0.45 0.08552 0.10197
13.0 0.75 0.45 0.08388 0.09375
5.0 0.95000 0.45 0.07236 0.10526
11.0 0.15000 0.55 0.07401 0.11019
8.0 0.35 0.55 0.07730 0.12171
0.0 0.65 0.55 0.08552 0.10197
