4.0 0.05 0.05592 0.07565 0.11348
0.0 0.15000 0.05592 0.08223 0.11348
7.0 0.25 0.05098 0.07401 0.10197
4.0 0.35 0.05592 0.07565 0.11348
0.0 0.65 0.05 0.08552 0.09868
1.0 0.75 0.05098 0.07730 0.10361
0.0 0.85000 0.05 0.08552 0.09868
13.0 0.95000 0.05 0.08388 0.09868
9.0 0.15000 0.15000 0.06578 0.09539
11.0 0.45 0.15000 0.08223 0.09868
4.0 0.65 0.15000 0.07894 0.09375
12.0 0.85000 0.15000 0.08388 0.09868
0.0 0.65 0.25 0.08552 0.11019
7.0 0.05 0.35 0.06743 0.08717
13.0 0.35 0.35 0.07565 0.09539
4.0 0.45 0.35 0.07565 0.11348
0.0 0.55 0.35 0.08552 0.09868
0.0 0.65 0.35 0.08223 0.11348
0.0 0.75 0.35 0.08552 0.11019
0.0 0.85000 0.35 0.08552 0.09868
0.0 0.35 0.45 0.08552 0.09868
10.0 0.95000 0.45 0.06907 0.09375
10.0 0.05 0.55 0.06743 0.10690
11.0 0.25 0.55 0.07565 0.10197
11.0 0.35 0.55 0.08223 0.09868
0.0 0.65 0.55 0.08223 0.11348
9.0 0.85000 0.55 0.06578 0.09539
13.0 0.95000 0.55 0.07565 0.09539
9.0 0.65 0.75 0.06578 0.09539
0.0 0.15000 0.85000 0.08223 0.11348
5.0 0.65 0.95000 0.07894 0.09703
