4.0 0.05 0.05592 0.06085 0.11348
0.0 0.15000 0.05098 0.08552 0.10197
7.0 0.25 0.05 0.07401 0.09375
4.0 0.35 0.05 0.07894 0.09375
0.0 0.45 0.05 0.08552 0.09868
0.0 0.55 0.05 0.10032 0.08717
0.0 0.65 0.05592 0.08223 0.11348
1.0 0.75 0.05 0.07894 0.09703
0.0 0.85000 0.05098 0.08552 0.10197
13.0 0.95000 0.05 0.10032 0.09539
9.0 0.15000 0.15000 0.07730 0.09703
7.0 0.35 0.15000 0.06743 0.08717
11.0 0.45 0.15000 0.08223 0.09868
4.0 0.65 0.15000 0.06085 0.11348
5.0 0.75 0.15000 0.07236 0.10526
12.0 0.85000 0.15000 0.10197 0.08552
11.0 0.95000 0.15000 0.07730 0.11677
13.0 0.05 0.25 0.08388 0.09868
10.0 0.35 0.25 0.06907 0.09375
13.0 0.45 0.25 0.08388 0.09868
0.0 0.55 0.25 0.08552 0.09868
5.0 0.85000 0.25 0.07894 0.09703
4.0 0.95000 0.25 0.07565 0.11348
7.0 0.05 0.35 0.06743 0.08717
0.0 0.15000 0.35 0.08552 0.10197
10.0 0.25 0.35 0.07401 0.12171
13.0 0.35 0.35 0.10032 0.09539
4.0 0.45 0.35 0.08552 0.09539
0.0 0.65 0.35 0.08552 0.10197
0.0 0.75 0.35 0.08552 0.10197
0.0 0.95000 0.35 0.08552 0.09868
0.0 0.05 0.45 0.08552 0.10197
0.0 0.25 0.45 0.08552 0.09868
13.0 0.65 0.45 0.07565 0.09539
7.0 0.85000 0.45 0.07401 0.09375
10.0 0.95000 0.45 0.06907 0.09375
10.0 0.05 0.55 0.06743 0.09046
11.0 0.25 0.55 0.07730 0.11677
11.0 0.35 0.55 0.08717 0.10361
1.0 0.45 0.55 0.07894 0.09703
12.0 0.55 0.55 0.08388 0.09868
0.0 0.65 0.55 0.10032 0.08717
9.0 0.85000 0.55 0.07072 0.08223
13.0 0.95000 0.55 0.10032 0.09539
11.0 0.05 0.65 0.08223 0.09868
7.0 0.35 0.65 0.07401 0.09375
10.0 0.65 0.65 0.06743 0.09046
0.0 0.85000 0.65 0.08552 0.09868
7.0 0.95000 0.65 0.06743 0.08717
4.0 0.25 0.75 0.08552 0.09539
1.0 0.35 0.75 0.08059 0.09703
10.0 0.45 0.75 0.06907 0.09375
9.0 0.65 0.75 0.07072 0.08223
9.0 0.85000 0.75 0.07730 0.09703
0.0 0.95000 0.75 0.08552 0.10197
0.0 0.05 0.85000 0.10032 0.08717
5.0 0.65 0.95000 0.07565 0.09703
