4.0 0.05 0.05756 0.07236 0.11677
7.0 0.25 0.05098 0.06907 0.10197
4.0 0.35 0.05592 0.07565 0.11348
0.0 0.55 0.05098 0.08552 0.10197
1.0 0.75 0.05263 0.08552 0.10690
0.0 0.85000 0.05098 0.08552 0.10197
13.0 0.95000 0.05 0.08388 0.09375
9.0 0.15000 0.15000 0.06907 0.09210
7.0 0.35 0.15000 0.07401 0.09375
11.0 0.45 0.15000 0.07401 0.11019
4.0 0.65 0.15000 0.06085 0.11348
5.0 0.75 0.15000 0.07236 0.10526
12.0 0.85000 0.15000 0.08223 0.11019
11.0 0.95000 0.15000 0.07401 0.11019
13.0 0.05 0.25 0.10032 0.09539
10.0 0.35 0.25 0.07401 0.12171
13.0 0.45 0.25 0.08388 0.09868
0.0 0.55 0.25 0.08552 0.10197
0.0 0.65 0.25 0.08552 0.10197
5.0 0.85000 0.25 0.07236 0.10526
4.0 0.95000 0.25 0.06085 0.11348
7.0 0.05 0.35 0.07401 0.10197
10.0 0.25 0.35 0.07401 0.12171
13.0 0.35 0.35 0.10032 0.09539
4.0 0.45 0.35 0.07236 0.11677
0.0 0.75 0.35 0.08552 0.10197
0.0 0.85000 0.35 0.08552 0.11019
0.0 0.95000 0.35 0.08552 0.11019
0.0 0.15000 0.45 0.08223 0.11348
0.0 0.35 0.45 0.08552 0.10197
13.0 0.65 0.45 0.10032 0.09539
7.0 0.85000 0.45 0.07401 0.09375
10.0 0.95000 0.45 0.07401 0.12171
10.0 0.05 0.55 0.06743 0.10690
0.0 0.15000 0.55 0.08552 0.10197
11.0 0.25 0.55 0.07401 0.11019
11.0 0.35 0.55 0.07401 0.11019
1.0 0.45 0.55 0.07894 0.09703
12.0 0.55 0.55 0.08223 0.11019
9.0 0.85000 0.55 0.06578 0.09539
13.0 0.95000 0.55 0.10032 0.09539
11.0 0.05 0.65 0.07730 0.11677
7.0 0.35 0.65 0.07401 0.09375
10.0 0.65 0.65 0.07072 0.11019
7.0 0.95000 0.65 0.07401 0.09375
4.0 0.25 0.75 0.06085 0.11348
1.0 0.35 0.75 0.08552 0.10690
10.0 0.45 0.75 0.07401 0.12171
9.0 0.65 0.75 0.06907 0.09210
9.0 0.85000 0.75 0.06578 0.09539
0.0 0.05 0.85000 0.08552 0.10197
0.0 0.15000 0.85000 0.08552 0.11019
5.0 0.65 0.94572 0.07236 0.10526
