4.0 0.05 0.05 0.08552 0.09539
0.0 0.15000 0.05592 0.08223 0.11348
7.0 0.25 0.05098 0.07401 0.10197
4.0 0.35 0.05756 0.07236 0.11677
0.0 0.65 0.05 0.10032 0.08717
1.0 0.75 0.05263 0.08552 0.10690
13.0 0.95000 0.05 0.08388 0.09868
9.0 0.15000 0.15000 0.06907 0.09210
7.0 0.35 0.15000 0.08388 0.07236
11.0 0.45 0.15000 0.08223 0.09868
4.0 0.65 0.15000 0.07236 0.11677
5.0 0.75 0.15000 0.07565 0.09703
12.0 0.85000 0.15000 0.07401 0.09539
11.0 0.95000 0.15000 0.08717 0.10361
13.0 0.05 0.25 0.08388 0.09375
10.0 0.35 0.25 0.06743 0.10690
13.0 0.45 0.25 0.08388 0.09375
0.0 0.55 0.25 0.08552 0.11019
0.0 0.65 0.25 0.10032 0.08717
5.0 0.85000 0.25 0.08059 0.09539
4.0 0.95000 0.25 0.07236 0.11677
7.0 0.05 0.35 0.06907 0.10197
0.0 0.15000 0.35 0.08552 0.11019
10.0 0.25 0.35 0.06907 0.09375
13.0 0.35 0.35 0.08388 0.09375
4.0 0.45 0.35 0.07565 0.11348
0.0 0.85000 0.35 0.08552 0.11019
0.0 0.95000 0.35 0.10032 0.08717
0.0 0.15000 0.45 0.08552 0.11019
13.0 0.65 0.45 0.10032 0.07730
7.0 0.85000 0.45 0.08388 0.07236
10.0 0.95000 0.45 0.06907 0.09375
10.0 0.05 0.55 0.07072 0.11019
0.0 0.15000 0.55 0.08552 0.09868
11.0 0.25 0.55 0.07401 0.11019
11.0 0.35 0.55 0.07565 0.10197
1.0 0.45 0.55 0.09046 0.09703
12.0 0.55 0.55 0.08388 0.09868
0.0 0.65 0.55 0.10032 0.08717
9.0 0.85000 0.55 0.06907 0.09210
13.0 0.95000 0.55 0.10032 0.07730
11.0 0.05 0.65 0.07401 0.11019
7.0 0.35 0.65 0.07401 0.10197
10.0 0.65 0.65 0.06907 0.09375
0.0 0.85000 0.65 0.10032 0.08717
7.0 0.95000 0.65 0.08388 0.07236
4.0 0.25 0.75 0.07236 0.11677
1.0 0.35 0.75 0.09046 0.09703
10.0 0.45 0.75 0.07072 0.11019
9.0 0.65 0.75 0.06907 0.09210
9.0 0.85000 0.75 0.06578 0.09539
0.0 0.05 0.85000 0.10032 0.08717
0.0 0.15000 0.85000 0.10032 0.08717
0.0 0.75 0.85000 0.10032 0.08717
5.0 0.65 0.95000 0.07730 0.10032
