12 0.384868 0.054276 0.078947 0.095395
0 0.605263 0.054276 0.077303 0.106908
0 0.935855 0.054276 0.077303 0.106908
0 0.605263 0.164474 0.088816 0.110197
0 0.164474 0.274671 0.088816 0.110197
0 0.825658 0.384868 0.088816 0.110197
0 0.495066 0.495066 0.077303 0.106908
0 0.825658 0.495066 0.088816 0.110197
1 0.715461 0.605263 0.078947 0.090461
9 0.935855 0.605263 0.082237 0.088816
0 0.164474 0.715461 0.088816 0.110197
0 0.825658 0.715461 0.088816 0.110197
9 0.054276 0.825658 0.069079 0.092105
0 0.274671 0.825658 0.088816 0.110197
4 0.495066 0.825658 0.072368 0.123355
8 0.605263 0.825658 0.075658 0.111842
0 0.715461 0.825658 0.088816 0.110197
0 0.825658 0.825658 0.077303 0.106908
0 0.054276 0.935855 0.077303 0.106908
1 0.384868 0.935855 0.077303 0.093750
0 0.715461 0.935855 0.077303 0.106908
0 0.935855 0.935855 0.088816 0.110197
