0 0.054276 0.054276 0.077303 0.098684
1 0.164474 0.054276 0.074013 0.103618
0 0.715461 0.054276 0.077303 0.098684
0 0.274671 0.164474 0.077303 0.098684
0 0.715461 0.164474 0.077303 0.098684
9 0.054276 0.274671 0.085526 0.077303
1 0.274671 0.274671 0.087171 0.105263
8 0.384868 0.274671 0.074013 0.097039
4 0.274671 0.384868 0.074013 0.134868
9 0.605263 0.384868 0.070724 0.090461
0 0.164474 0.495066 0.087171 0.116776
0 0.274671 0.495066 0.077303 0.098684
0 0.825658 0.495066 0.087171 0.116776
0 0.274671 0.605263 0.087171 0.116776
0 0.495066 0.605263 0.087171 0.116776
0 0.715461 0.605263 0.077303 0.098684
0 0.054276 0.715461 0.087171 0.116776
0 0.495066 0.715461 0.087171 0.116776
5 0.605263 0.715461 0.074013 0.101974
0 0.825658 0.715461 0.077303 0.098684
0 0.164474 0.935855 0.087171 0.116776
0 0.935855 0.935855 0.087171 0.116776
