1 0.164474 0.054276 0.078947 0.090461
0 0.274671 0.057566 0.087171 0.116776
5 0.605263 0.054276 0.074013 0.101974
0 0.825658 0.057566 0.087171 0.116776
0 0.054276 0.164474 0.087171 0.116776
8 0.935855 0.164474 0.078947 0.120066
0 0.054276 0.274671 0.077303 0.106908
0 0.384868 0.274671 0.087171 0.116776
4 0.495066 0.274671 0.088816 0.113487
0 0.274671 0.384868 0.077303 0.106908
9 0.715461 0.384868 0.085526 0.077303
0 0.715461 0.495066 0.087171 0.116776
0 0.935855 0.495066 0.087171 0.116776
0 0.054276 0.605263 0.087171 0.116776
0 0.274671 0.605263 0.077303 0.106908
0 0.605263 0.605263 0.087171 0.116776
0 0.935855 0.605263 0.087171 0.116776
1 0.384868 0.715461 0.087171 0.105263
9 0.274671 0.825658 0.069079 0.092105
0 0.384868 0.825658 0.087171 0.116776
0 0.495066 0.825658 0.077303 0.106908
0 0.495066 0.935855 0.087171 0.116776
