0 0.825658 0.055921 0.078947 0.111842
0 0.054276 0.164474 0.075658 0.098684
5 0.164474 0.164474 0.077303 0.100329
8 0.384868 0.164474 0.070724 0.092105
0 0.054276 0.384868 0.075658 0.098684
0 0.274671 0.384868 0.075658 0.098684
0 0.715461 0.384868 0.078947 0.111842
0 0.164474 0.495066 0.078947 0.111842
0 0.495066 0.495066 0.078947 0.111842
0 0.935855 0.605263 0.075658 0.098684
0 0.164474 0.715461 0.075658 0.098684
0 0.274671 0.715461 0.075658 0.098684
0 0.384868 0.715461 0.078947 0.111842
9 0.935855 0.715461 0.078947 0.100329
0 0.274671 0.825658 0.075658 0.098684
9 0.384868 0.825658 0.070724 0.090461
0 0.495066 0.825658 0.075658 0.098684
1 0.825658 0.825658 0.080592 0.106908
4 0.935855 0.825658 0.075658 0.133224
0 0.274671 0.935855 0.078947 0.111842
0 0.384868 0.935855 0.075658 0.098684
1 0.935855 0.935855 0.080592 0.106908
