0 0.495066 0.164474 0.074013 0.098684
0 0.935855 0.164474 0.078947 0.111842
0 0.054276 0.274671 0.078947 0.111842
0 0.054276 0.384868 0.074013 0.098684
0 0.164474 0.384868 0.074013 0.098684
0 0.605263 0.384868 0.078947 0.111842
0 0.715461 0.384868 0.078947 0.111842
0 0.054276 0.495066 0.074013 0.098684
8 0.274671 0.495066 0.074013 0.123355
0 0.054276 0.605263 0.074013 0.098684
0 0.164474 0.605263 0.074013 0.098684
0 0.495066 0.605263 0.078947 0.111842
0 0.715461 0.605263 0.074013 0.098684
0 0.605263 0.715461 0.078947 0.111842
0 0.715461 0.715461 0.078947 0.111842
9 0.054276 0.825658 0.078947 0.100329
1 0.164474 0.825658 0.080592 0.106908
4 0.274671 0.825658 0.075658 0.118421
9 0.605263 0.825658 0.078947 0.100329
1 0.825658 0.825658 0.088816 0.115132
5 0.054276 0.935855 0.088816 0.110197
0 0.935855 0.935855 0.078947 0.111842
