0 0.054276 0.054276 0.078947 0.090461
0 0.164474 0.054276 0.074013 0.098684
0 0.495066 0.054276 0.074013 0.098684
0 0.605263 0.054276 0.074013 0.098684
9 0.164474 0.164474 0.077303 0.103618
0 0.384868 0.164474 0.074013 0.098684
9 0.825658 0.164474 0.077303 0.103618
0 0.054276 0.274671 0.078947 0.090461
8 0.715461 0.274671 0.074013 0.123355
0 0.825658 0.274671 0.074013 0.098684
1 0.164474 0.384868 0.078947 0.103618
0 0.274671 0.384868 0.078947 0.090461
4 0.274671 0.495066 0.077303 0.115132
0 0.384868 0.495066 0.074013 0.098684
5 0.495066 0.495066 0.077303 0.103618
1 0.935855 0.495066 0.078947 0.103618
0 0.605263 0.605263 0.074013 0.098684
0 0.054276 0.715461 0.074013 0.098684
0 0.384868 0.715461 0.074013 0.098684
0 0.495066 0.715461 0.078947 0.090461
0 0.164474 0.825658 0.074013 0.098684
0 0.935855 0.935855 0.074013 0.098684
