8 0.054276 0.055921 0.075658 0.111842
0 0.274671 0.055921 0.078947 0.111842
0 0.054276 0.274671 0.077303 0.106908
0 0.274671 0.274671 0.078947 0.111842
0 0.384868 0.274671 0.078947 0.111842
0 0.715461 0.274671 0.077303 0.106908
0 0.825658 0.274671 0.077303 0.106908
0 0.164474 0.384868 0.078947 0.111842
0 0.715461 0.384868 0.078947 0.111842
0 0.164474 0.495066 0.077303 0.106908
0 0.274671 0.495066 0.077303 0.106908
9 0.935855 0.495066 0.078947 0.100329
0 0.825658 0.605263 0.078947 0.111842
1 0.935855 0.605263 0.080592 0.106908
1 0.054276 0.715461 0.078947 0.090461
0 0.384868 0.715461 0.078947 0.111842
0 0.495066 0.715461 0.078947 0.111842
0 0.605263 0.715461 0.078947 0.111842
0 0.715461 0.715461 0.078947 0.111842
4 0.274671 0.825658 0.067434 0.120066
0 0.605263 0.935855 0.078947 0.111842
9 0.715461 0.935855 0.078947 0.100329
