0 0.274671 0.054276 0.074013 0.106908
0 0.384868 0.054276 0.074013 0.106908
0 0.715461 0.054276 0.074013 0.106908
0 0.054276 0.164474 0.078947 0.101974
0 0.274671 0.164474 0.078947 0.101974
4 0.495066 0.164474 0.105263 0.092105
0 0.715461 0.164474 0.074013 0.106908
5 0.935855 0.164474 0.082237 0.108553
8 0.384868 0.274671 0.072368 0.110197
0 0.495066 0.274671 0.078947 0.101974
0 0.935855 0.384868 0.078947 0.101974
9 0.384868 0.495066 0.072368 0.087171
0 0.054276 0.605263 0.074013 0.106908
1 0.935855 0.605263 0.083882 0.106908
0 0.825658 0.715461 0.074013 0.106908
0 0.274671 0.825658 0.074013 0.106908
0 0.384868 0.825658 0.078947 0.101974
0 0.495066 0.825658 0.074013 0.106908
0 0.605263 0.825658 0.074013 0.106908
9 0.715461 0.825658 0.093750 0.087171
1 0.825658 0.825658 0.088816 0.106908
0 0.164474 0.935855 0.078947 0.101974
