0 0.054276 0.164474 0.078947 0.101974
0 0.605263 0.164474 0.074013 0.106908
0 0.935855 0.164474 0.074013 0.106908
5 0.164474 0.274671 0.077303 0.098684
0 0.495066 0.274671 0.074013 0.106908
0 0.274671 0.384868 0.074013 0.106908
9 0.825658 0.384868 0.093750 0.087171
0 0.935855 0.384868 0.078947 0.101974
8 0.164474 0.495066 0.085526 0.103618
0 0.495066 0.495066 0.078947 0.101974
0 0.605263 0.495066 0.074013 0.106908
0 0.935855 0.495066 0.074013 0.106908
4 0.164474 0.605263 0.065789 0.100329
1 0.495066 0.605263 0.088816 0.106908
0 0.384868 0.715461 0.074013 0.106908
0 0.605263 0.715461 0.078947 0.101974
0 0.715461 0.715461 0.074013 0.106908
0 0.825658 0.715461 0.074013 0.106908
9 0.054276 0.825658 0.093750 0.087171
0 0.715461 0.825658 0.078947 0.101974
1 0.054276 0.935855 0.083882 0.106908
0 0.384868 0.935855 0.074013 0.106908
