0 0.164474 0.057566 0.087171 0.116776
0 0.384868 0.057566 0.087171 0.116776
0 0.274671 0.164474 0.082237 0.113487
9 0.384868 0.164474 0.065789 0.095395
0 0.495066 0.164474 0.082237 0.113487
12 0.605263 0.164474 0.092105 0.098684
9 0.825658 0.164474 0.085526 0.077303
0 0.935855 0.164474 0.087171 0.116776
0 0.605263 0.274671 0.082237 0.113487
0 0.715461 0.274671 0.087171 0.116776
8 0.164474 0.384868 0.074013 0.123355
0 0.054276 0.495066 0.087171 0.116776
0 0.495066 0.495066 0.087171 0.116776
4 0.605263 0.495066 0.088816 0.113487
0 0.164474 0.605263 0.087171 0.116776
0 0.495066 0.605263 0.087171 0.116776
0 0.054276 0.715461 0.087171 0.116776
1 0.274671 0.715461 0.077303 0.103618
0 0.825658 0.715461 0.082237 0.113487
0 0.935855 0.825658 0.082237 0.113487
1 0.054276 0.935855 0.087171 0.105263
0 0.935855 0.935855 0.087171 0.116776
