0 0.274671 0.054276 0.078947 0.090461
0 0.164474 0.164474 0.078947 0.090461
1 0.384868 0.164474 0.078947 0.103618
12 0.164474 0.274671 0.074013 0.097039
0 0.715461 0.274671 0.078947 0.090461
0 0.935855 0.274671 0.078947 0.090461
0 0.054276 0.384868 0.078947 0.090461
0 0.715461 0.384868 0.078947 0.090461
0 0.164474 0.495066 0.078947 0.090461
9 0.274671 0.495066 0.077303 0.103618
0 0.935855 0.495066 0.078947 0.090461
0 0.054276 0.605263 0.078947 0.090461
9 0.384868 0.605263 0.077303 0.103618
0 0.935855 0.605263 0.078947 0.090461
0 0.164474 0.715461 0.078947 0.090461
4 0.384868 0.715461 0.077303 0.115132
0 0.605263 0.715461 0.078947 0.090461
8 0.164474 0.825658 0.067434 0.121711
0 0.605263 0.825658 0.078947 0.090461
0 0.715461 0.825658 0.078947 0.090461
1 0.825658 0.825658 0.078947 0.103618
0 0.384868 0.935855 0.078947 0.090461
