0 0.054276 0.054276 0.074013 0.098684
0 0.274671 0.054276 0.074013 0.098684
4 0.384868 0.055921 0.074013 0.113487
8 0.935855 0.060855 0.074013 0.123355
0 0.274671 0.164474 0.078947 0.115132
0 0.605263 0.164474 0.078947 0.115132
0 0.715461 0.164474 0.074013 0.098684
0 0.715461 0.274671 0.074013 0.098684
1 0.715461 0.384868 0.080592 0.108553
0 0.935855 0.384868 0.078947 0.115132
0 0.054276 0.495066 0.074013 0.098684
9 0.164474 0.495066 0.080592 0.105263
0 0.605263 0.495066 0.074013 0.098684
0 0.715461 0.495066 0.074013 0.098684
0 0.605263 0.605263 0.074013 0.098684
0 0.715461 0.605263 0.074013 0.098684
12 0.825658 0.605263 0.095395 0.082237
0 0.605263 0.825658 0.078947 0.115132
1 0.935855 0.825658 0.088816 0.115132
0 0.054276 0.935855 0.078947 0.115132
0 0.495066 0.935855 0.074013 0.098684
9 0.935855 0.935855 0.080592 0.105263
