0 0.054276 0.057566 0.078947 0.115132
8 0.715461 0.054276 0.072368 0.110197
0 0.935855 0.057566 0.078947 0.115132
0 0.054276 0.164474 0.078947 0.115132
0 0.495066 0.164474 0.074013 0.106908
0 0.715461 0.164474 0.074013 0.106908
9 0.935855 0.164474 0.080592 0.105263
12 0.605263 0.384868 0.080592 0.115132
0 0.054276 0.495066 0.074013 0.106908
9 0.054276 0.605263 0.080592 0.105263
0 0.164474 0.605263 0.074013 0.106908
0 0.495066 0.605263 0.078947 0.115132
0 0.384868 0.715461 0.074013 0.106908
1 0.715461 0.715461 0.088816 0.106908
1 0.274671 0.825658 0.080592 0.108553
0 0.384868 0.825658 0.074013 0.106908
0 0.605263 0.825658 0.078947 0.115132
4 0.715461 0.825658 0.065789 0.100329
0 0.164474 0.935855 0.078947 0.115132
0 0.384868 0.935855 0.078947 0.115132
0 0.715461 0.935855 0.074013 0.106908
0 0.825658 0.935855 0.074013 0.106908
