0 0.715461 0.054276 0.088816 0.106908
0 0.825658 0.054276 0.088816 0.106908
0 0.164474 0.164474 0.078947 0.090461
1 0.715461 0.164474 0.092105 0.098684
0 0.825658 0.164474 0.078947 0.090461
9 0.935855 0.164474 0.070724 0.092105
0 0.274671 0.274671 0.078947 0.090461
0 0.495066 0.274671 0.088816 0.106908
0 0.935855 0.274671 0.088816 0.106908
0 0.164474 0.384868 0.078947 0.090461
8 0.274671 0.384868 0.097039 0.105263
4 0.495066 0.384868 0.077303 0.115132
0 0.825658 0.384868 0.088816 0.106908
1 0.935855 0.384868 0.078947 0.103618
0 0.715461 0.495066 0.078947 0.090461
0 0.384868 0.605263 0.088816 0.106908
0 0.935855 0.605263 0.088816 0.106908
0 0.274671 0.715461 0.088816 0.106908
0 0.384868 0.715461 0.088816 0.106908
9 0.715461 0.715461 0.070724 0.092105
0 0.274671 0.825658 0.078947 0.090461
0 0.825658 0.825658 0.078947 0.090461
