0 0.825658 0.054276 0.078947 0.090461
0 0.164474 0.164474 0.077303 0.100329
4 0.715461 0.164474 0.078947 0.106908
0 0.825658 0.164474 0.078947 0.090461
5 0.935855 0.164474 0.077303 0.103618
0 0.274671 0.274671 0.077303 0.100329
0 0.384868 0.274671 0.077303 0.100329
0 0.495066 0.274671 0.078947 0.090461
0 0.605263 0.274671 0.077303 0.100329
9 0.935855 0.274671 0.077303 0.103618
0 0.164474 0.384868 0.078947 0.090461
0 0.935855 0.384868 0.077303 0.100329
8 0.825658 0.495066 0.067434 0.121711
9 0.935855 0.495066 0.062500 0.088816
1 0.384868 0.605263 0.083882 0.097039
0 0.935855 0.605263 0.078947 0.090461
0 0.384868 0.715461 0.077303 0.100329
0 0.935855 0.715461 0.078947 0.090461
1 0.605263 0.825658 0.083882 0.097039
0 0.715461 0.825658 0.077303 0.100329
0 0.935855 0.825658 0.077303 0.100329
0 0.054276 0.935855 0.077303 0.100329
