0 0.054276 0.054276 0.075658 0.098684
0 0.164474 0.054276 0.075658 0.098684
9 0.384868 0.164474 0.070724 0.090461
1 0.825658 0.384868 0.074013 0.103618
0 0.164474 0.495066 0.075658 0.098684
1 0.384868 0.495066 0.074013 0.103618
8 0.495066 0.495066 0.074013 0.097039
0 0.715461 0.495066 0.077303 0.098684
0 0.384868 0.605263 0.077303 0.098684
0 0.495066 0.605263 0.077303 0.098684
0 0.715461 0.605263 0.077303 0.098684
5 0.825658 0.605263 0.080592 0.097039
0 0.054276 0.715461 0.077303 0.098684
4 0.164474 0.715461 0.074013 0.134868
0 0.825658 0.715461 0.077303 0.098684
0 0.054276 0.825658 0.075658 0.098684
0 0.164474 0.825658 0.075658 0.098684
9 0.495066 0.825658 0.070724 0.090461
0 0.935855 0.825658 0.075658 0.098684
0 0.054276 0.935855 0.077303 0.098684
0 0.605263 0.935855 0.075658 0.098684
0 0.715461 0.935855 0.075658 0.098684
