0 0.054276 0.054276 0.085526 0.098684
0 0.495066 0.054276 0.085526 0.098684
0 0.054276 0.164474 0.085526 0.098684
1 0.495066 0.164474 0.080592 0.097039
12 0.825658 0.164474 0.077303 0.110197
9 0.164474 0.274671 0.078947 0.100329
0 0.274671 0.274671 0.085526 0.098684
0 0.164474 0.384868 0.078947 0.111842
0 0.274671 0.384868 0.078947 0.111842
0 0.825658 0.384868 0.078947 0.111842
8 0.605263 0.495066 0.082237 0.126645
0 0.715461 0.495066 0.078947 0.111842
0 0.605263 0.605263 0.078947 0.111842
0 0.935855 0.605263 0.085526 0.098684
0 0.054276 0.715461 0.078947 0.111842
9 0.164474 0.715461 0.078947 0.100329
4 0.605263 0.715461 0.078947 0.093750
0 0.715461 0.715461 0.078947 0.111842
1 0.054276 0.825658 0.080592 0.106908
0 0.715461 0.825658 0.078947 0.111842
0 0.825658 0.825658 0.078947 0.111842
0 0.935855 0.825658 0.085526 0.098684
