1 0.274671 0.054276 0.080592 0.097039
0 0.495066 0.164474 0.085526 0.098684
12 0.715461 0.164474 0.074013 0.095395
0 0.825658 0.164474 0.085526 0.098684
0 0.935855 0.164474 0.085526 0.110197
0 0.274671 0.274671 0.085526 0.110197
0 0.935855 0.274671 0.085526 0.098684
0 0.054276 0.384868 0.085526 0.098684
0 0.164474 0.384868 0.085526 0.098684
0 0.384868 0.384868 0.085526 0.098684
1 0.715461 0.384868 0.080592 0.097039
4 0.825658 0.384868 0.072368 0.116776
0 0.935855 0.384868 0.085526 0.110197
0 0.605263 0.495066 0.085526 0.110197
0 0.274671 0.715461 0.085526 0.098684
9 0.384868 0.715461 0.069079 0.092105
9 0.495066 0.715461 0.069079 0.083882
0 0.825658 0.715461 0.085526 0.110197
0 0.054276 0.825658 0.085526 0.110197
0 0.274671 0.825658 0.085526 0.098684
8 0.495066 0.825658 0.074013 0.123355
0 0.384868 0.935855 0.085526 0.110197
