1 0.054276 0.054276 0.088816 0.106908
0 0.164474 0.054276 0.088816 0.106908
5 0.495066 0.054276 0.082237 0.097039
0 0.605263 0.054276 0.088816 0.106908
0 0.715461 0.054276 0.077303 0.106908
0 0.825658 0.054276 0.074013 0.106908
11 0.054276 0.164474 0.087171 0.097039
0 0.384868 0.164474 0.077303 0.106908
1 0.495066 0.164474 0.078947 0.090461
0 0.935855 0.164474 0.077303 0.106908
10 0.054276 0.274671 0.067434 0.106908
0 0.164474 0.274671 0.074013 0.106908
0 0.274671 0.274671 0.077303 0.106908
11 0.495066 0.274671 0.087171 0.097039
11 0.825658 0.274671 0.080592 0.101974
10 0.495066 0.384868 0.067434 0.106908
4 0.825658 0.384868 0.065789 0.100329
0 0.935855 0.384868 0.074013 0.106908
7 0.605263 0.495066 0.075658 0.105263
1 0.715461 0.495066 0.088816 0.106908
5 0.825658 0.495066 0.077303 0.098684
0 0.935855 0.495066 0.077303 0.106908
7 0.054276 0.605263 0.075658 0.105263
9 0.164474 0.605263 0.069079 0.092105
0 0.715461 0.605263 0.074013 0.106908
11 0.935855 0.605263 0.087171 0.097039
0 0.054276 0.715461 0.074013 0.106908
4 0.164474 0.715461 0.072368 0.123355
0 0.274671 0.715461 0.074013 0.106908
10 0.384868 0.715461 0.067434 0.110197
9 0.495066 0.715461 0.070724 0.092105
11 0.605263 0.715461 0.082237 0.100329
5 0.715461 0.715461 0.080592 0.095395
13 0.164474 0.825658 0.087171 0.108553
0 0.274671 0.825658 0.088816 0.106908
1 0.495066 0.825658 0.088816 0.106908
1 0.605263 0.825658 0.092105 0.098684
4 0.825658 0.825658 0.065789 0.100329
1 0.935855 0.825658 0.088816 0.106908
8 0.164474 0.935855 0.072368 0.110197
12 0.384868 0.935855 0.075658 0.090461
8 0.605263 0.935855 0.072368 0.110197
13 0.825658 0.935855 0.080592 0.101974
9 0.935855 0.935855 0.069079 0.092105
