10 0.054276 0.054276 0.067434 0.093750
11 0.164474 0.054276 0.078947 0.095395
11 0.274671 0.054276 0.078947 0.095395
8 0.384868 0.060855 0.077303 0.121711
1 0.715461 0.054276 0.085526 0.106908
9 0.935855 0.054276 0.077303 0.097039
1 0.164474 0.164474 0.078947 0.097039
10 0.715461 0.164474 0.074013 0.121711
5 0.935855 0.164474 0.077303 0.103618
11 0.054276 0.274671 0.077303 0.116776
0 0.164474 0.274671 0.078947 0.090461
7 0.274671 0.274671 0.069079 0.101974
9 0.384868 0.274671 0.077303 0.097039
9 0.605263 0.274671 0.069079 0.092105
7 0.715461 0.274671 0.074013 0.093750
12 0.054276 0.384868 0.074013 0.097039
0 0.164474 0.384868 0.078947 0.090461
4 0.274671 0.384868 0.072368 0.116776
0 0.384868 0.384868 0.085526 0.110197
11 0.605263 0.384868 0.078947 0.095395
5 0.715461 0.384868 0.077303 0.103618
0 0.825658 0.384868 0.078947 0.090461
0 0.935855 0.384868 0.078947 0.090461
1 0.274671 0.495066 0.085526 0.106908
5 0.495066 0.495066 0.077303 0.100329
1 0.715461 0.495066 0.078947 0.097039
0 0.825658 0.495066 0.085526 0.101974
8 0.935855 0.495066 0.067434 0.121711
0 0.274671 0.605263 0.078947 0.090461
0 0.384868 0.605263 0.085526 0.110197
13 0.054276 0.715461 0.062500 0.083882
1 0.164474 0.715461 0.078947 0.097039
0 0.605263 0.715461 0.085526 0.110197
4 0.715461 0.715461 0.060855 0.113487
0 0.935855 0.715461 0.078947 0.090461
11 0.164474 0.825658 0.078947 0.095395
13 0.274671 0.825658 0.062500 0.083882
0 0.384868 0.825658 0.078947 0.090461
10 0.605263 0.825658 0.067434 0.093750
0 0.715461 0.825658 0.078947 0.090461
0 0.054276 0.935855 0.078947 0.090461
1 0.274671 0.935855 0.078947 0.097039
4 0.384868 0.935855 0.077303 0.115132
0 0.935855 0.935855 0.078947 0.090461
