13 0.054276 0.054276 0.080592 0.100329
0 0.274671 0.054276 0.075658 0.097039
8 0.384868 0.062500 0.072368 0.125000
8 0.495066 0.054276 0.085526 0.103618
9 0.715461 0.054276 0.062500 0.088816
11 0.935855 0.054276 0.083882 0.098684
0 0.384868 0.164474 0.077303 0.100329
5 0.715461 0.164474 0.082237 0.108553
1 0.825658 0.164474 0.083882 0.097039
0 0.935855 0.164474 0.077303 0.100329
0 0.054276 0.274671 0.077303 0.100329
0 0.164474 0.274671 0.078947 0.101974
1 0.274671 0.274671 0.083882 0.106908
0 0.384868 0.274671 0.077303 0.100329
0 0.605263 0.274671 0.075658 0.097039
9 0.715461 0.274671 0.074013 0.097039
13 0.825658 0.274671 0.078947 0.090461
5 0.715461 0.384868 0.074013 0.100329
0 0.825658 0.384868 0.077303 0.100329
0 0.054276 0.495066 0.078947 0.101974
5 0.164474 0.495066 0.074013 0.100329
4 0.384868 0.495066 0.078947 0.106908
0 0.605263 0.495066 0.075658 0.097039
10 0.054276 0.605263 0.072368 0.121711
1 0.164474 0.605263 0.080592 0.097039
4 0.384868 0.605263 0.078947 0.106908
11 0.495066 0.605263 0.077303 0.110197
4 0.825658 0.605263 0.078947 0.106908
7 0.935855 0.605263 0.070724 0.090461
11 0.054276 0.715461 0.070724 0.075658
10 0.274671 0.715461 0.072368 0.121711
0 0.495066 0.715461 0.077303 0.100329
9 0.605263 0.715461 0.074013 0.097039
0 0.715461 0.715461 0.078947 0.101974
0 0.054276 0.825658 0.075658 0.097039
1 0.164474 0.825658 0.080592 0.097039
11 0.605263 0.825658 0.083882 0.098684
12 0.715461 0.825658 0.077303 0.100329
1 0.825658 0.825658 0.080592 0.097039
10 0.935855 0.825658 0.070724 0.116776
11 0.054276 0.935855 0.083882 0.098684
0 0.164474 0.935855 0.077303 0.100329
1 0.715461 0.935855 0.083882 0.097039
8 0.825658 0.935855 0.072368 0.125000
