0 0.054276 0.054276 0.078947 0.101974
0 0.274671 0.054276 0.078947 0.090461
0 0.384868 0.054276 0.088816 0.110197
11 0.605263 0.054276 0.078947 0.095395
12 0.715461 0.054276 0.092105 0.098684
0 0.825658 0.054276 0.078947 0.101974
5 0.054276 0.164474 0.082237 0.108553
7 0.495066 0.164474 0.077303 0.095395
10 0.605263 0.164474 0.075658 0.103618
1 0.715461 0.164474 0.083882 0.106908
9 0.825658 0.164474 0.082237 0.088816
9 0.935855 0.164474 0.093750 0.087171
1 0.054276 0.274671 0.087171 0.105263
8 0.495066 0.274671 0.067434 0.121711
13 0.715461 0.274671 0.080592 0.100329
0 0.054276 0.384868 0.078947 0.090461
1 0.164474 0.384868 0.077303 0.093750
9 0.384868 0.384868 0.077303 0.103618
0 0.715461 0.384868 0.087171 0.116776
0 0.825658 0.384868 0.088816 0.110197
11 0.054276 0.495066 0.082237 0.100329
0 0.164474 0.495066 0.078947 0.090461
5 0.495066 0.495066 0.074013 0.101974
1 0.605263 0.495066 0.078947 0.103618
10 0.935855 0.495066 0.067434 0.093750
0 0.164474 0.605263 0.078947 0.101974
11 0.384868 0.605263 0.075658 0.080592
13 0.605263 0.605263 0.062500 0.083882
11 0.164474 0.715461 0.075658 0.080592
5 0.495066 0.715461 0.082237 0.108553
0 0.605263 0.715461 0.078947 0.090461
4 0.715461 0.715461 0.074013 0.115132
0 0.825658 0.715461 0.078947 0.090461
4 0.274671 0.825658 0.088816 0.113487
4 0.384868 0.825658 0.077303 0.115132
8 0.495066 0.825658 0.085526 0.103618
11 0.605263 0.825658 0.075658 0.080592
1 0.715461 0.825658 0.087171 0.105263
0 0.825658 0.825658 0.078947 0.090461
7 0.274671 0.935855 0.077303 0.095395
0 0.495066 0.935855 0.087171 0.116776
0 0.605263 0.935855 0.088816 0.110197
10 0.715461 0.935855 0.077303 0.106908
1 0.935855 0.935855 0.087171 0.105263
