5 0.054276 0.054276 0.077303 0.100329
11 0.164474 0.054276 0.074013 0.110197
9 0.274671 0.054276 0.069079 0.092105
9 0.825658 0.054276 0.069079 0.092105
0 0.935855 0.054276 0.088816 0.106908
11 0.164474 0.164474 0.074013 0.110197
0 0.274671 0.164474 0.085526 0.110197
4 0.384868 0.164474 0.072368 0.116776
13 0.495066 0.164474 0.080592 0.101974
1 0.605263 0.164474 0.085526 0.106908
0 0.825658 0.164474 0.078947 0.115132
11 0.054276 0.274671 0.074013 0.110197
4 0.164474 0.274671 0.072368 0.116776
1 0.605263 0.274671 0.092105 0.098684
1 0.715461 0.274671 0.085526 0.106908
0 0.935855 0.274671 0.088816 0.106908
4 0.054276 0.384868 0.062500 0.101974
5 0.274671 0.384868 0.083882 0.105263
0 0.384868 0.384868 0.088816 0.106908
0 0.495066 0.384868 0.088816 0.106908
10 0.605263 0.384868 0.070724 0.110197
0 0.054276 0.495066 0.085526 0.110197
12 0.274671 0.495066 0.074013 0.095395
11 0.495066 0.495066 0.074013 0.110197
11 0.825658 0.495066 0.074013 0.110197
8 0.164474 0.605263 0.077303 0.121711
7 0.274671 0.605263 0.069079 0.090461
0 0.384868 0.605263 0.078947 0.115132
1 0.495066 0.605263 0.085526 0.106908
10 0.605263 0.605263 0.070724 0.110197
0 0.935855 0.605263 0.078947 0.115132
0 0.054276 0.715461 0.088816 0.106908
0 0.274671 0.715461 0.088816 0.106908
1 0.605263 0.715461 0.092105 0.098684
8 0.715461 0.715461 0.097039 0.105263
10 0.054276 0.825658 0.070724 0.129934
5 0.274671 0.825658 0.077303 0.100329
0 0.384868 0.825658 0.085526 0.110197
0 0.935855 0.825658 0.085526 0.110197
9 0.054276 0.935855 0.069079 0.092105
1 0.164474 0.935855 0.080592 0.108553
0 0.384868 0.935855 0.078947 0.115132
1 0.715461 0.935855 0.080592 0.108553
13 0.825658 0.935855 0.080592 0.101974
