1 0.054276 0.054276 0.090461 0.097039
5 0.164474 0.054276 0.080592 0.095395
0 0.384868 0.055921 0.082237 0.113487
0 0.715461 0.055921 0.082237 0.113487
0 0.825658 0.055921 0.078947 0.111842
1 0.054276 0.164474 0.075658 0.103618
10 0.274671 0.164474 0.067434 0.090461
0 0.384868 0.164474 0.100329 0.087171
4 0.495066 0.164474 0.075658 0.113487
0 0.605263 0.164474 0.077303 0.092105
5 0.715461 0.164474 0.077303 0.100329
1 0.825658 0.164474 0.075658 0.103618
9 0.935855 0.164474 0.065789 0.095395
0 0.605263 0.274671 0.100329 0.087171
9 0.715461 0.274671 0.078947 0.100329
10 0.825658 0.274671 0.067434 0.090461
9 0.935855 0.274671 0.070724 0.082237
8 0.164474 0.384868 0.101974 0.106908
8 0.274671 0.384868 0.101974 0.106908
11 0.384868 0.384868 0.087171 0.103618
1 0.605263 0.384868 0.077303 0.103618
7 0.715461 0.384868 0.083882 0.072368
11 0.825658 0.384868 0.080592 0.098684
11 0.054276 0.495066 0.075658 0.101974
0 0.384868 0.495066 0.082237 0.113487
0 0.495066 0.495066 0.077303 0.092105
0 0.605263 0.495066 0.078947 0.111842
5 0.825658 0.495066 0.078947 0.097039
13 0.935855 0.495066 0.075658 0.105263
11 0.054276 0.605263 0.075658 0.101974
10 0.164474 0.605263 0.067434 0.106908
4 0.495066 0.605263 0.075658 0.113487
7 0.935855 0.605263 0.074013 0.101974
0 0.495066 0.715461 0.100329 0.087171
13 0.605263 0.715461 0.075658 0.090461
0 0.825658 0.715461 0.100329 0.087171
4 0.054276 0.825658 0.082237 0.105263
0 0.384868 0.825658 0.077303 0.092105
12 0.495066 0.825658 0.069079 0.088816
1 0.825658 0.825658 0.075658 0.103618
11 0.935855 0.825658 0.080592 0.098684
0 0.054276 0.935855 0.082237 0.113487
1 0.384868 0.935855 0.090461 0.097039
0 0.495066 0.935855 0.077303 0.092105
