0 0.274671 0.054276 0.085526 0.098684
4 0.384868 0.057566 0.074013 0.115132
1 0.605263 0.054276 0.078947 0.090461
7 0.715461 0.054276 0.067434 0.087171
0 0.825658 0.054276 0.088816 0.110197
10 0.054276 0.164474 0.069079 0.093750
10 0.274671 0.164474 0.077303 0.106908
5 0.384868 0.164474 0.077303 0.098684
7 0.495066 0.164474 0.078947 0.103618
4 0.605263 0.164474 0.074013 0.115132
0 0.825658 0.164474 0.085526 0.098684
4 0.164474 0.274671 0.078947 0.093750
9 0.274671 0.274671 0.069079 0.083882
11 0.495066 0.274671 0.082237 0.098684
0 0.605263 0.274671 0.085526 0.098684
0 0.715461 0.274671 0.085526 0.098684
11 0.054276 0.384868 0.082237 0.098684
13 0.164474 0.384868 0.078947 0.106908
5 0.384868 0.384868 0.077303 0.098684
1 0.495066 0.384868 0.077303 0.093750
1 0.605263 0.384868 0.077303 0.093750
0 0.715461 0.384868 0.085526 0.098684
9 0.054276 0.495066 0.069079 0.092105
10 0.164474 0.495066 0.069079 0.093750
0 0.274671 0.495066 0.085526 0.098684
12 0.495066 0.495066 0.078947 0.095395
0 0.605263 0.495066 0.088816 0.110197
1 0.825658 0.495066 0.078947 0.090461
0 0.935855 0.495066 0.088816 0.110197
0 0.164474 0.605263 0.088816 0.110197
5 0.715461 0.605263 0.082237 0.097039
9 0.054276 0.715461 0.069079 0.083882
0 0.274671 0.715461 0.077303 0.106908
0 0.384868 0.715461 0.088816 0.110197
11 0.495066 0.715461 0.082237 0.098684
11 0.935855 0.715461 0.080592 0.101974
0 0.274671 0.825658 0.085526 0.098684
8 0.384868 0.825658 0.074013 0.123355
0 0.495066 0.825658 0.077303 0.106908
1 0.164474 0.935855 0.077303 0.093750
8 0.274671 0.935855 0.074013 0.123355
13 0.384868 0.935855 0.075658 0.095395
11 0.605263 0.935855 0.082237 0.098684
1 0.825658 0.935855 0.078947 0.090461
