11 0.164474 0.054276 0.075658 0.080592
0 0.495066 0.057566 0.087171 0.116776
1 0.605263 0.054276 0.085526 0.106908
5 0.825658 0.054276 0.077303 0.098684
9 0.384868 0.164474 0.085526 0.077303
1 0.495066 0.164474 0.077303 0.093750
5 0.715461 0.164474 0.077303 0.098684
11 0.935855 0.164474 0.075658 0.080592
0 0.164474 0.274671 0.087171 0.116776
0 0.274671 0.274671 0.074013 0.106908
8 0.384868 0.274671 0.077303 0.118421
11 0.605263 0.274671 0.074013 0.110197
13 0.715461 0.274671 0.078947 0.106908
7 0.825658 0.274671 0.078947 0.103618
10 0.935855 0.274671 0.070724 0.110197
1 0.054276 0.384868 0.087171 0.105263
4 0.274671 0.384868 0.074013 0.115132
0 0.495066 0.384868 0.074013 0.106908
0 0.605263 0.384868 0.088816 0.110197
10 0.825658 0.384868 0.067434 0.110197
0 0.054276 0.495066 0.087171 0.116776
4 0.164474 0.495066 0.074013 0.115132
9 0.274671 0.495066 0.085526 0.077303
0 0.384868 0.495066 0.085526 0.110197
1 0.495066 0.495066 0.077303 0.093750
0 0.935855 0.495066 0.088816 0.110197
13 0.274671 0.605263 0.077303 0.095395
5 0.715461 0.605263 0.077303 0.098684
0 0.825658 0.605263 0.085526 0.110197
0 0.054276 0.715461 0.085526 0.110197
1 0.274671 0.715461 0.087171 0.105263
0 0.384868 0.715461 0.088816 0.110197
7 0.605263 0.715461 0.069079 0.101974
8 0.715461 0.715461 0.072368 0.110197
9 0.825658 0.715461 0.072368 0.087171
4 0.164474 0.825658 0.074013 0.115132
10 0.384868 0.825658 0.070724 0.110197
0 0.825658 0.825658 0.088816 0.110197
11 0.935855 0.825658 0.075658 0.080592
0 0.164474 0.935855 0.074013 0.106908
0 0.274671 0.935855 0.074013 0.106908
1 0.384868 0.935855 0.077303 0.093750
11 0.495066 0.935855 0.075658 0.080592
12 0.825658 0.935855 0.074013 0.095395
