5 0.164474 0.054276 0.077303 0.098684
1 0.274671 0.054276 0.078947 0.097039
1 0.384868 0.054276 0.077303 0.093750
1 0.495066 0.054276 0.083882 0.106908
4 0.605263 0.054276 0.065789 0.100329
0 0.715461 0.054276 0.085526 0.101974
0 0.825658 0.054276 0.074013 0.106908
11 0.054276 0.164474 0.087171 0.097039
1 0.384868 0.164474 0.078947 0.097039
10 0.605263 0.164474 0.067434 0.110197
11 0.825658 0.164474 0.087171 0.097039
1 0.935855 0.164474 0.083882 0.106908
0 0.274671 0.274671 0.088816 0.110197
10 0.605263 0.274671 0.077303 0.106908
9 0.715461 0.274671 0.082237 0.088816
4 0.825658 0.274671 0.065789 0.100329
0 0.054276 0.384868 0.074013 0.106908
5 0.605263 0.384868 0.077303 0.098684
13 0.825658 0.384868 0.080592 0.100329
0 0.935855 0.384868 0.078947 0.101974
5 0.274671 0.495066 0.072368 0.105263
0 0.495066 0.495066 0.074013 0.106908
7 0.715461 0.495066 0.077303 0.095395
9 0.935855 0.495066 0.093750 0.087171
8 0.054276 0.605263 0.077303 0.118421
0 0.164474 0.605263 0.074013 0.106908
13 0.384868 0.605263 0.077303 0.095395
10 0.495066 0.605263 0.074013 0.121711
0 0.825658 0.605263 0.085526 0.101974
9 0.935855 0.605263 0.077303 0.097039
11 0.274671 0.715461 0.082237 0.100329
12 0.495066 0.715461 0.082237 0.110197
0 0.605263 0.715461 0.085526 0.101974
4 0.715461 0.715461 0.065789 0.100329
11 0.935855 0.715461 0.077303 0.116776
0 0.054276 0.825658 0.088816 0.110197
1 0.164474 0.825658 0.077303 0.093750
0 0.384868 0.825658 0.078947 0.101974
11 0.605263 0.825658 0.082237 0.100329
8 0.715461 0.825658 0.077303 0.118421
0 0.384868 0.935855 0.078947 0.101974
0 0.495066 0.935855 0.074013 0.106908
0 0.825658 0.935855 0.085526 0.101974
7 0.935855 0.935855 0.074013 0.093750
