0 0.164474 0.054276 0.074013 0.106908
11 0.715461 0.054276 0.070724 0.075658
10 0.935855 0.054276 0.067434 0.110197
8 0.164474 0.164474 0.072368 0.110197
12 0.495066 0.164474 0.083882 0.087171
9 0.605263 0.164474 0.082237 0.088816
0 0.825658 0.164474 0.088816 0.110197
11 0.054276 0.274671 0.082237 0.100329
0 0.164474 0.274671 0.078947 0.101974
4 0.274671 0.274671 0.078947 0.106908
0 0.605263 0.274671 0.088816 0.110197
0 0.715461 0.274671 0.078947 0.101974
13 0.825658 0.274671 0.078947 0.090461
0 0.935855 0.274671 0.078947 0.101974
5 0.054276 0.384868 0.082237 0.108553
11 0.495066 0.384868 0.087171 0.097039
4 0.605263 0.384868 0.065789 0.100329
0 0.715461 0.384868 0.077303 0.100329
9 0.825658 0.384868 0.062500 0.088816
0 0.054276 0.495066 0.074013 0.106908
1 0.164474 0.495066 0.077303 0.093750
7 0.384868 0.495066 0.078947 0.103618
11 0.605263 0.495066 0.082237 0.100329
5 0.715461 0.495066 0.077303 0.098684
0 0.935855 0.495066 0.088816 0.110197
0 0.164474 0.605263 0.074013 0.106908
11 0.274671 0.605263 0.087171 0.097039
0 0.384868 0.605263 0.077303 0.100329
8 0.825658 0.605263 0.072368 0.110197
1 0.054276 0.715461 0.088816 0.106908
0 0.164474 0.715461 0.088816 0.110197
7 0.384868 0.715461 0.078947 0.103618
10 0.495066 0.715461 0.067434 0.110197
1 0.715461 0.715461 0.083882 0.097039
13 0.825658 0.715461 0.080592 0.100329
5 0.054276 0.825658 0.077303 0.098684
4 0.274671 0.825658 0.065789 0.100329
1 0.495066 0.825658 0.083882 0.106908
9 0.715461 0.825658 0.072368 0.087171
1 0.054276 0.935855 0.077303 0.093750
0 0.164474 0.935855 0.088816 0.110197
1 0.274671 0.935855 0.077303 0.093750
10 0.605263 0.935855 0.072368 0.121711
0 0.935855 0.935855 0.078947 0.101974
