1 0.054276 0.054276 0.083882 0.106908
0 0.164474 0.054276 0.075658 0.097039
0 0.384868 0.054276 0.075658 0.097039
9 0.495066 0.054276 0.093750 0.087171
9 0.605263 0.054276 0.074013 0.097039
1 0.825658 0.054276 0.080592 0.097039
9 0.935855 0.054276 0.077303 0.103618
11 0.164474 0.164474 0.077303 0.110197
0 0.274671 0.164474 0.078947 0.101974
13 0.384868 0.164474 0.062500 0.083882
1 0.495066 0.164474 0.080592 0.097039
10 0.715461 0.164474 0.067434 0.093750
4 0.054276 0.274671 0.077303 0.115132
13 0.164474 0.274671 0.062500 0.083882
0 0.274671 0.274671 0.078947 0.090461
0 0.384868 0.274671 0.075658 0.097039
1 0.605263 0.274671 0.078947 0.103618
0 0.825658 0.274671 0.078947 0.090461
11 0.935855 0.274671 0.077303 0.110197
4 0.274671 0.384868 0.069079 0.116776
1 0.825658 0.384868 0.083882 0.106908
8 0.054276 0.495066 0.072368 0.095395
11 0.164474 0.495066 0.083882 0.098684
10 0.274671 0.495066 0.075658 0.103618
0 0.384868 0.495066 0.075658 0.097039
5 0.495066 0.495066 0.082237 0.108553
5 0.715461 0.495066 0.082237 0.108553
0 0.825658 0.495066 0.075658 0.097039
1 0.935855 0.495066 0.080592 0.097039
12 0.054276 0.605263 0.074013 0.097039
8 0.164474 0.605263 0.085526 0.103618
4 0.274671 0.605263 0.105263 0.092105
10 0.384868 0.605263 0.070724 0.116776
0 0.935855 0.605263 0.075658 0.097039
0 0.054276 0.715461 0.078947 0.090461
0 0.274671 0.715461 0.075658 0.097039
0 0.605263 0.715461 0.078947 0.101974
7 0.825658 0.715461 0.070724 0.090461
7 0.935855 0.715461 0.077303 0.098684
11 0.054276 0.825658 0.083882 0.098684
0 0.274671 0.825658 0.078947 0.090461
11 0.605263 0.825658 0.083882 0.098684
0 0.715461 0.825658 0.075658 0.097039
5 0.495066 0.935855 0.074013 0.105263
