10 0.054276 0.054276 0.067434 0.110197
0 0.495066 0.054276 0.074013 0.106908
11 0.605263 0.054276 0.087171 0.106908
4 0.935855 0.054276 0.065789 0.100329
11 0.054276 0.164474 0.087171 0.097039
9 0.164474 0.164474 0.069079 0.092105
1 0.274671 0.164474 0.080592 0.106908
1 0.384868 0.164474 0.085526 0.106908
5 0.495066 0.164474 0.077303 0.100329
5 0.605263 0.164474 0.077303 0.098684
7 0.715461 0.164474 0.074013 0.101974
8 0.384868 0.274671 0.074013 0.123355
0 0.605263 0.274671 0.082237 0.113487
0 0.825658 0.274671 0.082237 0.113487
4 0.054276 0.384868 0.065789 0.100329
4 0.274671 0.384868 0.075658 0.113487
12 0.384868 0.384868 0.074013 0.095395
13 0.825658 0.384868 0.083882 0.093750
0 0.054276 0.495066 0.085526 0.110197
11 0.384868 0.495066 0.075658 0.101974
1 0.495066 0.495066 0.077303 0.103618
9 0.715461 0.495066 0.072368 0.087171
8 0.054276 0.605263 0.077303 0.121711
0 0.384868 0.605263 0.074013 0.106908
0 0.495066 0.605263 0.078947 0.111842
5 0.164474 0.715461 0.078947 0.097039
0 0.495066 0.715461 0.082237 0.113487
1 0.605263 0.715461 0.088816 0.106908
0 0.825658 0.715461 0.078947 0.111842
0 0.935855 0.715461 0.078947 0.111842
11 0.054276 0.825658 0.075658 0.101974
1 0.164474 0.825658 0.080592 0.106908
11 0.274671 0.825658 0.075658 0.101974
0 0.384868 0.825658 0.082237 0.113487
9 0.495066 0.825658 0.072368 0.087171
13 0.605263 0.825658 0.083882 0.098684
0 0.825658 0.825658 0.074013 0.106908
0 0.935855 0.825658 0.085526 0.110197
10 0.054276 0.935855 0.065789 0.126645
10 0.274671 0.935855 0.067434 0.106908
1 0.384868 0.935855 0.077303 0.103618
7 0.495066 0.935855 0.069079 0.101974
0 0.715461 0.935855 0.085526 0.110197
0 0.825658 0.935855 0.074013 0.106908
