12 0.054276 0.054276 0.078947 0.095395
4 0.715461 0.054276 0.062500 0.101974
11 0.825658 0.054276 0.082237 0.100329
5 0.054276 0.164474 0.080592 0.097039
13 0.384868 0.164474 0.075658 0.088816
1 0.605263 0.164474 0.077303 0.093750
5 0.715461 0.164474 0.080592 0.095395
9 0.935855 0.164474 0.082237 0.088816
0 0.054276 0.274671 0.077303 0.098684
0 0.164474 0.274671 0.088816 0.110197
7 0.274671 0.274671 0.078947 0.103618
5 0.495066 0.274671 0.080592 0.097039
11 0.605263 0.274671 0.082237 0.100329
1 0.935855 0.274671 0.077303 0.093750
8 0.054276 0.384868 0.077303 0.118421
8 0.164474 0.384868 0.067434 0.121711
0 0.605263 0.384868 0.078947 0.090461
0 0.054276 0.495066 0.078947 0.090461
10 0.164474 0.495066 0.069079 0.111842
0 0.605263 0.495066 0.077303 0.098684
1 0.825658 0.495066 0.092105 0.098684
0 0.274671 0.605263 0.078947 0.090461
9 0.495066 0.605263 0.070724 0.092105
10 0.825658 0.605263 0.064145 0.103618
4 0.935855 0.605263 0.074013 0.134868
13 0.054276 0.715461 0.062500 0.083882
11 0.164474 0.715461 0.078947 0.095395
1 0.274671 0.715461 0.092105 0.098684
0 0.384868 0.715461 0.078947 0.090461
7 0.605263 0.715461 0.075658 0.101974
0 0.715461 0.715461 0.088816 0.106908
11 0.054276 0.825658 0.078947 0.095395
10 0.164474 0.825658 0.069079 0.111842
0 0.274671 0.825658 0.088816 0.106908
4 0.495066 0.825658 0.077303 0.115132
0 0.605263 0.825658 0.088816 0.106908
0 0.825658 0.825658 0.078947 0.090461
9 0.164474 0.935855 0.070724 0.090461
0 0.274671 0.935855 0.088816 0.106908
1 0.384868 0.935855 0.092105 0.098684
0 0.495066 0.935855 0.088816 0.110197
11 0.605263 0.935855 0.082237 0.100329
0 0.715461 0.935855 0.078947 0.090461
1 0.825658 0.935855 0.092105 0.098684
