7 0.164474 0.054276 0.069079 0.101974
4 0.384868 0.054276 0.078947 0.093750
1 0.495066 0.054276 0.085526 0.106908
5 0.605263 0.054276 0.077303 0.098684
8 0.825658 0.060855 0.074013 0.123355
10 0.935855 0.054276 0.070724 0.110197
13 0.164474 0.164474 0.078947 0.106908
0 0.274671 0.164474 0.088816 0.110197
0 0.384868 0.164474 0.077303 0.100329
13 0.495066 0.164474 0.075658 0.095395
9 0.825658 0.164474 0.069079 0.083882
0 0.935855 0.164474 0.085526 0.098684
12 0.054276 0.274671 0.083882 0.098684
10 0.274671 0.274671 0.070724 0.110197
0 0.605263 0.274671 0.088816 0.110197
0 0.935855 0.274671 0.085526 0.098684
4 0.495066 0.384868 0.074013 0.115132
5 0.715461 0.384868 0.077303 0.098684
1 0.825658 0.384868 0.085526 0.106908
1 0.935855 0.384868 0.083882 0.097039
9 0.054276 0.495066 0.062500 0.088816
0 0.384868 0.495066 0.088816 0.110197
11 0.495066 0.495066 0.082237 0.098684
0 0.715461 0.495066 0.077303 0.100329
8 0.825658 0.495066 0.072368 0.125000
11 0.274671 0.605263 0.082237 0.100329
4 0.384868 0.605263 0.078947 0.093750
0 0.495066 0.605263 0.077303 0.100329
5 0.715461 0.605263 0.077303 0.100329
7 0.825658 0.605263 0.067434 0.087171
0 0.935855 0.605263 0.077303 0.100329
0 0.054276 0.715461 0.085526 0.110197
1 0.164474 0.715461 0.080592 0.097039
1 0.274671 0.715461 0.085526 0.106908
10 0.384868 0.715461 0.070724 0.110197
1 0.495066 0.715461 0.085526 0.106908
11 0.715461 0.715461 0.070724 0.075658
0 0.935855 0.715461 0.085526 0.098684
9 0.054276 0.825658 0.069079 0.083882
0 0.605263 0.825658 0.085526 0.110197
0 0.715461 0.825658 0.088816 0.110197
0 0.935855 0.825658 0.085526 0.110197
11 0.495066 0.935855 0.070724 0.075658
11 0.825658 0.935855 0.074013 0.110197
