0 0.274671 0.054276 0.075658 0.097039
11 0.495066 0.054276 0.077303 0.110197
0 0.605263 0.054276 0.075658 0.097039
0 0.825658 0.054276 0.075658 0.097039
11 0.935855 0.054276 0.077303 0.110197
10 0.384868 0.164474 0.070724 0.116776
9 0.495066 0.164474 0.074013 0.097039
0 0.935855 0.164474 0.075658 0.097039
1 0.054276 0.274671 0.078947 0.097039
0 0.164474 0.274671 0.085526 0.101974
10 0.274671 0.274671 0.070724 0.116776
8 0.495066 0.274671 0.072368 0.095395
13 0.605263 0.274671 0.088816 0.098684
0 0.825658 0.274671 0.075658 0.097039
4 0.935855 0.274671 0.069079 0.116776
4 0.054276 0.384868 0.069079 0.116776
7 0.164474 0.384868 0.070724 0.090461
11 0.274671 0.384868 0.077303 0.110197
1 0.384868 0.384868 0.080592 0.097039
9 0.825658 0.384868 0.074013 0.097039
9 0.164474 0.495066 0.074013 0.097039
5 0.274671 0.495066 0.074013 0.105263
1 0.495066 0.495066 0.080592 0.097039
10 0.605263 0.495066 0.074013 0.121711
12 0.825658 0.495066 0.080592 0.113487
5 0.935855 0.495066 0.074013 0.105263
11 0.274671 0.605263 0.077303 0.116776
5 0.495066 0.605263 0.074013 0.105263
0 0.825658 0.605263 0.075658 0.097039
0 0.495066 0.715461 0.085526 0.101974
0 0.605263 0.715461 0.085526 0.101974
0 0.715461 0.715461 0.075658 0.097039
0 0.935855 0.715461 0.085526 0.101974
1 0.164474 0.825658 0.080592 0.097039
0 0.384868 0.825658 0.075658 0.097039
1 0.495066 0.825658 0.080592 0.097039
7 0.605263 0.825658 0.074013 0.093750
11 0.715461 0.825658 0.077303 0.110197
1 0.825658 0.825658 0.080592 0.097039
0 0.054276 0.935855 0.075658 0.097039
13 0.274671 0.935855 0.088816 0.098684
4 0.384868 0.935855 0.060855 0.113487
8 0.825658 0.935855 0.072368 0.095395
0 0.935855 0.935855 0.085526 0.101974
