10 0.274671 0.060855 0.074013 0.121711
5 0.384868 0.054276 0.074013 0.101974
0 0.715461 0.057566 0.087171 0.116776
0 0.054276 0.164474 0.087171 0.116776
1 0.605263 0.164474 0.088816 0.106908
11 0.715461 0.164474 0.087171 0.097039
9 0.825658 0.164474 0.085526 0.077303
4 0.054276 0.274671 0.088816 0.113487
1 0.164474 0.274671 0.088816 0.106908
12 0.274671 0.274671 0.075658 0.090461
9 0.164474 0.384868 0.072368 0.087171
0 0.274671 0.384868 0.087171 0.116776
1 0.384868 0.384868 0.087171 0.105263
0 0.495066 0.384868 0.087171 0.116776
10 0.605263 0.384868 0.074013 0.121711
1 0.715461 0.384868 0.087171 0.105263
0 0.825658 0.384868 0.087171 0.116776
11 0.935855 0.384868 0.075658 0.080592
4 0.054276 0.495066 0.088816 0.113487
5 0.164474 0.495066 0.077303 0.098684
0 0.274671 0.495066 0.074013 0.106908
1 0.384868 0.495066 0.088816 0.106908
13 0.495066 0.495066 0.080592 0.100329
0 0.605263 0.495066 0.087171 0.116776
0 0.715461 0.495066 0.074013 0.106908
0 0.825658 0.495066 0.087171 0.116776
4 0.935855 0.495066 0.065789 0.100329
0 0.054276 0.605263 0.087171 0.116776
9 0.164474 0.605263 0.085526 0.077303
1 0.495066 0.605263 0.087171 0.105263
13 0.715461 0.605263 0.080592 0.100329
8 0.054276 0.715461 0.072368 0.110197
11 0.164474 0.715461 0.087171 0.097039
0 0.274671 0.715461 0.074013 0.106908
0 0.605263 0.715461 0.074013 0.106908
8 0.935855 0.715461 0.078947 0.120066
10 0.054276 0.825658 0.074013 0.121711
7 0.164474 0.825658 0.090461 0.085526
7 0.274671 0.825658 0.075658 0.105263
0 0.495066 0.825658 0.087171 0.116776
11 0.825658 0.825658 0.087171 0.097039
0 0.274671 0.935855 0.074013 0.106908
5 0.384868 0.935855 0.077303 0.098684
11 0.495066 0.935855 0.075658 0.080592
