0 0.054276 0.054276 0.077303 0.092105
9 0.164474 0.054276 0.077303 0.100329
0 0.274671 0.054276 0.075658 0.097039
13 0.495066 0.054276 0.062500 0.083882
11 0.825658 0.054276 0.075658 0.101974
0 0.054276 0.164474 0.074013 0.098684
11 0.274671 0.164474 0.075658 0.101974
0 0.495066 0.164474 0.074013 0.098684
5 0.715461 0.164474 0.074013 0.105263
7 0.935855 0.164474 0.085526 0.098684
1 0.054276 0.274671 0.088816 0.115132
8 0.164474 0.274671 0.074013 0.123355
13 0.384868 0.274671 0.083882 0.098684
0 0.605263 0.274671 0.082237 0.113487
4 0.825658 0.274671 0.082237 0.105263
0 0.935855 0.274671 0.077303 0.092105
5 0.164474 0.384868 0.074013 0.105263
11 0.274671 0.384868 0.075658 0.101974
0 0.605263 0.384868 0.082237 0.113487
11 0.825658 0.384868 0.095395 0.080592
11 0.054276 0.495066 0.095395 0.080592
0 0.164474 0.495066 0.082237 0.113487
12 0.274671 0.495066 0.095395 0.082237
0 0.495066 0.495066 0.074013 0.098684
1 0.715461 0.495066 0.077303 0.103618
7 0.935855 0.495066 0.074013 0.101974
4 0.164474 0.605263 0.082237 0.105263
9 0.274671 0.605263 0.093750 0.101974
1 0.605263 0.605263 0.088816 0.115132
9 0.715461 0.605263 0.093750 0.101974
0 0.825658 0.605263 0.082237 0.113487
4 0.935855 0.605263 0.075658 0.118421
10 0.054276 0.715461 0.070724 0.116776
1 0.164474 0.715461 0.088816 0.115132
10 0.384868 0.715461 0.080592 0.098684
0 0.605263 0.715461 0.077303 0.092105
0 0.605263 0.825658 0.077303 0.092105
0 0.825658 0.825658 0.082237 0.113487
5 0.274671 0.935855 0.078947 0.097039
1 0.495066 0.935855 0.080592 0.097039
1 0.605263 0.935855 0.088816 0.115132
0 0.715461 0.935855 0.077303 0.092105
10 0.825658 0.935855 0.080592 0.098684
8 0.935855 0.935855 0.072368 0.100329
