5 0.164474 0.054276 0.078947 0.097039
9 0.274671 0.054276 0.069079 0.092105
0 0.495066 0.057566 0.087171 0.116776
13 0.605263 0.054276 0.087171 0.108553
7 0.715461 0.054276 0.090461 0.085526
0 0.825658 0.054276 0.077303 0.106908
0 0.054276 0.164474 0.082237 0.113487
8 0.164474 0.164474 0.075658 0.111842
4 0.495066 0.164474 0.074013 0.113487
12 0.825658 0.164474 0.078947 0.092105
0 0.935855 0.164474 0.087171 0.116776
11 0.164474 0.274671 0.075658 0.080592
1 0.384868 0.274671 0.080592 0.108553
10 0.825658 0.274671 0.070724 0.129934
0 0.935855 0.274671 0.082237 0.113487
9 0.274671 0.384868 0.080592 0.105263
13 0.384868 0.384868 0.082237 0.095395
0 0.715461 0.384868 0.087171 0.116776
0 0.825658 0.384868 0.077303 0.106908
1 0.935855 0.384868 0.080592 0.108553
9 0.054276 0.495066 0.065789 0.095395
7 0.384868 0.495066 0.074013 0.101974
11 0.495066 0.495066 0.092105 0.103618
4 0.935855 0.495066 0.072368 0.123355
10 0.054276 0.605263 0.067434 0.106908
0 0.274671 0.605263 0.077303 0.106908
1 0.935855 0.605263 0.080592 0.108553
0 0.054276 0.715461 0.077303 0.106908
0 0.164474 0.715461 0.078947 0.115132
1 0.274671 0.715461 0.077303 0.103618
1 0.495066 0.715461 0.078947 0.090461
11 0.715461 0.715461 0.075658 0.101974
10 0.935855 0.715461 0.074013 0.121711
11 0.054276 0.825658 0.080592 0.101974
8 0.164474 0.825658 0.075658 0.111842
0 0.274671 0.825658 0.078947 0.115132
1 0.495066 0.825658 0.077303 0.103618
0 0.605263 0.825658 0.078947 0.115132
0 0.715461 0.825658 0.087171 0.116776
5 0.935855 0.825658 0.083882 0.105263
5 0.274671 0.935855 0.074013 0.101974
0 0.605263 0.935855 0.078947 0.115132
11 0.825658 0.935855 0.075658 0.101974
4 0.935855 0.935855 0.088816 0.113487
