4 0.054276 0.057566 0.074013 0.115132
8 0.164474 0.059211 0.077303 0.118421
13 0.384868 0.054276 0.062500 0.083882
0 0.495066 0.054276 0.088816 0.106908
0 0.605263 0.057566 0.078947 0.115132
0 0.715461 0.054276 0.088816 0.110197
0 0.825658 0.054276 0.100329 0.087171
9 0.935855 0.054276 0.070724 0.082237
7 0.274671 0.164474 0.083882 0.072368
0 0.384868 0.164474 0.100329 0.087171
10 0.495066 0.164474 0.067434 0.110197
7 0.605263 0.164474 0.075658 0.101974
8 0.715461 0.164474 0.083882 0.126645
5 0.825658 0.164474 0.088816 0.110197
4 0.935855 0.164474 0.074013 0.113487
12 0.054276 0.274671 0.075658 0.090461
0 0.274671 0.274671 0.074013 0.098684
5 0.384868 0.274671 0.077303 0.098684
9 0.605263 0.274671 0.072368 0.087171
12 0.715461 0.274671 0.080592 0.115132
7 0.825658 0.274671 0.085526 0.098684
5 0.935855 0.274671 0.077303 0.098684
7 0.054276 0.384868 0.083882 0.072368
0 0.164474 0.384868 0.100329 0.087171
1 0.274671 0.384868 0.088816 0.115132
8 0.384868 0.384868 0.101974 0.106908
8 0.495066 0.384868 0.077303 0.118421
1 0.605263 0.384868 0.088816 0.115132
1 0.715461 0.384868 0.077303 0.093750
0 0.825658 0.384868 0.100329 0.087171
5 0.054276 0.495066 0.080592 0.095395
0 0.164474 0.495066 0.100329 0.087171
0 0.274671 0.495066 0.100329 0.087171
9 0.384868 0.495066 0.070724 0.092105
4 0.495066 0.495066 0.085526 0.095395
11 0.605263 0.495066 0.087171 0.103618
0 0.715461 0.495066 0.088816 0.110197
1 0.825658 0.495066 0.090461 0.097039
0 0.935855 0.495066 0.100329 0.087171
1 0.164474 0.605263 0.090461 0.097039
0 0.274671 0.605263 0.088816 0.106908
9 0.384868 0.605263 0.080592 0.105263
0 0.935855 0.605263 0.088816 0.106908
1 0.164474 0.715461 0.088816 0.106908
4 0.274671 0.715461 0.085526 0.095395
7 0.495066 0.715461 0.083882 0.072368
10 0.715461 0.715461 0.077303 0.106908
0 0.825658 0.715461 0.078947 0.115132
9 0.935855 0.715461 0.070724 0.092105
11 0.054276 0.825658 0.087171 0.097039
10 0.164474 0.825658 0.080592 0.098684
0 0.274671 0.825658 0.074013 0.098684
9 0.384868 0.825658 0.093750 0.101974
8 0.495066 0.825658 0.101974 0.106908
0 0.605263 0.825658 0.074013 0.106908
10 0.715461 0.825658 0.069079 0.111842
11 0.825658 0.825658 0.087171 0.097039
5 0.935855 0.825658 0.080592 0.095395
4 0.054276 0.935855 0.074013 0.113487
11 0.164474 0.935855 0.087171 0.103618
10 0.384868 0.935855 0.080592 0.098684
7 0.495066 0.935855 0.075658 0.101974
0 0.605263 0.935855 0.074013 0.106908
11 0.715461 0.935855 0.082237 0.100329
5 0.825658 0.935855 0.088816 0.110197
8 0.935855 0.935855 0.101974 0.106908
