10 0.054276 0.054276 0.077303 0.106908
5 0.164474 0.054276 0.075658 0.097039
8 0.384868 0.054276 0.072368 0.100329
9 0.605263 0.054276 0.082237 0.088816
10 0.715461 0.054276 0.077303 0.106908
0 0.825658 0.054276 0.077303 0.092105
0 0.935855 0.054276 0.077303 0.092105
11 0.054276 0.164474 0.087171 0.097039
1 0.164474 0.164474 0.088816 0.106908
4 0.384868 0.164474 0.082237 0.105263
7 0.605263 0.164474 0.062500 0.093750
0 0.825658 0.164474 0.085526 0.098684
7 0.935855 0.164474 0.075658 0.105263
12 0.054276 0.274671 0.075658 0.095395
0 0.164474 0.274671 0.074013 0.106908
5 0.274671 0.274671 0.077303 0.098684
8 0.384868 0.274671 0.072368 0.110197
8 0.495066 0.274671 0.072368 0.110197
1 0.605263 0.274671 0.077303 0.093750
8 0.715461 0.274671 0.072368 0.110197
7 0.825658 0.274671 0.067434 0.087171
4 0.935855 0.274671 0.074013 0.115132
9 0.054276 0.384868 0.082237 0.088816
9 0.274671 0.384868 0.069079 0.083882
4 0.495066 0.384868 0.074013 0.115132
0 0.605263 0.384868 0.085526 0.098684
4 0.715461 0.384868 0.078947 0.093750
0 0.825658 0.384868 0.085526 0.098684
9 0.935855 0.384868 0.072368 0.087171
0 0.054276 0.495066 0.088816 0.110197
5 0.164474 0.495066 0.075658 0.097039
0 0.384868 0.495066 0.088816 0.110197
9 0.495066 0.495066 0.077303 0.100329
7 0.605263 0.495066 0.075658 0.105263
1 0.715461 0.495066 0.075658 0.103618
12 0.825658 0.495066 0.075658 0.095395
0 0.935855 0.495066 0.085526 0.098684
0 0.054276 0.605263 0.088816 0.110197
12 0.164474 0.605263 0.083882 0.098684
5 0.274671 0.605263 0.075658 0.097039
1 0.384868 0.605263 0.077303 0.093750
11 0.495066 0.605263 0.082237 0.098684
7 0.605263 0.605263 0.078947 0.103618
0 0.715461 0.605263 0.088816 0.110197
0 0.054276 0.715461 0.088816 0.110197
13 0.164474 0.715461 0.077303 0.095395
0 0.274671 0.715461 0.085526 0.098684
9 0.384868 0.715461 0.069079 0.083882
9 0.495066 0.715461 0.072368 0.087171
10 0.605263 0.715461 0.074013 0.106908
0 0.715461 0.715461 0.088816 0.110197
5 0.825658 0.715461 0.075658 0.097039
0 0.935855 0.715461 0.085526 0.098684
11 0.164474 0.825658 0.082237 0.098684
1 0.274671 0.825658 0.080592 0.097039
10 0.384868 0.825658 0.069079 0.093750
0 0.605263 0.825658 0.077303 0.092105
11 0.825658 0.825658 0.082237 0.098684
5 0.054276 0.935855 0.077303 0.098684
0 0.164474 0.935855 0.088816 0.110197
4 0.274671 0.935855 0.078947 0.093750
7 0.495066 0.935855 0.075658 0.105263
1 0.605263 0.935855 0.075658 0.103618
11 0.715461 0.935855 0.080592 0.098684
0 0.825658 0.935855 0.085526 0.098684
10 0.935855 0.935855 0.074013 0.106908
