0 0.054276 0.054276 0.074013 0.098684
5 0.164474 0.054276 0.080592 0.097039
10 0.274671 0.055921 0.069079 0.111842
0 0.384868 0.054276 0.088816 0.106908
4 0.495066 0.067434 0.074013 0.134868
0 0.605263 0.054276 0.074013 0.098684
4 0.715461 0.054276 0.065789 0.100329
8 0.825658 0.054276 0.097039 0.105263
0 0.935855 0.054276 0.077303 0.098684
0 0.274671 0.164474 0.077303 0.098684
12 0.384868 0.164474 0.088816 0.090461
0 0.495066 0.164474 0.074013 0.106908
9 0.605263 0.164474 0.070724 0.092105
0 0.715461 0.164474 0.088816 0.106908
4 0.825658 0.164474 0.075658 0.118421
12 0.935855 0.164474 0.088816 0.090461
11 0.054276 0.274671 0.082237 0.100329
0 0.164474 0.274671 0.100329 0.087171
11 0.274671 0.274671 0.080592 0.090461
5 0.384868 0.274671 0.088816 0.110197
9 0.495066 0.274671 0.070724 0.090461
5 0.605263 0.274671 0.077303 0.098684
8 0.715461 0.274671 0.097039 0.105263
8 0.825658 0.274671 0.101974 0.106908
0 0.935855 0.274671 0.100329 0.087171
8 0.054276 0.384868 0.097039 0.105263
7 0.164474 0.384868 0.075658 0.101974
0 0.274671 0.384868 0.074013 0.098684
5 0.495066 0.384868 0.080592 0.095395
0 0.605263 0.384868 0.088816 0.106908
10 0.715461 0.384868 0.069079 0.111842
4 0.825658 0.384868 0.062500 0.101974
10 0.935855 0.384868 0.067434 0.110197
0 0.054276 0.495066 0.088816 0.106908
8 0.164474 0.495066 0.101974 0.106908
10 0.384868 0.495066 0.069079 0.111842
0 0.495066 0.495066 0.074013 0.098684
7 0.605263 0.495066 0.075658 0.105263
13 0.715461 0.495066 0.077303 0.095395
7 0.825658 0.495066 0.075658 0.101974
1 0.935855 0.495066 0.092105 0.098684
9 0.164474 0.605263 0.070724 0.092105
7 0.274671 0.605263 0.075658 0.101974
1 0.384868 0.605263 0.074013 0.103618
1 0.495066 0.605263 0.092105 0.098684
0 0.605263 0.605263 0.074013 0.106908
1 0.715461 0.605263 0.090461 0.097039
1 0.825658 0.605263 0.088816 0.106908
9 0.164474 0.715461 0.070724 0.092105
0 0.274671 0.715461 0.074013 0.106908
5 0.384868 0.715461 0.077303 0.098684
4 0.605263 0.715461 0.065789 0.100329
12 0.715461 0.715461 0.088816 0.090461
0 0.825658 0.715461 0.074013 0.106908
7 0.935855 0.715461 0.082237 0.103618
11 0.054276 0.825658 0.087171 0.097039
11 0.164474 0.825658 0.082237 0.100329
11 0.274671 0.825658 0.087171 0.097039
0 0.384868 0.825658 0.088816 0.106908
5 0.715461 0.825658 0.080592 0.095395
10 0.935855 0.825658 0.069079 0.111842
7 0.164474 0.935855 0.075658 0.101974
9 0.384868 0.935855 0.070724 0.092105
1 0.605263 0.935855 0.074013 0.103618
9 0.715461 0.935855 0.070724 0.092105
0 0.825658 0.935855 0.074013 0.098684
