1 0.054276 0.054276 0.077303 0.103618
11 0.164474 0.054276 0.095395 0.080592
9 0.274671 0.054276 0.074013 0.097039
10 0.384868 0.054276 0.080592 0.098684
5 0.495066 0.054276 0.077303 0.100329
8 0.605263 0.054276 0.072368 0.095395
8 0.715461 0.060855 0.074013 0.123355
0 0.825658 0.054276 0.074013 0.098684
4 0.935855 0.057566 0.074013 0.115132
9 0.054276 0.164474 0.082237 0.088816
1 0.164474 0.164474 0.080592 0.097039
5 0.274671 0.164474 0.077303 0.100329
1 0.384868 0.164474 0.088816 0.115132
0 0.495066 0.164474 0.074013 0.098684
12 0.605263 0.164474 0.095395 0.082237
0 0.715461 0.164474 0.082237 0.113487
0 0.935855 0.164474 0.078947 0.111842
1 0.054276 0.274671 0.088816 0.115132
4 0.274671 0.274671 0.067434 0.120066
0 0.384868 0.274671 0.088816 0.110197
4 0.495066 0.274671 0.074013 0.115132
11 0.605263 0.274671 0.075658 0.101974
0 0.715461 0.274671 0.082237 0.113487
0 0.825658 0.274671 0.074013 0.098684
11 0.935855 0.274671 0.095395 0.080592
9 0.274671 0.384868 0.093750 0.101974
0 0.495066 0.384868 0.075658 0.097039
8 0.605263 0.384868 0.074013 0.123355
0 0.715461 0.384868 0.075658 0.097039
11 0.935855 0.384868 0.082237 0.100329
4 0.274671 0.495066 0.067434 0.120066
7 0.384868 0.495066 0.070724 0.090461
1 0.495066 0.495066 0.088816 0.115132
13 0.605263 0.495066 0.062500 0.083882
10 0.715461 0.495066 0.065789 0.126645
1 0.825658 0.495066 0.080592 0.097039
0 0.935855 0.495066 0.088816 0.110197
0 0.054276 0.605263 0.074013 0.098684
12 0.164474 0.605263 0.078947 0.092105
9 0.384868 0.605263 0.093750 0.101974
5 0.605263 0.605263 0.088816 0.110197
0 0.715461 0.605263 0.074013 0.098684
11 0.825658 0.605263 0.095395 0.080592
5 0.054276 0.715461 0.074013 0.105263
5 0.164474 0.715461 0.088816 0.110197
7 0.274671 0.715461 0.074013 0.101974
0 0.384868 0.715461 0.082237 0.113487
10 0.495066 0.715461 0.080592 0.098684
0 0.605263 0.715461 0.075658 0.097039
7 0.715461 0.715461 0.074013 0.101974
4 0.825658 0.715461 0.075658 0.118421
9 0.935855 0.715461 0.074013 0.097039
7 0.054276 0.825658 0.085526 0.098684
10 0.164474 0.825658 0.077303 0.106908
7 0.274671 0.825658 0.077303 0.095395
12 0.384868 0.825658 0.095395 0.082237
8 0.495066 0.825658 0.077303 0.118421
0 0.715461 0.825658 0.074013 0.098684
0 0.825658 0.825658 0.078947 0.101974
0 0.054276 0.935855 0.078947 0.101974
0 0.164474 0.935855 0.078947 0.111842
10 0.274671 0.935855 0.067434 0.106908
8 0.384868 0.935855 0.074013 0.123355
9 0.605263 0.935855 0.093750 0.087171
5 0.715461 0.935855 0.078947 0.097039
7 0.825658 0.935855 0.070724 0.093750
