0 0.054276 0.054276 0.100329 0.087171
7 0.164474 0.054276 0.083882 0.072368
11 0.274671 0.054276 0.080592 0.098684
11 0.384868 0.054276 0.080592 0.098684
10 0.495066 0.060855 0.072368 0.121711
11 0.605263 0.054276 0.080592 0.090461
10 0.715461 0.054276 0.067434 0.090461
9 0.825658 0.054276 0.070724 0.082237
0 0.054276 0.164474 0.100329 0.087171
8 0.164474 0.164474 0.072368 0.100329
7 0.274671 0.164474 0.062500 0.093750
1 0.495066 0.164474 0.074013 0.103618
9 0.825658 0.164474 0.070724 0.082237
0 0.935855 0.164474 0.077303 0.092105
8 0.054276 0.274671 0.072368 0.100329
5 0.164474 0.274671 0.080592 0.095395
8 0.274671 0.274671 0.072368 0.125000
0 0.384868 0.274671 0.077303 0.092105
0 0.495066 0.274671 0.077303 0.100329
8 0.605263 0.274671 0.072368 0.100329
10 0.715461 0.274671 0.064145 0.103618
12 0.825658 0.274671 0.101974 0.085526
5 0.935855 0.274671 0.082237 0.108553
9 0.054276 0.384868 0.077303 0.100329
0 0.164474 0.384868 0.100329 0.087171
0 0.274671 0.384868 0.100329 0.087171
0 0.495066 0.384868 0.077303 0.092105
9 0.605263 0.384868 0.077303 0.100329
5 0.825658 0.384868 0.080592 0.095395
7 0.054276 0.495066 0.062500 0.093750
7 0.164474 0.495066 0.062500 0.093750
11 0.495066 0.495066 0.070724 0.075658
4 0.605263 0.495066 0.085526 0.095395
0 0.715461 0.495066 0.077303 0.092105
10 0.825658 0.495066 0.067434 0.090461
9 0.935855 0.495066 0.070724 0.090461
0 0.164474 0.605263 0.100329 0.087171
5 0.274671 0.605263 0.080592 0.095395
12 0.384868 0.605263 0.078947 0.095395
1 0.495066 0.605263 0.075658 0.103618
7 0.605263 0.605263 0.078947 0.085526
4 0.715461 0.605263 0.085526 0.095395
4 0.935855 0.605263 0.082237 0.105263
0 0.054276 0.715461 0.077303 0.098684
12 0.164474 0.715461 0.101974 0.085526
11 0.274671 0.715461 0.080592 0.090461
0 0.384868 0.715461 0.100329 0.087171
5 0.495066 0.715461 0.082237 0.108553
13 0.605263 0.715461 0.100329 0.077303
0 0.715461 0.715461 0.077303 0.098684
0 0.825658 0.715461 0.077303 0.092105
5 0.935855 0.715461 0.080592 0.095395
7 0.054276 0.825658 0.062500 0.093750
1 0.274671 0.825658 0.074013 0.103618
4 0.384868 0.825658 0.082237 0.105263
1 0.605263 0.825658 0.074013 0.103618
0 0.715461 0.825658 0.077303 0.098684
0 0.825658 0.825658 0.077303 0.092105
10 0.935855 0.825658 0.072368 0.121711
0 0.054276 0.935855 0.077303 0.092105
1 0.384868 0.935855 0.075658 0.103618
9 0.495066 0.935855 0.070724 0.082237
1 0.605263 0.935855 0.075658 0.103618
0 0.715461 0.935855 0.077303 0.092105
4 0.825658 0.935855 0.082237 0.105263
9 0.935855 0.935855 0.070724 0.090461
