11 0.054276 0.057566 0.077303 0.116776
5 0.164474 0.054276 0.077303 0.098684
1 0.274671 0.054276 0.077303 0.093750
12 0.384868 0.054276 0.082237 0.110197
0 0.495066 0.054276 0.085526 0.098684
7 0.605263 0.054276 0.069079 0.097039
0 0.715461 0.054276 0.085526 0.098684
10 0.825658 0.054276 0.069079 0.093750
4 0.935855 0.060855 0.072368 0.123355
10 0.054276 0.164474 0.067434 0.090461
1 0.164474 0.164474 0.078947 0.090461
12 0.384868 0.164474 0.075658 0.095395
4 0.495066 0.164474 0.078947 0.093750
0 0.605263 0.164474 0.088816 0.110197
0 0.715461 0.164474 0.100329 0.087171
13 0.825658 0.164474 0.075658 0.095395
0 0.935855 0.164474 0.100329 0.087171
10 0.274671 0.274671 0.070724 0.116776
7 0.384868 0.274671 0.074013 0.093750
8 0.605263 0.274671 0.075658 0.111842
0 0.715461 0.274671 0.085526 0.101974
5 0.825658 0.274671 0.080592 0.095395
9 0.935855 0.274671 0.074013 0.097039
9 0.164474 0.384868 0.070724 0.082237
0 0.274671 0.384868 0.088816 0.110197
1 0.384868 0.384868 0.090461 0.097039
0 0.495066 0.384868 0.100329 0.087171
0 0.715461 0.384868 0.077303 0.106908
11 0.825658 0.384868 0.082237 0.100329
11 0.935855 0.384868 0.087171 0.103618
9 0.054276 0.495066 0.074013 0.097039
9 0.384868 0.495066 0.074013 0.097039
8 0.495066 0.495066 0.101974 0.093750
4 0.605263 0.495066 0.085526 0.095395
11 0.715461 0.495066 0.087171 0.103618
5 0.935855 0.495066 0.077303 0.098684
5 0.054276 0.605263 0.080592 0.095395
10 0.164474 0.605263 0.069079 0.093750
0 0.274671 0.605263 0.100329 0.087171
12 0.384868 0.605263 0.082237 0.110197
7 0.495066 0.605263 0.070724 0.090461
8 0.605263 0.605263 0.101974 0.093750
9 0.935855 0.605263 0.082237 0.088816
1 0.164474 0.715461 0.090461 0.097039
0 0.274671 0.715461 0.075658 0.097039
5 0.384868 0.715461 0.082237 0.097039
0 0.495066 0.715461 0.075658 0.097039
1 0.605263 0.715461 0.090461 0.097039
9 0.715461 0.715461 0.069079 0.083882
10 0.935855 0.715461 0.067434 0.090461
0 0.054276 0.825658 0.088816 0.110197
5 0.164474 0.825658 0.074013 0.105263
4 0.274671 0.825658 0.078947 0.093750
4 0.495066 0.825658 0.060855 0.113487
0 0.605263 0.825658 0.100329 0.087171
0 0.715461 0.825658 0.077303 0.106908
7 0.825658 0.825658 0.078947 0.103618
7 0.935855 0.825658 0.074013 0.093750
7 0.054276 0.935855 0.070724 0.090461
11 0.164474 0.935855 0.077303 0.116776
7 0.274671 0.935855 0.074013 0.093750
0 0.384868 0.935855 0.088816 0.110197
1 0.495066 0.935855 0.080592 0.097039
0 0.605263 0.935855 0.085526 0.098684
8 0.715461 0.935855 0.072368 0.095395
0 0.935855 0.935855 0.088816 0.110197
