0 0.054276 0.054276 0.077303 0.098684
0 0.164474 0.054276 0.077303 0.098684
5 0.274671 0.054276 0.080592 0.097039
8 0.384868 0.054276 0.074013 0.097039
1 0.495066 0.057566 0.088816 0.115132
9 0.605263 0.054276 0.069079 0.092105
4 0.715461 0.054276 0.085526 0.095395
12 0.825658 0.054276 0.078947 0.095395
0 0.054276 0.164474 0.074013 0.098684
5 0.164474 0.164474 0.088816 0.110197
0 0.384868 0.164474 0.100329 0.087171
5 0.495066 0.164474 0.080592 0.095395
11 0.605263 0.164474 0.080592 0.090461
11 0.715461 0.164474 0.080592 0.101974
1 0.054276 0.274671 0.078947 0.090461
11 0.164474 0.274671 0.087171 0.103618
5 0.274671 0.274671 0.088816 0.110197
0 0.384868 0.274671 0.074013 0.098684
8 0.495066 0.274671 0.101974 0.106908
0 0.715461 0.274671 0.074013 0.098684
7 0.825658 0.274671 0.085526 0.098684
0 0.054276 0.384868 0.077303 0.106908
0 0.164474 0.384868 0.077303 0.098684
7 0.274671 0.384868 0.083882 0.072368
8 0.384868 0.384868 0.075658 0.111842
0 0.495066 0.384868 0.074013 0.098684
5 0.605263 0.384868 0.082237 0.108553
4 0.715461 0.384868 0.075658 0.118421
4 0.825658 0.384868 0.075658 0.118421
10 0.935855 0.384868 0.080592 0.098684
4 0.054276 0.495066 0.105263 0.092105
0 0.164474 0.495066 0.074013 0.098684
0 0.274671 0.495066 0.078947 0.101974
0 0.384868 0.495066 0.077303 0.098684
8 0.495066 0.495066 0.074013 0.123355
1 0.715461 0.495066 0.088816 0.115132
1 0.825658 0.495066 0.090461 0.097039
13 0.935855 0.495066 0.062500 0.083882
10 0.054276 0.605263 0.080592 0.098684
9 0.164474 0.605263 0.070724 0.082237
4 0.274671 0.605263 0.105263 0.092105
0 0.384868 0.605263 0.077303 0.106908
7 0.495066 0.605263 0.069079 0.097039
9 0.605263 0.605263 0.069079 0.092105
1 0.825658 0.605263 0.083882 0.106908
0 0.935855 0.605263 0.077303 0.098684
7 0.054276 0.715461 0.085526 0.098684
10 0.274671 0.715461 0.067434 0.106908
0 0.384868 0.715461 0.077303 0.098684
9 0.495066 0.715461 0.093750 0.101974
9 0.605263 0.715461 0.093750 0.101974
12 0.825658 0.715461 0.083882 0.087171
1 0.935855 0.715461 0.074013 0.103618
0 0.054276 0.825658 0.077303 0.106908
11 0.164474 0.825658 0.095395 0.080592
10 0.274671 0.825658 0.080592 0.098684
11 0.384868 0.825658 0.095395 0.080592
5 0.495066 0.825658 0.088816 0.110197
10 0.715461 0.825658 0.067434 0.106908
0 0.825658 0.825658 0.074013 0.098684
8 0.935855 0.825658 0.075658 0.111842
7 0.054276 0.935855 0.082237 0.103618
9 0.164474 0.935855 0.093750 0.087171
7 0.384868 0.935855 0.085526 0.098684
8 0.715461 0.935855 0.101974 0.106908
0 0.935855 0.935855 0.074013 0.098684
