11 0.054276 0.054276 0.078947 0.095395
4 0.164474 0.054276 0.085526 0.095395
12 0.274671 0.054276 0.078947 0.095395
0 0.495066 0.054276 0.088816 0.110197
4 0.605263 0.054276 0.085526 0.095395
8 0.825658 0.054276 0.101974 0.106908
5 0.935855 0.054276 0.088816 0.110197
0 0.054276 0.164474 0.078947 0.090461
0 0.164474 0.164474 0.077303 0.098684
12 0.274671 0.164474 0.074013 0.097039
9 0.384868 0.164474 0.070724 0.090461
0 0.495066 0.164474 0.088816 0.110197
8 0.715461 0.164474 0.074013 0.097039
9 0.825658 0.164474 0.070724 0.090461
0 0.935855 0.164474 0.078947 0.090461
4 0.054276 0.274671 0.075658 0.118421
8 0.164474 0.274671 0.101974 0.106908
5 0.384868 0.274671 0.077303 0.098684
9 0.495066 0.274671 0.070724 0.082237
1 0.605263 0.274671 0.074013 0.103618
5 0.825658 0.274671 0.077303 0.103618
11 0.935855 0.274671 0.078947 0.095395
10 0.054276 0.384868 0.067434 0.093750
0 0.164474 0.384868 0.074013 0.098684
0 0.274671 0.384868 0.077303 0.098684
5 0.384868 0.384868 0.088816 0.110197
7 0.495066 0.384868 0.077303 0.098684
4 0.715461 0.384868 0.077303 0.115132
4 0.825658 0.384868 0.085526 0.095395
8 0.935855 0.384868 0.067434 0.121711
8 0.054276 0.495066 0.077303 0.118421
0 0.164474 0.495066 0.088816 0.110197
0 0.274671 0.495066 0.078947 0.090461
1 0.384868 0.495066 0.074013 0.103618
1 0.495066 0.495066 0.088816 0.115132
7 0.605263 0.495066 0.083882 0.072368
0 0.715461 0.495066 0.074013 0.098684
11 0.935855 0.495066 0.087171 0.103618
7 0.054276 0.605263 0.083882 0.072368
8 0.274671 0.605263 0.067434 0.121711
10 0.384868 0.605263 0.067434 0.093750
11 0.605263 0.605263 0.087171 0.103618
9 0.715461 0.605263 0.070724 0.090461
0 0.825658 0.605263 0.074013 0.098684
7 0.935855 0.605263 0.082237 0.103618
10 0.054276 0.715461 0.064145 0.103618
0 0.274671 0.715461 0.078947 0.090461
5 0.495066 0.715461 0.077303 0.103618
0 0.605263 0.715461 0.088816 0.110197
10 0.715461 0.715461 0.064145 0.103618
10 0.825658 0.715461 0.067434 0.093750
13 0.935855 0.715461 0.062500 0.083882
1 0.054276 0.825658 0.078947 0.103618
1 0.274671 0.825658 0.088816 0.115132
0 0.384868 0.825658 0.078947 0.090461
5 0.495066 0.825658 0.077303 0.103618
0 0.715461 0.825658 0.077303 0.098684
9 0.825658 0.825658 0.093750 0.101974
0 0.935855 0.825658 0.074013 0.098684
7 0.054276 0.935855 0.078947 0.103618
11 0.164474 0.935855 0.087171 0.103618
7 0.384868 0.935855 0.077303 0.098684
9 0.605263 0.935855 0.093750 0.101974
0 0.715461 0.935855 0.078947 0.090461
1 0.825658 0.935855 0.088816 0.115132
0 0.935855 0.935855 0.077303 0.098684
