11 0.054276 0.054276 0.074013 0.110197
0 0.274671 0.054276 0.078947 0.101974
9 0.495066 0.054276 0.077303 0.100329
9 0.605263 0.054276 0.070724 0.082237
10 0.715461 0.054276 0.075658 0.103618
4 0.825658 0.054276 0.085526 0.095395
1 0.935855 0.054276 0.085526 0.106908
7 0.054276 0.164474 0.062500 0.093750
8 0.164474 0.164474 0.085526 0.103618
5 0.274671 0.164474 0.080592 0.097039
4 0.384868 0.164474 0.072368 0.116776
12 0.495066 0.164474 0.069079 0.088816
0 0.605263 0.164474 0.078947 0.101974
11 0.715461 0.164474 0.087171 0.097039
11 0.825658 0.164474 0.087171 0.103618
8 0.935855 0.164474 0.077303 0.121711
0 0.054276 0.274671 0.077303 0.092105
8 0.164474 0.274671 0.072368 0.110197
4 0.274671 0.274671 0.072368 0.116776
0 0.384868 0.274671 0.077303 0.098684
9 0.495066 0.274671 0.070724 0.090461
7 0.605263 0.274671 0.075658 0.105263
0 0.715461 0.274671 0.078947 0.101974
1 0.054276 0.384868 0.088816 0.106908
5 0.164474 0.384868 0.077303 0.100329
0 0.274671 0.384868 0.077303 0.098684
0 0.495066 0.384868 0.100329 0.087171
1 0.715461 0.384868 0.083882 0.106908
10 0.825658 0.384868 0.074013 0.106908
0 0.935855 0.384868 0.078947 0.101974
10 0.054276 0.495066 0.074013 0.106908
1 0.164474 0.495066 0.083882 0.106908
7 0.384868 0.495066 0.069079 0.101974
10 0.495066 0.495066 0.074013 0.106908
8 0.605263 0.495066 0.074013 0.097039
1 0.715461 0.495066 0.074013 0.103618
0 0.825658 0.495066 0.077303 0.098684
1 0.935855 0.495066 0.074013 0.103618
7 0.164474 0.605263 0.082237 0.103618
0 0.274671 0.605263 0.077303 0.098684
5 0.384868 0.605263 0.082237 0.108553
11 0.715461 0.605263 0.087171 0.097039
5 0.935855 0.605263 0.080592 0.095395
0 0.054276 0.715461 0.077303 0.098684
9 0.164474 0.715461 0.070724 0.082237
11 0.274671 0.715461 0.087171 0.103618
0 0.495066 0.715461 0.077303 0.098684
5 0.605263 0.715461 0.080592 0.095395
0 0.715461 0.715461 0.085526 0.110197
8 0.825658 0.715461 0.074013 0.097039
8 0.054276 0.825658 0.072368 0.100329
12 0.164474 0.825658 0.101974 0.085526
5 0.274671 0.825658 0.080592 0.095395
13 0.384868 0.825658 0.080592 0.100329
0 0.495066 0.825658 0.085526 0.110197
4 0.605263 0.825658 0.105263 0.092105
10 0.715461 0.825658 0.067434 0.110197
9 0.825658 0.825658 0.070724 0.082237
0 0.935855 0.825658 0.074013 0.106908
9 0.054276 0.935855 0.072368 0.087171
4 0.274671 0.935855 0.085526 0.095395
0 0.384868 0.935855 0.078947 0.101974
0 0.495066 0.935855 0.078947 0.101974
7 0.715461 0.935855 0.077303 0.095395
0 0.825658 0.935855 0.077303 0.098684
7 0.935855 0.935855 0.062500 0.093750
