7 0.054276 0.054276 0.074013 0.093750
7 0.164474 0.054276 0.077303 0.098684
4 0.274671 0.055921 0.060855 0.113487
11 0.384868 0.057566 0.077303 0.116776
0 0.605263 0.054276 0.088816 0.106908
12 0.715461 0.054276 0.082237 0.110197
0 0.935855 0.055921 0.082237 0.113487
9 0.054276 0.164474 0.065789 0.095395
10 0.164474 0.164474 0.067434 0.106908
0 0.274671 0.164474 0.082237 0.113487
11 0.495066 0.164474 0.077303 0.116776
1 0.605263 0.164474 0.078947 0.103618
1 0.715461 0.164474 0.078947 0.097039
10 0.825658 0.164474 0.074013 0.121711
0 0.935855 0.164474 0.075658 0.098684
1 0.054276 0.274671 0.077303 0.103618
8 0.164474 0.274671 0.067434 0.121711
7 0.274671 0.274671 0.077303 0.098684
11 0.384868 0.274671 0.077303 0.116776
11 0.605263 0.274671 0.078947 0.085526
0 0.715461 0.274671 0.085526 0.101974
4 0.825658 0.274671 0.075658 0.113487
0 0.935855 0.274671 0.078947 0.090461
0 0.054276 0.384868 0.088816 0.106908
0 0.384868 0.384868 0.078947 0.090461
5 0.495066 0.384868 0.077303 0.103618
9 0.605263 0.384868 0.070724 0.092105
10 0.715461 0.384868 0.067434 0.106908
5 0.825658 0.384868 0.078947 0.097039
0 0.935855 0.384868 0.082237 0.113487
4 0.054276 0.495066 0.075658 0.113487
0 0.164474 0.495066 0.085526 0.101974
10 0.384868 0.495066 0.074013 0.121711
8 0.495066 0.495066 0.101974 0.093750
8 0.605263 0.495066 0.074013 0.123355
8 0.715461 0.495066 0.074013 0.123355
0 0.825658 0.495066 0.082237 0.113487
1 0.935855 0.495066 0.078947 0.097039
4 0.054276 0.605263 0.075658 0.113487
5 0.164474 0.605263 0.080592 0.101974
0 0.274671 0.605263 0.085526 0.101974
1 0.384868 0.605263 0.092105 0.098684
0 0.495066 0.605263 0.078947 0.090461
1 0.715461 0.605263 0.078947 0.097039
4 0.825658 0.605263 0.075658 0.113487
0 0.935855 0.605263 0.078947 0.090461
0 0.054276 0.715461 0.078947 0.090461
0 0.164474 0.715461 0.078947 0.090461
9 0.384868 0.715461 0.070724 0.090461
12 0.495066 0.715461 0.078947 0.092105
11 0.715461 0.715461 0.078947 0.085526
9 0.825658 0.715461 0.070724 0.092105
0 0.935855 0.715461 0.082237 0.113487
7 0.054276 0.825658 0.085526 0.098684
5 0.164474 0.825658 0.080592 0.095395
9 0.274671 0.825658 0.065789 0.095395
13 0.495066 0.825658 0.074013 0.085526
9 0.825658 0.825658 0.065789 0.095395
5 0.935855 0.825658 0.078947 0.097039
7 0.054276 0.935855 0.085526 0.098684
7 0.164474 0.935855 0.074013 0.101974
0 0.495066 0.935855 0.088816 0.106908
10 0.605263 0.935855 0.074013 0.121711
12 0.715461 0.935855 0.082237 0.110197
5 0.825658 0.935855 0.080592 0.101974
8 0.935855 0.935855 0.101974 0.093750
