0 0.054276 0.054276 0.075658 0.098684
11 0.164474 0.054276 0.092105 0.103618
0 0.274671 0.054276 0.075658 0.098684
0 0.384868 0.054276 0.085526 0.110197
0 0.605263 0.054276 0.077303 0.092105
12 0.825658 0.054276 0.069079 0.088816
5 0.935855 0.054276 0.077303 0.100329
7 0.054276 0.164474 0.062500 0.093750
5 0.164474 0.164474 0.083882 0.105263
1 0.274671 0.164474 0.080592 0.108553
0 0.495066 0.164474 0.075658 0.098684
8 0.715461 0.164474 0.072368 0.100329
12 0.825658 0.164474 0.069079 0.088816
0 0.935855 0.164474 0.075658 0.098684
5 0.054276 0.274671 0.077303 0.100329
10 0.384868 0.274671 0.070724 0.129934
0 0.605263 0.274671 0.075658 0.098684
4 0.715461 0.274671 0.082237 0.105263
9 0.935855 0.274671 0.065789 0.095395
0 0.054276 0.384868 0.082237 0.113487
0 0.164474 0.384868 0.077303 0.092105
10 0.274671 0.384868 0.070724 0.129934
5 0.384868 0.384868 0.078947 0.097039
7 0.495066 0.384868 0.069079 0.101974
9 0.605263 0.384868 0.070724 0.090461
1 0.715461 0.384868 0.075658 0.103618
13 0.825658 0.384868 0.074013 0.085526
12 0.935855 0.384868 0.069079 0.088816
9 0.054276 0.495066 0.069079 0.092105
0 0.164474 0.495066 0.082237 0.113487
11 0.274671 0.495066 0.092105 0.103618
8 0.495066 0.495066 0.074013 0.123355
8 0.605263 0.495066 0.072368 0.100329
1 0.715461 0.495066 0.075658 0.103618
0 0.825658 0.495066 0.085526 0.110197
11 0.935855 0.495066 0.080592 0.098684
9 0.054276 0.605263 0.065789 0.095395
5 0.164474 0.605263 0.082237 0.108553
0 0.274671 0.605263 0.082237 0.113487
4 0.384868 0.605263 0.075658 0.133224
4 0.495066 0.605263 0.074013 0.113487
9 0.715461 0.605263 0.065789 0.095395
7 0.825658 0.605263 0.074013 0.101974
11 0.935855 0.605263 0.078947 0.085526
9 0.054276 0.715461 0.065789 0.095395
0 0.274671 0.715461 0.085526 0.110197
0 0.384868 0.715461 0.082237 0.113487
0 0.495066 0.715461 0.075658 0.098684
7 0.715461 0.715461 0.062500 0.093750
0 0.825658 0.715461 0.085526 0.110197
4 0.935855 0.715461 0.074013 0.113487
10 0.054276 0.825658 0.070724 0.110197
10 0.164474 0.825658 0.074013 0.106908
1 0.274671 0.825658 0.080592 0.108553
11 0.384868 0.825658 0.080592 0.098684
1 0.605263 0.825658 0.080592 0.108553
1 0.825658 0.825658 0.080592 0.108553
4 0.935855 0.825658 0.075658 0.133224
8 0.054276 0.935855 0.083882 0.126645
0 0.164474 0.935855 0.075658 0.098684
10 0.274671 0.934211 0.070724 0.129934
8 0.384868 0.935855 0.072368 0.100329
7 0.605263 0.935855 0.069079 0.090461
0 0.715461 0.935855 0.077303 0.092105
7 0.825658 0.935855 0.069079 0.101974
5 0.935855 0.935855 0.083882 0.105263
