0 0.054276 0.054276 0.077303 0.100329
0 0.164474 0.054276 0.078947 0.101974
10 0.274671 0.060855 0.074013 0.121711
11 0.384868 0.057566 0.077303 0.116776
0 0.495066 0.054276 0.078947 0.101974
5 0.605263 0.054276 0.074013 0.100329
11 0.715461 0.054276 0.083882 0.098684
0 0.825658 0.054276 0.088816 0.110197
13 0.935855 0.054276 0.078947 0.090461
9 0.274671 0.164474 0.077303 0.097039
1 0.384868 0.164474 0.088816 0.106908
0 0.605263 0.164474 0.074013 0.106908
9 0.715461 0.164474 0.077303 0.097039
4 0.825658 0.164474 0.074013 0.115132
12 0.935855 0.164474 0.082237 0.110197
5 0.054276 0.274671 0.072368 0.105263
10 0.164474 0.274671 0.067434 0.110197
8 0.274671 0.274671 0.101974 0.093750
4 0.495066 0.274671 0.078947 0.106908
4 0.605263 0.274671 0.065789 0.100329
10 0.715461 0.274671 0.077303 0.106908
1 0.825658 0.274671 0.088816 0.106908
7 0.935855 0.274671 0.078947 0.085526
9 0.164474 0.384868 0.077303 0.097039
0 0.274671 0.384868 0.078947 0.101974
7 0.384868 0.384868 0.074013 0.093750
9 0.495066 0.384868 0.072368 0.087171
1 0.605263 0.384868 0.078947 0.097039
1 0.715461 0.384868 0.083882 0.106908
8 0.825658 0.384868 0.101974 0.093750
7 0.935855 0.384868 0.074013 0.093750
0 0.054276 0.495066 0.088816 0.110197
0 0.164474 0.495066 0.077303 0.100329
5 0.495066 0.495066 0.077303 0.098684
11 0.605263 0.495066 0.087171 0.097039
10 0.715461 0.495066 0.067434 0.110197
7 0.935855 0.495066 0.078947 0.085526
0 0.164474 0.605263 0.085526 0.101974
9 0.274671 0.605263 0.077303 0.097039
4 0.384868 0.605263 0.105263 0.092105
0 0.495066 0.605263 0.085526 0.101974
1 0.605263 0.605263 0.078947 0.097039
5 0.715461 0.605263 0.072368 0.105263
0 0.935855 0.605263 0.085526 0.101974
8 0.054276 0.715461 0.072368 0.110197
0 0.164474 0.715461 0.085526 0.101974
5 0.274671 0.715461 0.077303 0.098684
10 0.384868 0.715461 0.072368 0.121711
1 0.825658 0.715461 0.083882 0.097039
0 0.935855 0.715461 0.085526 0.101974
5 0.054276 0.825658 0.072368 0.105263
0 0.274671 0.825658 0.074013 0.106908
11 0.384868 0.825658 0.077303 0.116776
0 0.495066 0.825658 0.085526 0.101974
9 0.605263 0.825658 0.077303 0.097039
8 0.715461 0.825658 0.085526 0.103618
7 0.825658 0.825658 0.078947 0.085526
4 0.054276 0.935855 0.065789 0.100329
12 0.164474 0.935855 0.082237 0.110197
0 0.274671 0.935855 0.077303 0.100329
7 0.384868 0.935855 0.078947 0.103618
8 0.495066 0.935855 0.101974 0.093750
12 0.605263 0.935855 0.082237 0.110197
0 0.715461 0.935855 0.077303 0.100329
11 0.825658 0.935855 0.070724 0.075658
0 0.935855 0.935855 0.077303 0.100329
