10 0.054276 0.062500 0.065789 0.126645
1 0.164474 0.054276 0.088816 0.106908
11 0.274671 0.054276 0.095395 0.080592
4 0.384868 0.059211 0.067434 0.120066
5 0.495066 0.054276 0.077303 0.100329
9 0.605263 0.054276 0.093750 0.087171
1 0.825658 0.054276 0.085526 0.106908
4 0.935855 0.059211 0.067434 0.120066
5 0.054276 0.164474 0.082237 0.108553
0 0.274671 0.164474 0.078947 0.111842
9 0.384868 0.164474 0.078947 0.100329
0 0.495066 0.164474 0.074013 0.098684
4 0.605263 0.164474 0.067434 0.120066
0 0.715461 0.164474 0.074013 0.106908
0 0.825658 0.164474 0.078947 0.111842
0 0.054276 0.274671 0.074013 0.106908
1 0.164474 0.274671 0.080592 0.106908
9 0.274671 0.274671 0.093750 0.087171
0 0.495066 0.274671 0.085526 0.110197
0 0.605263 0.274671 0.085526 0.110197
1 0.715461 0.274671 0.080592 0.106908
0 0.825658 0.274671 0.078947 0.101974
8 0.935855 0.274671 0.077303 0.121711
10 0.054276 0.384868 0.075658 0.103618
8 0.164474 0.384868 0.085526 0.103618
4 0.274671 0.384868 0.067434 0.120066
11 0.384868 0.384868 0.087171 0.106908
0 0.715461 0.384868 0.078947 0.101974
4 0.825658 0.384868 0.105263 0.092105
8 0.935855 0.384868 0.082237 0.126645
12 0.054276 0.495066 0.095395 0.082237
0 0.164474 0.495066 0.085526 0.110197
1 0.274671 0.495066 0.083882 0.106908
0 0.384868 0.495066 0.074013 0.106908
7 0.495066 0.495066 0.077303 0.095395
0 0.715461 0.495066 0.078947 0.101974
9 0.825658 0.495066 0.093750 0.101974
0 0.935855 0.495066 0.074013 0.098684
5 0.054276 0.605263 0.088816 0.110197
10 0.164474 0.605263 0.065789 0.126645
7 0.274671 0.605263 0.085526 0.098684
5 0.384868 0.605263 0.082237 0.108553
5 0.495066 0.605263 0.077303 0.100329
7 0.605263 0.605263 0.070724 0.093750
9 0.715461 0.605263 0.078947 0.100329
9 0.825658 0.605263 0.072368 0.087171
9 0.054276 0.715461 0.072368 0.087171
8 0.274671 0.715461 0.085526 0.103618
7 0.384868 0.715461 0.077303 0.095395
12 0.495066 0.715461 0.083882 0.087171
11 0.715461 0.715461 0.087171 0.106908
11 0.825658 0.715461 0.087171 0.106908
0 0.935855 0.715461 0.074013 0.106908
13 0.054276 0.825658 0.062500 0.083882
12 0.164474 0.825658 0.077303 0.110197
0 0.274671 0.825658 0.078947 0.111842
5 0.384868 0.825658 0.077303 0.100329
10 0.495066 0.825658 0.070724 0.110197
0 0.715461 0.825658 0.078947 0.111842
0 0.825658 0.825658 0.074013 0.098684
1 0.935855 0.825658 0.085526 0.106908
7 0.164474 0.935855 0.069079 0.101974
7 0.274671 0.935855 0.085526 0.098684
10 0.605263 0.935855 0.067434 0.110197
11 0.825658 0.935855 0.087171 0.106908
0 0.935855 0.935855 0.074013 0.098684
