0 0.164474 0.054276 0.074013 0.098684
0 0.274671 0.054276 0.075658 0.098684
0 0.384868 0.057566 0.078947 0.115132
11 0.495066 0.054276 0.092105 0.103618
7 0.605263 0.054276 0.085526 0.098684
9 0.715461 0.054276 0.093750 0.101974
0 0.825658 0.054276 0.078947 0.090461
11 0.935855 0.054276 0.078947 0.085526
7 0.164474 0.164474 0.070724 0.093750
9 0.274671 0.164474 0.070724 0.090461
0 0.495066 0.164474 0.075658 0.098684
1 0.605263 0.164474 0.078947 0.103618
5 0.715461 0.164474 0.080592 0.101974
10 0.825658 0.164474 0.070724 0.129934
4 0.935855 0.164474 0.075658 0.118421
5 0.274671 0.274671 0.077303 0.103618
1 0.495066 0.274671 0.080592 0.108553
7 0.605263 0.274671 0.070724 0.093750
0 0.825658 0.274671 0.078947 0.090461
5 0.935855 0.274671 0.080592 0.101974
8 0.054276 0.384868 0.074013 0.123355
1 0.274671 0.384868 0.078947 0.106908
5 0.384868 0.384868 0.077303 0.100329
0 0.495066 0.384868 0.077303 0.106908
13 0.605263 0.384868 0.062500 0.083882
0 0.715461 0.384868 0.078947 0.111842
12 0.935855 0.384868 0.095395 0.082237
9 0.054276 0.495066 0.069079 0.092105
10 0.164474 0.495066 0.070724 0.129934
0 0.274671 0.495066 0.078947 0.090461
7 0.384868 0.495066 0.069079 0.090461
8 0.605263 0.495066 0.083882 0.126645
1 0.715461 0.495066 0.080592 0.106908
11 0.825658 0.495066 0.092105 0.103618
0 0.935855 0.495066 0.078947 0.115132
8 0.054276 0.605263 0.067434 0.121711
0 0.274671 0.605263 0.077303 0.106908
1 0.495066 0.605263 0.080592 0.106908
0 0.605263 0.605263 0.077303 0.106908
0 0.715461 0.605263 0.078947 0.090461
8 0.825658 0.605263 0.083882 0.126645
10 0.935855 0.605263 0.070724 0.105263
5 0.054276 0.715461 0.077303 0.103618
0 0.164474 0.715461 0.078947 0.111842
0 0.274671 0.715461 0.078947 0.111842
10 0.384868 0.715461 0.080592 0.098684
4 0.495066 0.715461 0.067434 0.120066
12 0.605263 0.715461 0.080592 0.115132
0 0.715461 0.715461 0.075658 0.098684
7 0.825658 0.715461 0.070724 0.093750
1 0.935855 0.715461 0.080592 0.106908
8 0.054276 0.825658 0.082237 0.126645
4 0.164474 0.825658 0.075658 0.118421
11 0.274671 0.825658 0.078947 0.085526
9 0.384868 0.825658 0.069079 0.092105
8 0.495066 0.825658 0.074013 0.123355
10 0.605263 0.825658 0.070724 0.105263
9 0.715461 0.825658 0.080592 0.105263
4 0.825658 0.825658 0.072368 0.123355
11 0.935855 0.825658 0.087171 0.106908
0 0.054276 0.935855 0.078947 0.090461
7 0.274671 0.935855 0.069079 0.090461
9 0.384868 0.935855 0.093750 0.101974
5 0.605263 0.935855 0.077303 0.103618
0 0.825658 0.935855 0.078947 0.115132
4 0.935855 0.935855 0.072368 0.123355
