0 0.054276 0.055921 0.082237 0.113487
0 0.164474 0.054276 0.074013 0.098684
1 0.274671 0.054276 0.085526 0.106908
12 0.495066 0.054276 0.074013 0.095395
10 0.605263 0.054276 0.067434 0.106908
4 0.935855 0.059211 0.075658 0.118421
1 0.054276 0.164474 0.088816 0.115132
4 0.384868 0.164474 0.075658 0.118421
0 0.495066 0.164474 0.085526 0.110197
11 0.605263 0.164474 0.074013 0.110197
4 0.825658 0.164474 0.075658 0.113487
7 0.054276 0.274671 0.069079 0.101974
1 0.164474 0.274671 0.085526 0.106908
0 0.274671 0.274671 0.074013 0.098684
5 0.495066 0.274671 0.078947 0.097039
0 0.605263 0.274671 0.082237 0.113487
5 0.715461 0.274671 0.072368 0.105263
0 0.825658 0.274671 0.085526 0.101974
10 0.935855 0.274671 0.064145 0.103618
7 0.054276 0.384868 0.082237 0.103618
0 0.164474 0.384868 0.077303 0.098684
10 0.495066 0.384868 0.074013 0.121711
1 0.605263 0.384868 0.077303 0.103618
0 0.715461 0.384868 0.074013 0.098684
9 0.825658 0.384868 0.093750 0.101974
9 0.054276 0.495066 0.065789 0.095395
5 0.164474 0.495066 0.072368 0.105263
9 0.384868 0.495066 0.065789 0.095395
11 0.495066 0.495066 0.074013 0.110197
11 0.605263 0.495066 0.095395 0.080592
0 0.715461 0.495066 0.082237 0.113487
0 0.825658 0.495066 0.085526 0.110197
11 0.935855 0.495066 0.075658 0.101974
7 0.164474 0.605263 0.074013 0.093750
10 0.274671 0.605263 0.067434 0.106908
8 0.384868 0.605263 0.074013 0.123355
9 0.495066 0.605263 0.065789 0.095395
9 0.605263 0.605263 0.070724 0.090461
0 0.715461 0.605263 0.082237 0.113487
8 0.825658 0.605263 0.074013 0.123355
11 0.054276 0.715461 0.075658 0.101974
13 0.164474 0.715461 0.083882 0.093750
4 0.274671 0.715461 0.074013 0.134868
9 0.384868 0.715461 0.065789 0.095395
8 0.605263 0.715461 0.074013 0.123355
0 0.715461 0.715461 0.074013 0.098684
5 0.825658 0.715461 0.080592 0.097039
1 0.935855 0.715461 0.078947 0.097039
7 0.054276 0.825658 0.085526 0.098684
0 0.164474 0.825658 0.085526 0.110197
0 0.274671 0.825658 0.085526 0.110197
0 0.384868 0.825658 0.082237 0.113487
5 0.495066 0.825658 0.077303 0.100329
10 0.605263 0.825658 0.067434 0.106908
7 0.715461 0.825658 0.085526 0.098684
8 0.825658 0.825658 0.074013 0.097039
5 0.935855 0.825658 0.078947 0.097039
0 0.054276 0.935855 0.074013 0.098684
7 0.164474 0.935855 0.074013 0.101974
1 0.274671 0.935855 0.085526 0.106908
4 0.384868 0.935855 0.075658 0.113487
0 0.495066 0.935855 0.085526 0.110197
12 0.605263 0.935855 0.078947 0.095395
0 0.715461 0.935855 0.082237 0.113487
12 0.825658 0.935855 0.078947 0.095395
8 0.935855 0.935855 0.074013 0.123355
