8 0.054276 0.054276 0.070724 0.092105
0 0.384868 0.054276 0.074013 0.106908
4 0.495066 0.059211 0.075658 0.118421
12 0.605263 0.054276 0.095395 0.082237
5 0.715461 0.054276 0.088816 0.110197
0 0.935855 0.054276 0.077303 0.106908
4 0.164474 0.164474 0.065789 0.100329
11 0.384868 0.164474 0.095395 0.080592
10 0.495066 0.164474 0.067434 0.110197
10 0.605263 0.164474 0.070724 0.105263
9 0.715461 0.164474 0.069079 0.092105
0 0.825658 0.164474 0.074013 0.098684
10 0.935855 0.164474 0.070724 0.105263
1 0.054276 0.274671 0.080592 0.106908
0 0.164474 0.274671 0.077303 0.106908
0 0.274671 0.274671 0.074013 0.098684
1 0.384868 0.274671 0.078947 0.106908
5 0.495066 0.274671 0.077303 0.098684
8 0.605263 0.274671 0.074013 0.123355
0 0.715461 0.274671 0.075658 0.098684
0 0.935855 0.274671 0.074013 0.098684
4 0.054276 0.384868 0.072368 0.123355
0 0.274671 0.384868 0.074013 0.106908
0 0.384868 0.384868 0.074013 0.098684
0 0.495066 0.384868 0.078947 0.111842
1 0.605263 0.384868 0.080592 0.106908
4 0.715461 0.384868 0.075658 0.118421
5 0.935855 0.384868 0.077303 0.100329
7 0.164474 0.495066 0.085526 0.098684
1 0.274671 0.495066 0.088816 0.115132
7 0.384868 0.495066 0.085526 0.098684
1 0.495066 0.495066 0.088816 0.115132
0 0.605263 0.495066 0.077303 0.106908
0 0.825658 0.495066 0.077303 0.106908
12 0.935855 0.495066 0.095395 0.082237
9 0.054276 0.605263 0.093750 0.101974
9 0.164474 0.605263 0.093750 0.101974
11 0.274671 0.605263 0.087171 0.097039
12 0.384868 0.605263 0.083882 0.093750
10 0.495066 0.605263 0.067434 0.110197
0 0.825658 0.605263 0.075658 0.098684
7 0.935855 0.605263 0.085526 0.098684
0 0.054276 0.715461 0.074013 0.106908
5 0.164474 0.715461 0.088816 0.110197
5 0.274671 0.715461 0.088816 0.110197
8 0.495066 0.715461 0.070724 0.092105
8 0.605263 0.715461 0.070724 0.092105
8 0.715461 0.715461 0.070724 0.092105
13 0.935855 0.715461 0.077303 0.095395
0 0.054276 0.825658 0.078947 0.111842
0 0.164474 0.825658 0.077303 0.106908
5 0.384868 0.825658 0.088816 0.110197
7 0.495066 0.825658 0.085526 0.098684
4 0.605263 0.825658 0.067434 0.120066
11 0.715461 0.825658 0.078947 0.085526
10 0.825658 0.825658 0.065789 0.126645
0 0.935855 0.825658 0.075658 0.098684
9 0.054276 0.935855 0.078947 0.100329
11 0.164474 0.935855 0.080592 0.101974
7 0.274671 0.935855 0.070724 0.093750
9 0.384868 0.935855 0.093750 0.101974
0 0.495066 0.935855 0.074013 0.098684
7 0.605263 0.935855 0.085526 0.098684
1 0.715461 0.935855 0.088816 0.106908
9 0.825658 0.935855 0.072368 0.087171
11 0.935855 0.935855 0.080592 0.101974
