0 0.054276 0.055921 0.082237 0.113487
0 0.164474 0.054276 0.078947 0.101974
1 0.384868 0.054276 0.083882 0.106908
0 0.605263 0.054276 0.078947 0.101974
10 0.825658 0.054276 0.075658 0.103618
9 0.054276 0.164474 0.093750 0.087171
12 0.164474 0.164474 0.083882 0.087171
0 0.384868 0.164474 0.078947 0.101974
7 0.495066 0.164474 0.074013 0.101974
12 0.605263 0.164474 0.083882 0.087171
1 0.715461 0.164474 0.077303 0.103618
4 0.825658 0.164474 0.105263 0.092105
8 0.935855 0.164474 0.085526 0.103618
7 0.054276 0.274671 0.077303 0.095395
0 0.164474 0.274671 0.078947 0.101974
10 0.274671 0.274671 0.075658 0.103618
9 0.384868 0.274671 0.093750 0.087171
0 0.495066 0.274671 0.078947 0.101974
7 0.605263 0.274671 0.077303 0.095395
0 0.825658 0.274671 0.078947 0.090461
5 0.054276 0.384868 0.082237 0.108553
0 0.164474 0.384868 0.078947 0.101974
11 0.274671 0.384868 0.075658 0.101974
11 0.384868 0.384868 0.083882 0.098684
5 0.495066 0.384868 0.077303 0.103618
0 0.605263 0.384868 0.082237 0.113487
4 0.825658 0.384868 0.105263 0.092105
0 0.935855 0.384868 0.082237 0.113487
4 0.054276 0.495066 0.105263 0.092105
9 0.164474 0.495066 0.093750 0.087171
4 0.274671 0.495066 0.105263 0.092105
0 0.384868 0.495066 0.078947 0.090461
7 0.495066 0.495066 0.077303 0.095395
0 0.825658 0.495066 0.078947 0.090461
8 0.054276 0.605263 0.085526 0.103618
0 0.164474 0.605263 0.078947 0.101974
0 0.274671 0.605263 0.082237 0.113487
4 0.384868 0.605263 0.105263 0.092105
9 0.605263 0.605263 0.093750 0.087171
0 0.715461 0.605263 0.078947 0.101974
1 0.825658 0.605263 0.083882 0.106908
9 0.935855 0.605263 0.093750 0.087171
1 0.274671 0.715461 0.083882 0.106908
10 0.384868 0.715461 0.067434 0.106908
5 0.495066 0.715461 0.078947 0.097039
9 0.605263 0.715461 0.093750 0.087171
5 0.715461 0.715461 0.078947 0.097039
7 0.825658 0.715461 0.077303 0.095395
5 0.935855 0.715461 0.078947 0.097039
0 0.054276 0.825658 0.078947 0.090461
0 0.164474 0.825658 0.078947 0.090461
5 0.274671 0.825658 0.082237 0.108553
11 0.384868 0.825658 0.083882 0.098684
8 0.495066 0.825658 0.074013 0.123355
0 0.605263 0.825658 0.082237 0.113487
8 0.715461 0.825658 0.085526 0.103618
13 0.825658 0.825658 0.083882 0.098684
12 0.935855 0.825658 0.083882 0.087171
1 0.054276 0.935855 0.077303 0.103618
11 0.164474 0.935855 0.083882 0.098684
10 0.274671 0.935855 0.067434 0.093750
11 0.384868 0.935855 0.075658 0.101974
9 0.605263 0.935855 0.093750 0.087171
1 0.715461 0.935855 0.077303 0.103618
10 0.825658 0.935855 0.067434 0.093750
7 0.935855 0.935855 0.077303 0.095395
