5 0.164474 0.054276 0.075658 0.097039
12 0.274671 0.054276 0.069079 0.088816
13 0.384868 0.054276 0.075658 0.095395
7 0.495066 0.054276 0.074013 0.093750
1 0.605263 0.054276 0.083882 0.106908
4 0.715461 0.054276 0.105263 0.092105
10 0.825658 0.060855 0.074013 0.121711
4 0.935855 0.054276 0.078947 0.093750
7 0.164474 0.164474 0.062500 0.093750
4 0.274671 0.164474 0.082237 0.105263
0 0.384868 0.164474 0.078947 0.101974
0 0.495066 0.164474 0.078947 0.101974
0 0.715461 0.164474 0.085526 0.101974
0 0.825658 0.164474 0.100329 0.087171
0 0.935855 0.164474 0.077303 0.092105
0 0.054276 0.274671 0.077303 0.092105
7 0.164474 0.274671 0.083882 0.072368
5 0.274671 0.274671 0.072368 0.105263
0 0.384868 0.274671 0.078947 0.101974
10 0.495066 0.274671 0.074013 0.106908
0 0.605263 0.274671 0.100329 0.087171
11 0.715461 0.274671 0.087171 0.103618
1 0.825658 0.274671 0.075658 0.103618
0 0.935855 0.274671 0.085526 0.098684
4 0.054276 0.384868 0.078947 0.093750
5 0.164474 0.384868 0.075658 0.097039
10 0.274671 0.384868 0.074013 0.106908
1 0.384868 0.384868 0.083882 0.106908
1 0.495066 0.384868 0.090461 0.097039
11 0.605263 0.384868 0.087171 0.103618
9 0.715461 0.384868 0.077303 0.097039
12 0.825658 0.384868 0.083882 0.098684
0 0.935855 0.384868 0.085526 0.098684
9 0.054276 0.495066 0.077303 0.100329
10 0.164474 0.495066 0.075658 0.103618
9 0.274671 0.495066 0.077303 0.100329
0 0.384868 0.495066 0.077303 0.092105
8 0.495066 0.495066 0.072368 0.100329
7 0.605263 0.495066 0.074013 0.093750
8 0.715461 0.495066 0.074013 0.123355
5 0.935855 0.495066 0.080592 0.095395
11 0.054276 0.605263 0.082237 0.098684
4 0.164474 0.605263 0.078947 0.093750
10 0.274671 0.605263 0.074013 0.121711
7 0.495066 0.605263 0.062500 0.093750
8 0.605263 0.605263 0.085526 0.103618
5 0.715461 0.605263 0.072368 0.105263
0 0.935855 0.605263 0.077303 0.092105
9 0.054276 0.715461 0.069079 0.083882
11 0.164474 0.715461 0.083882 0.098684
0 0.605263 0.715461 0.078947 0.101974
0 0.715461 0.715461 0.100329 0.087171
1 0.935855 0.715461 0.078947 0.097039
7 0.164474 0.825658 0.083882 0.072368
1 0.274671 0.825658 0.075658 0.103618
0 0.715461 0.825658 0.077303 0.092105
5 0.825658 0.825658 0.072368 0.105263
9 0.935855 0.825658 0.070724 0.082237
8 0.054276 0.935855 0.101974 0.106908
0 0.164474 0.935855 0.085526 0.101974
0 0.274671 0.935855 0.078947 0.101974
8 0.384868 0.935855 0.072368 0.100329
11 0.495066 0.935855 0.080592 0.098684
9 0.605263 0.935855 0.069079 0.083882
0 0.715461 0.935855 0.077303 0.092105
12 0.935855 0.935855 0.083882 0.087171
