9 0.274671 0.054276 0.077303 0.103618
1 0.384868 0.054276 0.083882 0.097039
0 0.495066 0.054276 0.078947 0.090461
5 0.605263 0.054276 0.074013 0.100329
11 0.715461 0.054276 0.092105 0.103618
8 0.825658 0.062500 0.072368 0.125000
5 0.935855 0.054276 0.077303 0.100329
0 0.054276 0.164474 0.078947 0.111842
10 0.164474 0.164474 0.065789 0.126645
7 0.274671 0.164474 0.078947 0.085526
0 0.384868 0.164474 0.085526 0.101974
4 0.495066 0.164474 0.060855 0.113487
0 0.605263 0.164474 0.087171 0.116776
4 0.715461 0.164474 0.060855 0.113487
0 0.825658 0.164474 0.085526 0.101974
0 0.935855 0.164474 0.078947 0.090461
9 0.164474 0.274671 0.077303 0.097039
5 0.274671 0.274671 0.074013 0.100329
0 0.495066 0.274671 0.078947 0.090461
4 0.605263 0.274671 0.077303 0.115132
4 0.715461 0.274671 0.074013 0.113487
5 0.825658 0.274671 0.077303 0.100329
1 0.274671 0.384868 0.080592 0.108553
5 0.384868 0.384868 0.083882 0.105263
4 0.495066 0.384868 0.067434 0.120066
0 0.605263 0.384868 0.077303 0.100329
8 0.935855 0.384868 0.101974 0.093750
12 0.054276 0.495066 0.077303 0.110197
7 0.164474 0.495066 0.069079 0.090461
8 0.274671 0.495066 0.082237 0.126645
9 0.384868 0.495066 0.062500 0.088816
0 0.495066 0.495066 0.077303 0.100329
11 0.605263 0.495066 0.070724 0.075658
11 0.715461 0.495066 0.077303 0.116776
11 0.825658 0.495066 0.087171 0.106908
8 0.935855 0.495066 0.083882 0.126645
0 0.054276 0.605263 0.085526 0.101974
12 0.164474 0.605263 0.074013 0.097039
1 0.274671 0.605263 0.078947 0.103618
7 0.384868 0.605263 0.077303 0.098684
10 0.495066 0.605263 0.074013 0.121711
8 0.605263 0.605263 0.101974 0.093750
0 0.825658 0.605263 0.087171 0.116776
9 0.935855 0.605263 0.077303 0.097039
11 0.054276 0.715461 0.087171 0.106908
10 0.164474 0.715461 0.067434 0.093750
7 0.274671 0.715461 0.069079 0.090461
9 0.384868 0.715461 0.062500 0.088816
7 0.495066 0.715461 0.074013 0.093750
0 0.605263 0.715461 0.078947 0.115132
1 0.825658 0.715461 0.078947 0.103618
10 0.054276 0.825658 0.074013 0.121711
0 0.164474 0.825658 0.077303 0.100329
9 0.274671 0.825658 0.078947 0.100329
1 0.495066 0.825658 0.080592 0.108553
0 0.605263 0.825658 0.078947 0.090461
5 0.715461 0.825658 0.074013 0.101974
7 0.825658 0.825658 0.078947 0.085526
0 0.054276 0.935855 0.078947 0.115132
0 0.164474 0.935855 0.087171 0.116776
10 0.274671 0.935855 0.065789 0.126645
8 0.384868 0.935855 0.083882 0.126645
0 0.495066 0.935855 0.085526 0.101974
13 0.605263 0.935855 0.082237 0.095395
0 0.715461 0.935855 0.085526 0.101974
1 0.825658 0.935855 0.078947 0.097039
