0 0.054276 0.054276 0.085526 0.110197
4 0.164474 0.057566 0.069079 0.116776
5 0.274671 0.054276 0.074013 0.105263
0 0.384868 0.054276 0.085526 0.110197
1 0.495066 0.054276 0.085526 0.106908
0 0.605263 0.054276 0.085526 0.110197
0 0.715461 0.057566 0.078947 0.115132
11 0.825658 0.054276 0.077303 0.110197
1 0.935855 0.054276 0.085526 0.106908
8 0.054276 0.164474 0.101974 0.093750
0 0.164474 0.164474 0.074013 0.098684
5 0.274671 0.164474 0.088816 0.110197
0 0.384868 0.164474 0.085526 0.110197
12 0.495066 0.164474 0.080592 0.113487
5 0.605263 0.164474 0.088816 0.110197
9 0.715461 0.164474 0.069079 0.092105
0 0.825658 0.164474 0.075658 0.097039
4 0.935855 0.164474 0.074013 0.113487
13 0.164474 0.274671 0.062500 0.083882
7 0.384868 0.274671 0.069079 0.090461
4 0.495066 0.274671 0.069079 0.116776
8 0.715461 0.274671 0.072368 0.125000
9 0.825658 0.274671 0.062500 0.088816
7 0.935855 0.274671 0.069079 0.090461
7 0.054276 0.384868 0.085526 0.098684
1 0.164474 0.384868 0.080592 0.097039
12 0.274671 0.384868 0.077303 0.100329
0 0.384868 0.384868 0.074013 0.098684
8 0.495066 0.384868 0.074013 0.123355
5 0.605263 0.384868 0.088816 0.110197
8 0.715461 0.384868 0.072368 0.125000
9 0.825658 0.384868 0.077303 0.097039
0 0.384868 0.495066 0.075658 0.097039
0 0.495066 0.495066 0.085526 0.101974
4 0.715461 0.495066 0.060855 0.113487
0 0.054276 0.605263 0.077303 0.100329
7 0.164474 0.605263 0.085526 0.098684
0 0.274671 0.605263 0.075658 0.097039
9 0.384868 0.605263 0.069079 0.092105
11 0.495066 0.605263 0.074013 0.110197
10 0.605263 0.605263 0.080592 0.098684
1 0.715461 0.605263 0.085526 0.106908
8 0.825658 0.605263 0.072368 0.095395
10 0.935855 0.605263 0.080592 0.098684
7 0.054276 0.715461 0.085526 0.098684
8 0.164474 0.715461 0.077303 0.121711
0 0.274671 0.715461 0.074013 0.098684
10 0.495066 0.715461 0.080592 0.098684
11 0.605263 0.715461 0.074013 0.110197
0 0.715461 0.715461 0.077303 0.100329
11 0.825658 0.715461 0.074013 0.110197
10 0.935855 0.715461 0.080592 0.098684
0 0.054276 0.825658 0.075658 0.097039
1 0.164474 0.825658 0.088816 0.115132
11 0.274671 0.825658 0.074013 0.110197
5 0.495066 0.825658 0.072368 0.105263
0 0.605263 0.825658 0.075658 0.097039
1 0.715461 0.825658 0.083882 0.097039
9 0.825658 0.825658 0.062500 0.088816
7 0.935855 0.825658 0.070724 0.090461
9 0.054276 0.935855 0.074013 0.097039
5 0.164474 0.935855 0.083882 0.105263
0 0.274671 0.935855 0.075658 0.097039
4 0.495066 0.935855 0.075658 0.118421
0 0.715461 0.935855 0.075658 0.097039
10 0.825658 0.935855 0.070724 0.116776
