0 0.164474 0.054276 0.077303 0.100329
0 0.715461 0.054276 0.075658 0.097039
7 0.935855 0.054276 0.070724 0.090461
0 0.825658 0.164474 0.075658 0.097039
7 0.935855 0.164474 0.070724 0.090461
0 0.384868 0.274671 0.075658 0.097039
4 0.495066 0.274671 0.078947 0.106908
12 0.935855 0.274671 0.077303 0.100329
4 0.054276 0.384868 0.078947 0.106908
9 0.164474 0.384868 0.074013 0.097039
0 0.274671 0.384868 0.077303 0.100329
8 0.935855 0.384868 0.072368 0.125000
0 0.164474 0.605263 0.075658 0.097039
0 0.935855 0.605263 0.077303 0.100329
0 0.054276 0.715461 0.077303 0.100329
1 0.274671 0.715461 0.080592 0.097039
0 0.384868 0.715461 0.075658 0.097039
0 0.605263 0.715461 0.077303 0.100329
12 0.054276 0.825658 0.077303 0.100329
7 0.384868 0.825658 0.070724 0.090461
0 0.495066 0.825658 0.077303 0.100329
0 0.605263 0.825658 0.077303 0.100329
