12 0.495066 0.054276 0.083882 0.087171
12 0.054276 0.164474 0.082237 0.110197
0 0.274671 0.164474 0.085526 0.101974
4 0.054276 0.274671 0.105263 0.092105
7 0.715461 0.274671 0.077303 0.095395
0 0.054276 0.384868 0.078947 0.101974
4 0.495066 0.384868 0.105263 0.092105
0 0.825658 0.384868 0.085526 0.101974
7 0.495066 0.495066 0.077303 0.095395
0 0.825658 0.495066 0.085526 0.101974
9 0.164474 0.605263 0.077303 0.097039
0 0.605263 0.605263 0.078947 0.101974
0 0.164474 0.715461 0.085526 0.101974
1 0.495066 0.715461 0.083882 0.106908
8 0.935855 0.715461 0.101974 0.093750
0 0.054276 0.825658 0.078947 0.101974
0 0.274671 0.825658 0.078947 0.101974
0 0.605263 0.825658 0.085526 0.101974
0 0.715461 0.825658 0.078947 0.101974
7 0.825658 0.825658 0.077303 0.095395
0 0.164474 0.935855 0.078947 0.101974
0 0.384868 0.935855 0.078947 0.101974
