8 0.495066 0.164474 0.078947 0.120066
0 0.825658 0.164474 0.087171 0.116776
0 0.935855 0.164474 0.082237 0.113487
7 0.384868 0.274671 0.074013 0.101974
0 0.935855 0.274671 0.082237 0.113487
4 0.384868 0.384868 0.088816 0.113487
0 0.495066 0.384868 0.082237 0.113487
4 0.605263 0.384868 0.075658 0.113487
0 0.274671 0.495066 0.082237 0.113487
0 0.384868 0.605263 0.087171 0.116776
7 0.605263 0.605263 0.074013 0.101974
0 0.825658 0.605263 0.087171 0.116776
1 0.274671 0.715461 0.087171 0.105263
7 0.384868 0.715461 0.090461 0.085526
9 0.935855 0.715461 0.085526 0.077303
12 0.274671 0.825658 0.078947 0.092105
0 0.605263 0.825658 0.087171 0.116776
0 0.715461 0.825658 0.082237 0.113487
0 0.164474 0.935855 0.082237 0.113487
12 0.274671 0.935855 0.078947 0.092105
0 0.384868 0.935855 0.087171 0.116776
0 0.825658 0.935855 0.087171 0.116776
