0 0.054276 0.054276 0.077303 0.092105
0 0.605263 0.164474 0.077303 0.092105
7 0.274671 0.274671 0.069079 0.101974
0 0.825658 0.384868 0.077303 0.092105
0 0.935855 0.384868 0.085526 0.110197
0 0.164474 0.495066 0.077303 0.092105
0 0.495066 0.495066 0.077303 0.092105
0 0.715461 0.495066 0.077303 0.092105
8 0.495066 0.605263 0.077303 0.121711
12 0.054276 0.715461 0.074013 0.095395
1 0.274671 0.715461 0.075658 0.103618
12 0.495066 0.715461 0.074013 0.095395
7 0.605263 0.715461 0.062500 0.093750
0 0.495066 0.825658 0.077303 0.092105
4 0.715461 0.825658 0.072368 0.116776
4 0.054276 0.935855 0.072368 0.116776
9 0.164474 0.935855 0.069079 0.092105
0 0.384868 0.935855 0.085526 0.110197
0 0.495066 0.935855 0.085526 0.110197
7 0.605263 0.935855 0.062500 0.093750
0 0.825658 0.935855 0.085526 0.110197
0 0.935855 0.935855 0.077303 0.092105
