1 0.274671 0.054276 0.085526 0.106908
0 0.825658 0.054276 0.085526 0.110197
7 0.935855 0.054276 0.069079 0.090461
9 0.715461 0.164474 0.080592 0.105263
0 0.164474 0.274671 0.085526 0.110197
0 0.274671 0.274671 0.085526 0.110197
0 0.495066 0.274671 0.085526 0.110197
0 0.935855 0.274671 0.078947 0.115132
0 0.054276 0.384868 0.078947 0.115132
4 0.605263 0.384868 0.074013 0.113487
0 0.715461 0.384868 0.085526 0.110197
0 0.495066 0.495066 0.078947 0.115132
7 0.054276 0.605263 0.069079 0.090461
12 0.274671 0.605263 0.080592 0.115132
0 0.495066 0.605263 0.085526 0.110197
12 0.935855 0.605263 0.080592 0.115132
0 0.054276 0.715461 0.078947 0.115132
8 0.164474 0.715461 0.083882 0.126645
0 0.384868 0.825658 0.078947 0.115132
0 0.495066 0.825658 0.078947 0.115132
4 0.935855 0.825658 0.072368 0.116776
7 0.825658 0.935855 0.069079 0.090461
