4 0.605263 0.164474 0.067434 0.120066
0 0.715461 0.164474 0.078947 0.111842
0 0.054276 0.274671 0.078947 0.111842
0 0.164474 0.274671 0.088816 0.106908
0 0.715461 0.274671 0.078947 0.111842
0 0.935855 0.274671 0.078947 0.111842
12 0.274671 0.384868 0.077303 0.110197
9 0.605263 0.384868 0.070724 0.092105
0 0.825658 0.384868 0.078947 0.111842
12 0.384868 0.495066 0.088816 0.090461
0 0.935855 0.495066 0.078947 0.111842
4 0.054276 0.605263 0.062500 0.101974
7 0.495066 0.605263 0.075658 0.101974
0 0.715461 0.605263 0.088816 0.106908
0 0.935855 0.605263 0.088816 0.106908
0 0.274671 0.715461 0.088816 0.106908
7 0.384868 0.715461 0.070724 0.093750
8 0.605263 0.715461 0.097039 0.105263
0 0.164474 0.935855 0.078947 0.111842
7 0.274671 0.935855 0.070724 0.093750
0 0.495066 0.935855 0.078947 0.111842
1 0.715461 0.935855 0.080592 0.106908
