1 0.274671 0.054276 0.077303 0.103618
12 0.384868 0.054276 0.078947 0.092105
7 0.715461 0.054276 0.075658 0.101974
0 0.054276 0.164474 0.088816 0.106908
0 0.164474 0.164474 0.082237 0.113487
9 0.274671 0.164474 0.070724 0.092105
0 0.715461 0.164474 0.082237 0.113487
4 0.825658 0.164474 0.062500 0.101974
7 0.935855 0.164474 0.074013 0.101974
0 0.825658 0.274671 0.082237 0.113487
0 0.054276 0.384868 0.082237 0.113487
0 0.825658 0.384868 0.088816 0.106908
8 0.274671 0.495066 0.074013 0.123355
7 0.495066 0.495066 0.074013 0.101974
0 0.715461 0.495066 0.082237 0.113487
12 0.164474 0.605263 0.088816 0.090461
0 0.274671 0.605263 0.082237 0.113487
0 0.935855 0.605263 0.088816 0.106908
0 0.164474 0.715461 0.088816 0.106908
0 0.054276 0.825658 0.082237 0.113487
0 0.164474 0.825658 0.082237 0.113487
4 0.054276 0.935855 0.075658 0.113487
