9 0.274671 0.054276 0.078947 0.100329
7 0.384868 0.054276 0.070724 0.093750
0 0.495066 0.055921 0.078947 0.111842
0 0.825658 0.054276 0.085526 0.110197
12 0.274671 0.274671 0.074013 0.095395
0 0.605263 0.274671 0.078947 0.111842
0 0.384868 0.384868 0.085526 0.110197
0 0.605263 0.384868 0.085526 0.110197
0 0.825658 0.384868 0.078947 0.111842
4 0.384868 0.605263 0.067434 0.120066
7 0.825658 0.605263 0.069079 0.101974
0 0.164474 0.715461 0.078947 0.111842
7 0.495066 0.715461 0.069079 0.101974
0 0.274671 0.825658 0.078947 0.111842
8 0.384868 0.825658 0.082237 0.126645
12 0.495066 0.825658 0.077303 0.110197
0 0.825658 0.825658 0.085526 0.110197
4 0.054276 0.935855 0.067434 0.120066
0 0.274671 0.935855 0.085526 0.110197
1 0.495066 0.935855 0.085526 0.106908
0 0.605263 0.935855 0.078947 0.111842
0 0.935855 0.935855 0.085526 0.110197
