0 0.495066 0.057566 0.087171 0.116776
7 0.054276 0.164474 0.090461 0.085526
0 0.164474 0.164474 0.074013 0.098684
0 0.715461 0.164474 0.087171 0.116776
4 0.164474 0.274671 0.088816 0.113487
12 0.384868 0.274671 0.095395 0.082237
7 0.605263 0.274671 0.090461 0.085526
1 0.715461 0.274671 0.087171 0.105263
12 0.825658 0.274671 0.092105 0.098684
4 0.605263 0.384868 0.075658 0.118421
0 0.054276 0.495066 0.087171 0.116776
0 0.164474 0.495066 0.074013 0.098684
0 0.384868 0.495066 0.074013 0.098684
0 0.054276 0.605263 0.087171 0.116776
0 0.495066 0.605263 0.074013 0.098684
0 0.495066 0.715461 0.074013 0.098684
0 0.825658 0.715461 0.074013 0.098684
9 0.274671 0.825658 0.085526 0.077303
7 0.935855 0.825658 0.085526 0.098684
0 0.054276 0.935855 0.087171 0.116776
8 0.605263 0.935855 0.074013 0.123355
0 0.715461 0.935855 0.074013 0.098684
