0 0.274671 0.054276 0.085526 0.098684
0 0.605263 0.055921 0.082237 0.113487
0 0.825658 0.054276 0.085526 0.098684
8 0.605263 0.164474 0.074013 0.123355
0 0.935855 0.274671 0.082237 0.113487
4 0.274671 0.384868 0.078947 0.093750
1 0.825658 0.384868 0.077303 0.103618
0 0.935855 0.384868 0.085526 0.098684
0 0.054276 0.495066 0.082237 0.113487
0 0.825658 0.495066 0.082237 0.113487
4 0.054276 0.605263 0.078947 0.093750
7 0.715461 0.605263 0.074013 0.101974
7 0.935855 0.605263 0.067434 0.087171
0 0.935855 0.715461 0.085526 0.098684
12 0.164474 0.825658 0.078947 0.092105
0 0.605263 0.825658 0.085526 0.098684
9 0.825658 0.825658 0.065789 0.095395
0 0.164474 0.935855 0.082237 0.113487
12 0.495066 0.935855 0.078947 0.092105
7 0.715461 0.935855 0.074013 0.101974
0 0.825658 0.935855 0.082237 0.113487
0 0.935855 0.935855 0.082237 0.113487
