4 0.164474 0.055921 0.088816 0.113487
0 0.605263 0.057566 0.087171 0.116776
0 0.935855 0.057566 0.087171 0.116776
8 0.054276 0.164474 0.067434 0.121711
1 0.384868 0.274671 0.078947 0.103618
0 0.935855 0.274671 0.087171 0.116776
0 0.164474 0.384868 0.087171 0.116776
0 0.605263 0.384868 0.078947 0.090461
0 0.384868 0.495066 0.087171 0.116776
12 0.495066 0.495066 0.092105 0.098684
0 0.935855 0.495066 0.078947 0.090461
9 0.605263 0.605263 0.085526 0.077303
7 0.715461 0.605263 0.090461 0.085526
0 0.825658 0.605263 0.087171 0.116776
0 0.054276 0.715461 0.078947 0.090461
7 0.495066 0.715461 0.090461 0.085526
7 0.825658 0.715461 0.090461 0.085526
4 0.935855 0.715461 0.088816 0.113487
0 0.495066 0.825658 0.087171 0.116776
0 0.605263 0.825658 0.078947 0.090461
12 0.495066 0.935855 0.074013 0.097039
0 0.825658 0.935855 0.078947 0.090461
