1 0.054276 0.054276 0.083882 0.106908
7 0.715461 0.054276 0.062500 0.093750
8 0.384868 0.164474 0.085526 0.103618
4 0.605263 0.164474 0.082237 0.105263
4 0.715461 0.164474 0.082237 0.105263
0 0.825658 0.164474 0.077303 0.092105
0 0.274671 0.274671 0.077303 0.092105
12 0.935855 0.274671 0.069079 0.088816
0 0.274671 0.384868 0.078947 0.101974
12 0.384868 0.384868 0.069079 0.088816
0 0.825658 0.384868 0.077303 0.092105
9 0.274671 0.495066 0.077303 0.100329
0 0.715461 0.495066 0.078947 0.101974
0 0.164474 0.715461 0.077303 0.092105
7 0.825658 0.715461 0.062500 0.093750
0 0.054276 0.825658 0.078947 0.101974
7 0.164474 0.825658 0.062500 0.093750
0 0.935855 0.825658 0.077303 0.092105
0 0.054276 0.935855 0.077303 0.092105
0 0.495066 0.935855 0.077303 0.092105
0 0.605263 0.935855 0.077303 0.092105
0 0.935855 0.935855 0.077303 0.092105
