0 0.384868 0.054276 0.074013 0.098684
7 0.054276 0.164474 0.075658 0.105263
9 0.384868 0.164474 0.072368 0.087171
0 0.605263 0.164474 0.074013 0.106908
1 0.825658 0.164474 0.088816 0.115132
0 0.384868 0.274671 0.074013 0.106908
0 0.274671 0.384868 0.074013 0.098684
7 0.384868 0.384868 0.085526 0.098684
4 0.495066 0.384868 0.065789 0.100329
4 0.274671 0.495066 0.065789 0.100329
0 0.495066 0.495066 0.074013 0.106908
0 0.495066 0.605263 0.074013 0.098684
0 0.605263 0.605263 0.074013 0.106908
12 0.715461 0.605263 0.095395 0.082237
8 0.935855 0.605263 0.074013 0.123355
0 0.495066 0.715461 0.074013 0.106908
0 0.164474 0.825658 0.074013 0.106908
0 0.274671 0.825658 0.074013 0.098684
7 0.825658 0.825658 0.075658 0.105263
0 0.274671 0.935855 0.074013 0.106908
12 0.495066 0.935855 0.075658 0.090461
0 0.715461 0.935855 0.074013 0.098684
