0 0.274671 0.054276 0.085526 0.098684
0 0.715461 0.057566 0.087171 0.116776
7 0.274671 0.164474 0.067434 0.087171
4 0.715461 0.164474 0.078947 0.093750
0 0.935855 0.164474 0.085526 0.098684
12 0.495066 0.274671 0.083882 0.098684
0 0.715461 0.274671 0.087171 0.116776
0 0.164474 0.384868 0.085526 0.098684
9 0.274671 0.384868 0.085526 0.077303
8 0.384868 0.384868 0.078947 0.120066
12 0.605263 0.384868 0.092105 0.098684
0 0.825658 0.384868 0.087171 0.116776
4 0.495066 0.495066 0.088816 0.113487
1 0.164474 0.605263 0.087171 0.105263
0 0.274671 0.715461 0.085526 0.098684
7 0.715461 0.715461 0.067434 0.087171
0 0.384868 0.825658 0.085526 0.098684
7 0.495066 0.825658 0.090461 0.085526
0 0.825658 0.825658 0.087171 0.116776
0 0.605263 0.935855 0.087171 0.116776
0 0.715461 0.935855 0.087171 0.116776
0 0.825658 0.935855 0.085526 0.098684
