4 0.164474 0.059211 0.075658 0.118421
12 0.605263 0.054276 0.075658 0.090461
12 0.715461 0.054276 0.095395 0.082237
0 0.164474 0.164474 0.074013 0.098684
0 0.495066 0.164474 0.074013 0.106908
7 0.715461 0.164474 0.075658 0.105263
0 0.054276 0.274671 0.074013 0.106908
4 0.715461 0.274671 0.065789 0.100329
0 0.164474 0.384868 0.074013 0.098684
0 0.825658 0.384868 0.074013 0.106908
0 0.935855 0.384868 0.074013 0.098684
0 0.495066 0.495066 0.074013 0.098684
0 0.825658 0.495066 0.074013 0.098684
8 0.935855 0.495066 0.072368 0.110197
0 0.825658 0.605263 0.074013 0.098684
7 0.164474 0.715461 0.075658 0.105263
1 0.825658 0.715461 0.088816 0.106908
0 0.935855 0.715461 0.074013 0.098684
0 0.384868 0.825658 0.074013 0.106908
7 0.605263 0.825658 0.075658 0.105263
0 0.825658 0.825658 0.074013 0.098684
9 0.495066 0.935855 0.093750 0.101974
