0 0.384868 0.054276 0.077303 0.100329
0 0.605263 0.164474 0.077303 0.100329
12 0.715461 0.164474 0.078947 0.092105
0 0.935855 0.164474 0.082237 0.113487
7 0.054276 0.274671 0.074013 0.101974
4 0.164474 0.274671 0.078947 0.106908
7 0.274671 0.274671 0.074013 0.101974
0 0.495066 0.274671 0.082237 0.113487
9 0.164474 0.384868 0.065789 0.095395
8 0.274671 0.384868 0.072368 0.125000
0 0.384868 0.384868 0.077303 0.100329
4 0.605263 0.384868 0.078947 0.106908
1 0.164474 0.495066 0.077303 0.103618
0 0.384868 0.605263 0.082237 0.113487
12 0.825658 0.605263 0.077303 0.100329
0 0.164474 0.715461 0.077303 0.100329
7 0.274671 0.715461 0.074013 0.101974
0 0.495066 0.715461 0.082237 0.113487
0 0.935855 0.715461 0.077303 0.100329
0 0.384868 0.825658 0.077303 0.100329
0 0.384868 0.935855 0.077303 0.100329
0 0.825658 0.935855 0.082237 0.113487
