0 0.605263 0.054276 0.077303 0.098684
8 0.164474 0.164474 0.085526 0.103618
7 0.384868 0.164474 0.077303 0.095395
7 0.495066 0.164474 0.077303 0.095395
0 0.054276 0.274671 0.077303 0.098684
4 0.164474 0.274671 0.105263 0.092105
0 0.495066 0.274671 0.078947 0.101974
12 0.825658 0.274671 0.083882 0.087171
0 0.935855 0.274671 0.077303 0.098684
7 0.825658 0.384868 0.077303 0.095395
0 0.164474 0.495066 0.078947 0.101974
0 0.495066 0.495066 0.078947 0.101974
12 0.164474 0.605263 0.083882 0.087171
0 0.274671 0.605263 0.078947 0.101974
0 0.495066 0.605263 0.077303 0.098684
0 0.935855 0.605263 0.077303 0.098684
0 0.605263 0.715461 0.078947 0.101974
0 0.384868 0.825658 0.077303 0.098684
1 0.495066 0.825658 0.083882 0.106908
4 0.715461 0.825658 0.074013 0.134868
9 0.605263 0.935855 0.070724 0.090461
0 0.715461 0.935855 0.078947 0.101974
