7 0.715461 0.054276 0.078947 0.103618
0 0.054276 0.164474 0.088816 0.110197
4 0.825658 0.164474 0.074013 0.115132
8 0.164474 0.274671 0.101974 0.093750
0 0.715461 0.274671 0.085526 0.101974
0 0.495066 0.384868 0.088816 0.110197
12 0.935855 0.384868 0.082237 0.110197
0 0.054276 0.495066 0.085526 0.101974
0 0.935855 0.495066 0.085526 0.101974
0 0.054276 0.605263 0.088816 0.110197
9 0.384868 0.605263 0.077303 0.097039
0 0.605263 0.605263 0.085526 0.101974
0 0.384868 0.715461 0.085526 0.101974
1 0.825658 0.715461 0.077303 0.093750
0 0.935855 0.715461 0.085526 0.101974
0 0.164474 0.825658 0.085526 0.101974
7 0.495066 0.825658 0.074013 0.093750
7 0.605263 0.825658 0.074013 0.093750
0 0.825658 0.825658 0.088816 0.110197
4 0.164474 0.935855 0.074013 0.115132
0 0.495066 0.935855 0.085526 0.101974
12 0.825658 0.935855 0.082237 0.110197
