0 0.054276 0.055921 0.078947 0.111842
0 0.274671 0.054276 0.085526 0.098684
0 0.825658 0.055921 0.078947 0.111842
12 0.495066 0.164474 0.083882 0.098684
0 0.605263 0.164474 0.078947 0.111842
0 0.715461 0.164474 0.085526 0.098684
0 0.825658 0.164474 0.085526 0.098684
0 0.274671 0.274671 0.078947 0.111842
0 0.825658 0.274671 0.078947 0.111842
7 0.715461 0.384868 0.067434 0.087171
9 0.825658 0.384868 0.078947 0.100329
1 0.495066 0.495066 0.080592 0.106908
12 0.605263 0.495066 0.077303 0.110197
0 0.935855 0.495066 0.078947 0.111842
4 0.054276 0.715461 0.067434 0.120066
0 0.384868 0.715461 0.078947 0.111842
4 0.715461 0.715461 0.078947 0.093750
7 0.935855 0.715461 0.067434 0.087171
7 0.384868 0.825658 0.070724 0.093750
0 0.495066 0.825658 0.085526 0.098684
8 0.715461 0.825658 0.074013 0.123355
0 0.495066 0.935855 0.078947 0.111842
