7 0.054276 0.164474 0.070724 0.093750
0 0.384868 0.164474 0.078947 0.111842
1 0.495066 0.164474 0.080592 0.106908
8 0.164474 0.274671 0.072368 0.100329
0 0.274671 0.274671 0.077303 0.092105
0 0.384868 0.274671 0.078947 0.111842
0 0.605263 0.274671 0.077303 0.092105
4 0.054276 0.384868 0.082237 0.105263
7 0.495066 0.495066 0.062500 0.093750
0 0.715461 0.495066 0.077303 0.092105
12 0.164474 0.605263 0.069079 0.088816
4 0.715461 0.605263 0.067434 0.120066
0 0.935855 0.605263 0.078947 0.111842
0 0.164474 0.715461 0.078947 0.111842
12 0.274671 0.715461 0.069079 0.088816
7 0.495066 0.715461 0.070724 0.093750
0 0.935855 0.715461 0.077303 0.092105
9 0.384868 0.825658 0.078947 0.100329
0 0.935855 0.825658 0.077303 0.092105
0 0.164474 0.935855 0.078947 0.111842
0 0.605263 0.935855 0.077303 0.092105
0 0.935855 0.935855 0.077303 0.092105
