0 0.054276 0.057566 0.087171 0.116776
0 0.164474 0.054276 0.085526 0.110197
7 0.274671 0.054276 0.077303 0.095395
4 0.495066 0.054276 0.078947 0.093750
7 0.605263 0.054276 0.077303 0.095395
0 0.935855 0.054276 0.078947 0.101974
4 0.054276 0.164474 0.105263 0.092105
13 0.384868 0.164474 0.080592 0.100329
4 0.495066 0.164474 0.072368 0.116776
0 0.825658 0.164474 0.085526 0.098684
12 0.054276 0.274671 0.083882 0.098684
13 0.164474 0.274671 0.080592 0.100329
10 0.495066 0.274671 0.069079 0.093750
11 0.605263 0.274671 0.074013 0.110197
11 0.715461 0.274671 0.083882 0.098684
8 0.825658 0.274671 0.078947 0.120066
10 0.935855 0.274671 0.069079 0.093750
4 0.164474 0.384868 0.078947 0.093750
0 0.274671 0.384868 0.078947 0.101974
8 0.384868 0.384868 0.078947 0.120066
4 0.605263 0.384868 0.078947 0.093750
5 0.825658 0.384868 0.082237 0.108553
0 0.935855 0.384868 0.087171 0.116776
0 0.274671 0.495066 0.085526 0.110197
0 0.495066 0.495066 0.085526 0.110197
12 0.825658 0.495066 0.074013 0.095395
0 0.935855 0.495066 0.078947 0.101974
9 0.054276 0.605263 0.085526 0.077303
0 0.164474 0.605263 0.087171 0.116776
5 0.274671 0.605263 0.082237 0.108553
0 0.495066 0.605263 0.085526 0.098684
0 0.825658 0.605263 0.078947 0.101974
1 0.164474 0.715461 0.087171 0.105263
1 0.274671 0.715461 0.087171 0.105263
7 0.384868 0.715461 0.090461 0.085526
9 0.495066 0.715461 0.093750 0.087171
0 0.715461 0.715461 0.078947 0.101974
8 0.384868 0.825658 0.077303 0.121711
8 0.825658 0.825658 0.078947 0.120066
9 0.054276 0.935855 0.093750 0.087171
13 0.164474 0.935855 0.080592 0.100329
4 0.384868 0.935855 0.072368 0.116776
12 0.605263 0.935855 0.083882 0.087171
0 0.935855 0.935855 0.087171 0.116776
