5 0.054276 0.054276 0.077303 0.100329
8 0.384868 0.054276 0.072368 0.100329
12 0.495066 0.054276 0.092105 0.098684
4 0.605263 0.055921 0.088816 0.113487
0 0.715461 0.057566 0.087171 0.116776
5 0.825658 0.054276 0.077303 0.100329
8 0.054276 0.164474 0.070724 0.092105
4 0.164474 0.164474 0.082237 0.105263
13 0.495066 0.164474 0.075658 0.090461
8 0.605263 0.164474 0.078947 0.120066
9 0.935855 0.164474 0.078947 0.100329
4 0.054276 0.274671 0.082237 0.105263
4 0.384868 0.274671 0.088816 0.113487
4 0.495066 0.274671 0.088816 0.113487
0 0.935855 0.274671 0.077303 0.092105
13 0.495066 0.384868 0.080592 0.100329
0 0.605263 0.384868 0.075658 0.098684
0 0.274671 0.495066 0.075658 0.098684
0 0.384868 0.495066 0.087171 0.116776
10 0.605263 0.495066 0.065789 0.126645
9 0.715461 0.495066 0.070724 0.090461
0 0.825658 0.495066 0.087171 0.116776
7 0.935855 0.495066 0.090461 0.085526
0 0.054276 0.605263 0.078947 0.111842
0 0.715461 0.605263 0.078947 0.111842
0 0.825658 0.605263 0.077303 0.092105
7 0.935855 0.605263 0.062500 0.093750
8 0.274671 0.715461 0.070724 0.092105
12 0.495066 0.715461 0.083882 0.093750
8 0.605263 0.715461 0.078947 0.120066
4 0.164474 0.825658 0.067434 0.120066
0 0.274671 0.825658 0.078947 0.111842
13 0.384868 0.825658 0.075658 0.105263
0 0.605263 0.825658 0.078947 0.111842
0 0.715461 0.825658 0.077303 0.092105
7 0.825658 0.825658 0.062500 0.093750
1 0.935855 0.825658 0.080592 0.106908
12 0.054276 0.935855 0.077303 0.110197
11 0.274671 0.935855 0.080592 0.098684
0 0.495066 0.935855 0.075658 0.098684
1 0.605263 0.935855 0.080592 0.106908
11 0.715461 0.935855 0.087171 0.106908
0 0.825658 0.935855 0.075658 0.098684
10 0.935855 0.935855 0.074013 0.121711
