4 0.054276 0.055921 0.075658 0.113487
13 0.164474 0.054276 0.080592 0.100329
11 0.274671 0.054276 0.087171 0.097039
10 0.495066 0.054276 0.067434 0.106908
0 0.715461 0.057566 0.087171 0.116776
0 0.935855 0.057566 0.087171 0.116776
1 0.054276 0.164474 0.088816 0.106908
5 0.495066 0.164474 0.078947 0.097039
0 0.605263 0.164474 0.074013 0.106908
1 0.715461 0.164474 0.087171 0.105263
11 0.825658 0.164474 0.075658 0.101974
0 0.935855 0.164474 0.088816 0.110197
8 0.054276 0.274671 0.074013 0.123355
9 0.164474 0.274671 0.065789 0.095395
0 0.274671 0.274671 0.074013 0.106908
4 0.384868 0.274671 0.074013 0.115132
4 0.605263 0.274671 0.074013 0.115132
9 0.715461 0.274671 0.085526 0.077303
13 0.825658 0.274671 0.077303 0.095395
0 0.935855 0.274671 0.087171 0.116776
4 0.495066 0.384868 0.074013 0.115132
0 0.715461 0.384868 0.074013 0.106908
0 0.054276 0.495066 0.088816 0.110197
8 0.164474 0.495066 0.078947 0.120066
7 0.384868 0.495066 0.075658 0.105263
0 0.495066 0.495066 0.074013 0.106908
0 0.605263 0.495066 0.074013 0.106908
0 0.825658 0.495066 0.082237 0.113487
8 0.495066 0.605263 0.074013 0.123355
12 0.605263 0.605263 0.075658 0.095395
12 0.715461 0.605263 0.075658 0.090461
12 0.935855 0.605263 0.078947 0.092105
4 0.384868 0.715461 0.074013 0.115132
4 0.605263 0.715461 0.065789 0.100329
0 0.715461 0.715461 0.087171 0.116776
0 0.935855 0.715461 0.082237 0.113487
7 0.495066 0.825658 0.078947 0.103618
10 0.605263 0.825658 0.067434 0.110197
13 0.164474 0.935855 0.077303 0.095395
8 0.384868 0.935855 0.078947 0.120066
7 0.495066 0.935855 0.078947 0.103618
10 0.605263 0.935855 0.077303 0.106908
0 0.715461 0.935855 0.088816 0.110197
5 0.825658 0.935855 0.078947 0.097039
