13 0.164474 0.054276 0.075658 0.088816
5 0.274671 0.054276 0.082237 0.097039
0 0.384868 0.054276 0.077303 0.106908
4 0.495066 0.060855 0.072368 0.123355
1 0.054276 0.164474 0.078947 0.090461
0 0.274671 0.164474 0.085526 0.110197
8 0.495066 0.164474 0.075658 0.111842
0 0.274671 0.274671 0.077303 0.106908
0 0.384868 0.274671 0.077303 0.106908
8 0.495066 0.274671 0.075658 0.111842
0 0.715461 0.274671 0.085526 0.110197
13 0.825658 0.274671 0.075658 0.088816
0 0.054276 0.384868 0.077303 0.106908
4 0.164474 0.384868 0.072368 0.116776
12 0.274671 0.384868 0.078947 0.095395
0 0.384868 0.384868 0.077303 0.106908
10 0.495066 0.384868 0.067434 0.106908
0 0.715461 0.384868 0.077303 0.106908
9 0.825658 0.384868 0.070724 0.090461
12 0.935855 0.384868 0.078947 0.095395
4 0.274671 0.495066 0.072368 0.116776
8 0.384868 0.495066 0.075658 0.111842
5 0.825658 0.495066 0.077303 0.100329
0 0.054276 0.605263 0.077303 0.098684
0 0.274671 0.605263 0.077303 0.106908
4 0.384868 0.605263 0.074013 0.134868
0 0.605263 0.605263 0.085526 0.110197
0 0.715461 0.605263 0.077303 0.106908
7 0.935855 0.605263 0.069079 0.101974
11 0.164474 0.715461 0.080592 0.090461
5 0.384868 0.715461 0.082237 0.097039
13 0.495066 0.715461 0.087171 0.108553
10 0.715461 0.715461 0.064145 0.103618
0 0.825658 0.715461 0.085526 0.110197
12 0.935855 0.715461 0.078947 0.095395
4 0.054276 0.825658 0.072368 0.123355
9 0.274671 0.825658 0.069079 0.092105
8 0.164474 0.935855 0.074013 0.097039
4 0.274671 0.935855 0.072368 0.116776
7 0.384868 0.935855 0.069079 0.097039
11 0.495066 0.935855 0.080592 0.101974
0 0.605263 0.935855 0.077303 0.106908
1 0.825658 0.935855 0.078947 0.090461
7 0.935855 0.935855 0.069079 0.101974
