0 0.164474 0.055921 0.078947 0.111842
13 0.274671 0.054276 0.088816 0.098684
0 0.495066 0.054276 0.075658 0.098684
4 0.605263 0.067434 0.075658 0.133224
8 0.825658 0.062500 0.082237 0.126645
4 0.935855 0.057566 0.069079 0.116776
10 0.054276 0.164474 0.070724 0.116776
0 0.495066 0.164474 0.075658 0.098684
10 0.605263 0.164474 0.070724 0.105263
11 0.715461 0.164474 0.078947 0.085526
8 0.825658 0.164474 0.072368 0.095395
12 0.274671 0.274671 0.080592 0.113487
0 0.384868 0.274671 0.075658 0.098684
0 0.605263 0.274671 0.077303 0.098684
4 0.825658 0.274671 0.069079 0.116776
7 0.935855 0.274671 0.085526 0.098684
4 0.054276 0.384868 0.074013 0.134868
5 0.164474 0.384868 0.080592 0.097039
13 0.495066 0.384868 0.075658 0.088816
0 0.605263 0.384868 0.077303 0.098684
7 0.935855 0.384868 0.070724 0.090461
0 0.054276 0.495066 0.077303 0.098684
0 0.164474 0.495066 0.075658 0.098684
0 0.274671 0.495066 0.077303 0.098684
1 0.495066 0.495066 0.074013 0.103618
13 0.715461 0.495066 0.075658 0.090461
1 0.935855 0.495066 0.074013 0.103618
5 0.054276 0.605263 0.080592 0.101974
12 0.384868 0.605263 0.083882 0.093750
10 0.384868 0.715461 0.064145 0.103618
8 0.605263 0.715461 0.082237 0.126645
9 0.715461 0.715461 0.074013 0.097039
0 0.825658 0.715461 0.078947 0.111842
7 0.164474 0.825658 0.070724 0.093750
0 0.274671 0.825658 0.077303 0.098684
0 0.495066 0.825658 0.077303 0.098684
12 0.715461 0.825658 0.080592 0.113487
11 0.935855 0.825658 0.077303 0.110197
4 0.054276 0.935855 0.067434 0.120066
0 0.164474 0.935855 0.078947 0.111842
9 0.274671 0.935855 0.078947 0.100329
0 0.605263 0.935855 0.075658 0.097039
4 0.715461 0.930921 0.074013 0.134868
8 0.935855 0.935855 0.072368 0.095395
