10 0.054276 0.060855 0.074013 0.121711
0 0.164474 0.054276 0.085526 0.101974
4 0.274671 0.055921 0.074013 0.113487
0 0.384868 0.054276 0.085526 0.101974
9 0.495066 0.054276 0.069079 0.092105
1 0.715461 0.054276 0.078947 0.097039
12 0.825658 0.054276 0.082237 0.110197
0 0.054276 0.164474 0.085526 0.101974
7 0.164474 0.164474 0.074013 0.093750
8 0.274671 0.164474 0.101974 0.093750
0 0.384868 0.164474 0.077303 0.106908
0 0.605263 0.164474 0.078947 0.115132
10 0.825658 0.164474 0.070724 0.116776
12 0.935855 0.164474 0.080592 0.115132
0 0.054276 0.274671 0.077303 0.106908
7 0.164474 0.274671 0.069079 0.090461
0 0.495066 0.274671 0.078947 0.115132
0 0.715461 0.274671 0.077303 0.106908
0 0.935855 0.274671 0.085526 0.101974
12 0.054276 0.384868 0.082237 0.110197
8 0.164474 0.384868 0.072368 0.095395
11 0.274671 0.384868 0.077303 0.116776
13 0.384868 0.384868 0.087171 0.108553
4 0.495066 0.384868 0.072368 0.123355
0 0.605263 0.384868 0.075658 0.097039
0 0.715461 0.384868 0.077303 0.106908
5 0.825658 0.384868 0.082237 0.097039
10 0.164474 0.495066 0.070724 0.116776
1 0.935855 0.495066 0.080592 0.097039
4 0.054276 0.605263 0.069079 0.116776
7 0.164474 0.605263 0.069079 0.097039
4 0.495066 0.605263 0.072368 0.123355
11 0.605263 0.605263 0.092105 0.103618
0 0.825658 0.605263 0.085526 0.101974
8 0.935855 0.605263 0.075658 0.111842
8 0.605263 0.715461 0.072368 0.095395
9 0.935855 0.715461 0.074013 0.097039
0 0.054276 0.825658 0.077303 0.106908
13 0.384868 0.825658 0.088816 0.098684
13 0.935855 0.825658 0.087171 0.108553
4 0.274671 0.935855 0.074013 0.113487
5 0.384868 0.935855 0.083882 0.105263
4 0.825658 0.935855 0.069079 0.116776
0 0.935855 0.935855 0.078947 0.115132
