10 0.164474 0.060855 0.072368 0.121711
8 0.274671 0.062500 0.072368 0.125000
11 0.605263 0.054276 0.070724 0.075658
8 0.715461 0.060855 0.077303 0.121711
9 0.935855 0.054276 0.062500 0.088816
7 0.054276 0.164474 0.074013 0.093750
4 0.164474 0.164474 0.060855 0.113487
13 0.274671 0.164474 0.078947 0.090461
0 0.605263 0.164474 0.077303 0.100329
4 0.825658 0.164474 0.078947 0.106908
0 0.935855 0.164474 0.077303 0.100329
13 0.054276 0.274671 0.078947 0.090461
9 0.274671 0.274671 0.069079 0.092105
0 0.495066 0.274671 0.085526 0.110197
10 0.715461 0.274671 0.074013 0.121711
8 0.935855 0.274671 0.072368 0.125000
4 0.054276 0.384868 0.078947 0.106908
0 0.164474 0.384868 0.077303 0.100329
13 0.274671 0.384868 0.078947 0.090461
1 0.495066 0.384868 0.078947 0.097039
0 0.605263 0.384868 0.085526 0.101974
0 0.825658 0.384868 0.077303 0.100329
5 0.935855 0.384868 0.074013 0.100329
0 0.164474 0.495066 0.085526 0.110197
10 0.495066 0.495066 0.074013 0.121711
12 0.715461 0.495066 0.077303 0.100329
0 0.935855 0.495066 0.077303 0.100329
0 0.054276 0.605263 0.085526 0.101974
11 0.274671 0.605263 0.074013 0.110197
1 0.384868 0.605263 0.078947 0.097039
5 0.495066 0.605263 0.072368 0.105263
8 0.935855 0.605263 0.077303 0.121711
4 0.274671 0.715461 0.078947 0.106908
4 0.605263 0.715461 0.060855 0.113487
7 0.825658 0.715461 0.078947 0.085526
7 0.274671 0.825658 0.074013 0.093750
0 0.384868 0.825658 0.085526 0.101974
12 0.495066 0.825658 0.077303 0.100329
0 0.605263 0.825658 0.085526 0.101974
0 0.715461 0.825658 0.077303 0.100329
4 0.935855 0.825658 0.072368 0.116776
0 0.274671 0.935855 0.085526 0.110197
12 0.384868 0.935855 0.074013 0.095395
0 0.605263 0.935855 0.077303 0.100329
