1 0.054276 0.054276 0.078947 0.103618
0 0.274671 0.054276 0.075658 0.098684
0 0.384868 0.057566 0.078947 0.115132
12 0.715461 0.054276 0.074013 0.097039
13 0.825658 0.054276 0.062500 0.083882
0 0.935855 0.054276 0.078947 0.090461
8 0.164474 0.164474 0.097039 0.105263
10 0.274671 0.164474 0.070724 0.105263
0 0.495066 0.164474 0.088816 0.106908
9 0.715461 0.164474 0.080592 0.105263
4 0.164474 0.274671 0.074013 0.113487
0 0.274671 0.274671 0.078947 0.115132
0 0.384868 0.274671 0.078947 0.090461
0 0.605263 0.274671 0.075658 0.098684
0 0.715461 0.274671 0.078947 0.115132
11 0.054276 0.384868 0.082237 0.100329
0 0.274671 0.384868 0.088816 0.106908
0 0.384868 0.384868 0.075658 0.098684
12 0.715461 0.384868 0.074013 0.097039
4 0.935855 0.384868 0.062500 0.101974
12 0.164474 0.495066 0.083882 0.093750
10 0.384868 0.495066 0.070724 0.105263
7 0.495066 0.495066 0.077303 0.098684
8 0.715461 0.495066 0.070724 0.092105
4 0.825658 0.495066 0.062500 0.101974
0 0.935855 0.495066 0.088816 0.106908
11 0.054276 0.605263 0.078947 0.085526
4 0.164474 0.605263 0.077303 0.115132
0 0.825658 0.605263 0.088816 0.106908
1 0.935855 0.605263 0.078947 0.103618
8 0.054276 0.715461 0.070724 0.092105
0 0.274671 0.715461 0.088816 0.106908
4 0.495066 0.715461 0.062500 0.101974
7 0.825658 0.715461 0.077303 0.098684
5 0.054276 0.825658 0.077303 0.103618
13 0.274671 0.825658 0.062500 0.083882
13 0.384868 0.825658 0.074013 0.085526
7 0.605263 0.825658 0.069079 0.090461
8 0.825658 0.825658 0.097039 0.105263
0 0.935855 0.825658 0.075658 0.098684
9 0.274671 0.935855 0.077303 0.103618
4 0.495066 0.935855 0.077303 0.115132
5 0.605263 0.935855 0.077303 0.103618
8 0.715461 0.935855 0.070724 0.092105
