4 0.164474 0.055921 0.075658 0.113487
8 0.384868 0.054276 0.074013 0.097039
0 0.605263 0.055921 0.082237 0.113487
12 0.825658 0.054276 0.078947 0.092105
4 0.935855 0.054276 0.085526 0.095395
0 0.054276 0.164474 0.085526 0.101974
4 0.164474 0.164474 0.075658 0.113487
10 0.495066 0.164474 0.074013 0.121711
1 0.825658 0.164474 0.078947 0.097039
5 0.274671 0.274671 0.080592 0.097039
11 0.384868 0.274671 0.080592 0.090461
10 0.495066 0.274671 0.074013 0.121711
0 0.715461 0.274671 0.085526 0.101974
0 0.054276 0.384868 0.085526 0.101974
8 0.164474 0.384868 0.101974 0.106908
5 0.384868 0.384868 0.078947 0.097039
0 0.605263 0.384868 0.082237 0.113487
12 0.935855 0.384868 0.078947 0.092105
13 0.054276 0.495066 0.083882 0.098684
13 0.164474 0.495066 0.100329 0.077303
7 0.384868 0.495066 0.083882 0.072368
0 0.825658 0.495066 0.085526 0.101974
4 0.935855 0.495066 0.060855 0.113487
4 0.274671 0.605263 0.060855 0.113487
5 0.384868 0.605263 0.080592 0.095395
1 0.495066 0.605263 0.074013 0.103618
9 0.715461 0.605263 0.077303 0.097039
4 0.935855 0.605263 0.060855 0.113487
0 0.054276 0.715461 0.077303 0.098684
0 0.164474 0.715461 0.082237 0.113487
0 0.384868 0.715461 0.082237 0.113487
11 0.495066 0.715461 0.077303 0.116776
0 0.715461 0.715461 0.082237 0.113487
0 0.825658 0.715461 0.082237 0.113487
0 0.935855 0.715461 0.082237 0.113487
0 0.054276 0.825658 0.077303 0.098684
8 0.274671 0.825658 0.101974 0.093750
13 0.495066 0.825658 0.083882 0.098684
0 0.825658 0.825658 0.100329 0.087171
9 0.935855 0.825658 0.065789 0.095395
7 0.384868 0.935855 0.074013 0.101974
10 0.605263 0.935855 0.067434 0.090461
12 0.715461 0.935855 0.078947 0.095395
7 0.825658 0.935855 0.074013 0.101974
