4 0.054276 0.059211 0.067434 0.120066
0 0.715461 0.054276 0.075658 0.098684
10 0.935855 0.062500 0.065789 0.126645
9 0.384868 0.164474 0.085526 0.077303
4 0.495066 0.164474 0.075658 0.113487
5 0.715461 0.164474 0.077303 0.100329
8 0.825658 0.164474 0.070724 0.092105
7 0.054276 0.274671 0.074013 0.101974
0 0.274671 0.274671 0.082237 0.113487
4 0.495066 0.274671 0.088816 0.113487
4 0.605263 0.274671 0.088816 0.113487
0 0.715461 0.274671 0.075658 0.098684
8 0.825658 0.274671 0.070724 0.092105
9 0.054276 0.384868 0.065789 0.095395
12 0.164474 0.384868 0.077303 0.110197
11 0.274671 0.384868 0.087171 0.106908
13 0.384868 0.384868 0.080592 0.100329
8 0.495066 0.384868 0.074013 0.123355
0 0.935855 0.384868 0.082237 0.113487
4 0.054276 0.495066 0.088816 0.113487
0 0.164474 0.495066 0.087171 0.116776
0 0.274671 0.495066 0.082237 0.113487
0 0.605263 0.495066 0.078947 0.111842
13 0.715461 0.495066 0.074013 0.085526
8 0.825658 0.495066 0.082237 0.126645
11 0.054276 0.605263 0.075658 0.101974
10 0.495066 0.605263 0.070724 0.105263
7 0.605263 0.605263 0.085526 0.098684
7 0.715461 0.605263 0.090461 0.085526
0 0.164474 0.715461 0.075658 0.098684
0 0.274671 0.715461 0.082237 0.113487
0 0.605263 0.715461 0.075658 0.098684
4 0.935855 0.715461 0.075658 0.133224
12 0.054276 0.825658 0.092105 0.098684
12 0.274671 0.825658 0.077303 0.110197
5 0.384868 0.825658 0.074013 0.101974
0 0.495066 0.825658 0.087171 0.116776
13 0.605263 0.825658 0.074013 0.085526
1 0.715461 0.825658 0.080592 0.106908
1 0.825658 0.825658 0.077303 0.103618
0 0.054276 0.935855 0.087171 0.116776
0 0.274671 0.935855 0.087171 0.116776
10 0.495066 0.935855 0.074013 0.121711
0 0.715461 0.935855 0.078947 0.111842
