4 0.164474 0.054276 0.105263 0.092105
0 0.274671 0.054276 0.088816 0.110197
0 0.605263 0.054276 0.085526 0.098684
7 0.935855 0.054276 0.077303 0.095395
4 0.054276 0.164474 0.105263 0.092105
7 0.274671 0.164474 0.067434 0.087171
0 0.384868 0.164474 0.088816 0.110197
0 0.495066 0.164474 0.078947 0.101974
0 0.605263 0.164474 0.088816 0.110197
5 0.825658 0.164474 0.082237 0.097039
13 0.495066 0.274671 0.075658 0.095395
10 0.605263 0.274671 0.069079 0.093750
5 0.935855 0.274671 0.082237 0.097039
9 0.164474 0.384868 0.069079 0.092105
11 0.384868 0.384868 0.082237 0.100329
0 0.935855 0.384868 0.078947 0.101974
4 0.054276 0.495066 0.078947 0.093750
0 0.274671 0.495066 0.085526 0.098684
0 0.384868 0.495066 0.077303 0.106908
10 0.605263 0.495066 0.077303 0.106908
12 0.825658 0.495066 0.083882 0.098684
9 0.935855 0.495066 0.069079 0.092105
0 0.054276 0.605263 0.085526 0.098684
1 0.164474 0.605263 0.080592 0.097039
4 0.274671 0.605263 0.072368 0.123355
10 0.384868 0.605263 0.069079 0.093750
13 0.495066 0.605263 0.078947 0.106908
1 0.605263 0.605263 0.083882 0.106908
7 0.715461 0.605263 0.077303 0.095395
11 0.825658 0.605263 0.082237 0.098684
12 0.935855 0.605263 0.083882 0.087171
13 0.605263 0.715461 0.080592 0.100329
8 0.715461 0.715461 0.074013 0.123355
0 0.935855 0.715461 0.077303 0.106908
8 0.054276 0.825658 0.074013 0.123355
0 0.495066 0.825658 0.078947 0.101974
0 0.825658 0.825658 0.078947 0.101974
8 0.935855 0.825658 0.077303 0.118421
0 0.054276 0.935855 0.077303 0.106908
4 0.164474 0.935855 0.078947 0.093750
5 0.274671 0.935855 0.082237 0.108553
12 0.384868 0.935855 0.075658 0.095395
0 0.605263 0.935855 0.078947 0.101974
4 0.715461 0.935855 0.105263 0.092105
