10 0.054276 0.057566 0.070724 0.116776
11 0.164474 0.054276 0.077303 0.110197
7 0.274671 0.054276 0.070724 0.090461
12 0.384868 0.055921 0.080592 0.113487
0 0.495066 0.054276 0.077303 0.100329
4 0.715461 0.057566 0.069079 0.116776
4 0.384868 0.164474 0.069079 0.116776
5 0.605263 0.164474 0.078947 0.097039
0 0.274671 0.274671 0.075658 0.097039
13 0.384868 0.274671 0.078947 0.090461
9 0.495066 0.274671 0.074013 0.097039
7 0.715461 0.274671 0.070724 0.090461
4 0.935855 0.274671 0.075658 0.113487
0 0.164474 0.384868 0.075658 0.097039
10 0.384868 0.384868 0.072368 0.121711
9 0.495066 0.384868 0.065789 0.095395
7 0.605263 0.384868 0.070724 0.090461
12 0.715461 0.384868 0.080592 0.113487
0 0.054276 0.495066 0.077303 0.100329
1 0.164474 0.495066 0.080592 0.097039
8 0.274671 0.495066 0.072368 0.095395
8 0.495066 0.495066 0.074013 0.123355
0 0.715461 0.495066 0.075658 0.097039
10 0.935855 0.495066 0.070724 0.116776
4 0.054276 0.605263 0.078947 0.106908
4 0.164474 0.605263 0.069079 0.116776
0 0.274671 0.605263 0.077303 0.100329
0 0.384868 0.605263 0.082237 0.113487
11 0.825658 0.605263 0.070724 0.075658
0 0.935855 0.605263 0.075658 0.097039
0 0.384868 0.715461 0.077303 0.100329
8 0.495066 0.715461 0.072368 0.095395
0 0.605263 0.715461 0.077303 0.100329
12 0.054276 0.825658 0.078947 0.092105
4 0.164474 0.825658 0.078947 0.106908
0 0.274671 0.825658 0.075658 0.097039
13 0.384868 0.825658 0.088816 0.098684
0 0.495066 0.825658 0.082237 0.113487
1 0.935855 0.825658 0.080592 0.097039
8 0.054276 0.935855 0.072368 0.125000
0 0.164474 0.935855 0.082237 0.113487
13 0.384868 0.935855 0.088816 0.098684
5 0.495066 0.935855 0.074013 0.105263
0 0.825658 0.935855 0.077303 0.100329
