12 0.274671 0.054276 0.095395 0.082237
8 0.384868 0.060855 0.074013 0.123355
8 0.495066 0.060855 0.074013 0.123355
11 0.605263 0.054276 0.080592 0.098684
13 0.935855 0.054276 0.075658 0.105263
0 0.054276 0.164474 0.088816 0.110197
0 0.715461 0.164474 0.074013 0.098684
1 0.935855 0.164474 0.088816 0.115132
7 0.164474 0.274671 0.062500 0.093750
4 0.274671 0.274671 0.075658 0.113487
9 0.715461 0.274671 0.077303 0.100329
0 0.825658 0.274671 0.088816 0.110197
4 0.054276 0.384868 0.075658 0.113487
7 0.164474 0.384868 0.085526 0.098684
7 0.384868 0.384868 0.085526 0.098684
9 0.825658 0.384868 0.077303 0.100329
1 0.935855 0.384868 0.077303 0.093750
10 0.164474 0.495066 0.067434 0.106908
8 0.274671 0.495066 0.074013 0.123355
0 0.495066 0.495066 0.074013 0.098684
10 0.605263 0.495066 0.077303 0.106908
0 0.715461 0.495066 0.082237 0.113487
4 0.164474 0.605263 0.074013 0.115132
11 0.274671 0.605263 0.080592 0.098684
5 0.715461 0.605263 0.082237 0.108553
12 0.825658 0.605263 0.069079 0.088816
0 0.164474 0.715461 0.082237 0.113487
4 0.274671 0.715461 0.074013 0.115132
0 0.384868 0.715461 0.082237 0.113487
0 0.495066 0.715461 0.088816 0.110197
0 0.605263 0.715461 0.088816 0.110197
5 0.715461 0.715461 0.088816 0.110197
4 0.825658 0.715461 0.082237 0.105263
12 0.054276 0.825658 0.078947 0.092105
0 0.164474 0.825658 0.077303 0.092105
4 0.274671 0.825658 0.075658 0.113487
0 0.495066 0.825658 0.082237 0.113487
0 0.715461 0.825658 0.074013 0.098684
5 0.825658 0.825658 0.088816 0.110197
0 0.054276 0.935855 0.074013 0.098684
0 0.384868 0.935855 0.077303 0.092105
8 0.495066 0.935855 0.074013 0.123355
13 0.605263 0.935855 0.062500 0.083882
13 0.935855 0.935855 0.062500 0.083882
