12 0.164474 0.055921 0.080592 0.113487
1 0.274671 0.054276 0.080592 0.097039
0 0.605263 0.055921 0.078947 0.111842
0 0.715461 0.054276 0.077303 0.106908
8 0.825658 0.054276 0.072368 0.095395
0 0.054276 0.164474 0.075658 0.097039
0 0.605263 0.164474 0.075658 0.097039
9 0.715461 0.164474 0.069079 0.083882
11 0.054276 0.274671 0.077303 0.110197
8 0.164474 0.274671 0.075658 0.111842
10 0.274671 0.274671 0.070724 0.116776
13 0.605263 0.274671 0.087171 0.108553
0 0.825658 0.274671 0.085526 0.098684
5 0.054276 0.384868 0.074013 0.105263
4 0.164474 0.384868 0.072368 0.123355
10 0.274671 0.384868 0.069079 0.093750
7 0.605263 0.384868 0.070724 0.093750
4 0.715461 0.384868 0.078947 0.093750
7 0.935855 0.384868 0.067434 0.087171
12 0.274671 0.495066 0.078947 0.095395
11 0.495066 0.495066 0.080592 0.101974
0 0.605263 0.495066 0.078947 0.111842
5 0.935855 0.495066 0.075658 0.097039
7 0.054276 0.605263 0.067434 0.087171
0 0.274671 0.605263 0.078947 0.111842
4 0.384868 0.605263 0.067434 0.120066
13 0.495066 0.605263 0.075658 0.095395
0 0.715461 0.605263 0.077303 0.106908
0 0.825658 0.605263 0.075658 0.097039
13 0.935855 0.605263 0.075658 0.095395
12 0.054276 0.715461 0.083882 0.098684
0 0.605263 0.715461 0.078947 0.111842
9 0.715461 0.715461 0.069079 0.083882
0 0.825658 0.715461 0.085526 0.098684
4 0.164474 0.825658 0.067434 0.120066
1 0.274671 0.825658 0.080592 0.097039
5 0.495066 0.825658 0.075658 0.097039
4 0.935855 0.825658 0.072368 0.123355
8 0.054276 0.935855 0.075658 0.111842
4 0.164474 0.935855 0.069079 0.116776
0 0.274671 0.935855 0.075658 0.097039
8 0.384868 0.935855 0.075658 0.111842
0 0.605263 0.935855 0.078947 0.111842
0 0.935855 0.935855 0.077303 0.106908
