5 0.164474 0.054276 0.075658 0.097039
4 0.384868 0.057566 0.072368 0.116776
4 0.495066 0.055921 0.075658 0.113487
11 0.605263 0.054276 0.082237 0.098684
12 0.715461 0.054276 0.078947 0.092105
0 0.935855 0.055921 0.082237 0.113487
13 0.164474 0.164474 0.083882 0.093750
13 0.384868 0.164474 0.083882 0.093750
7 0.495066 0.164474 0.069079 0.101974
0 0.935855 0.164474 0.074013 0.106908
5 0.054276 0.274671 0.078947 0.097039
7 0.164474 0.274671 0.075658 0.105263
0 0.384868 0.274671 0.074013 0.106908
8 0.935855 0.274671 0.074013 0.123355
10 0.054276 0.384868 0.069079 0.093750
0 0.164474 0.384868 0.074013 0.106908
10 0.384868 0.384868 0.067434 0.106908
0 0.605263 0.384868 0.085526 0.098684
7 0.825658 0.384868 0.075658 0.105263
8 0.054276 0.495066 0.077303 0.121711
12 0.164474 0.495066 0.083882 0.098684
0 0.495066 0.495066 0.074013 0.106908
12 0.605263 0.495066 0.075658 0.090461
1 0.715461 0.495066 0.080592 0.097039
4 0.825658 0.495066 0.075658 0.113487
11 0.935855 0.495066 0.087171 0.097039
0 0.054276 0.605263 0.074013 0.106908
8 0.164474 0.605263 0.074013 0.123355
1 0.384868 0.605263 0.077303 0.103618
0 0.495066 0.605263 0.085526 0.110197
4 0.715461 0.605263 0.078947 0.093750
0 0.825658 0.605263 0.085526 0.098684
0 0.935855 0.605263 0.085526 0.110197
4 0.054276 0.715461 0.072368 0.116776
10 0.384868 0.715461 0.067434 0.106908
0 0.605263 0.715461 0.085526 0.110197
9 0.715461 0.715461 0.065789 0.095395
4 0.935855 0.715461 0.075658 0.113487
0 0.274671 0.825658 0.074013 0.106908
13 0.384868 0.825658 0.077303 0.095395
8 0.935855 0.825658 0.077303 0.121711
0 0.274671 0.935855 0.082237 0.113487
9 0.384868 0.935855 0.069079 0.083882
0 0.605263 0.935855 0.082237 0.113487
