0 0.164474 0.054276 0.074013 0.098684
7 0.384868 0.054276 0.085526 0.098684
1 0.495066 0.054276 0.075658 0.103618
9 0.715461 0.054276 0.070724 0.090461
12 0.274671 0.164474 0.083882 0.093750
9 0.715461 0.164474 0.070724 0.090461
0 0.825658 0.164474 0.074013 0.098684
4 0.164474 0.274671 0.082237 0.105263
0 0.274671 0.274671 0.075658 0.098684
4 0.384868 0.274671 0.075658 0.133224
0 0.495066 0.274671 0.075658 0.098684
7 0.825658 0.274671 0.062500 0.093750
11 0.935855 0.274671 0.095395 0.080592
13 0.384868 0.384868 0.062500 0.083882
1 0.495066 0.384868 0.075658 0.103618
0 0.715461 0.384868 0.074013 0.098684
5 0.935855 0.384868 0.088816 0.110197
4 0.054276 0.495066 0.075658 0.118421
0 0.164474 0.495066 0.075658 0.098684
7 0.384868 0.495066 0.085526 0.098684
0 0.605263 0.495066 0.075658 0.098684
0 0.825658 0.495066 0.075658 0.098684
12 0.935855 0.495066 0.083882 0.093750
12 0.164474 0.605263 0.083882 0.093750
8 0.715461 0.605263 0.074013 0.123355
8 0.825658 0.605263 0.074013 0.123355
10 0.054276 0.715461 0.080592 0.098684
8 0.274671 0.715461 0.074013 0.123355
4 0.384868 0.715461 0.082237 0.105263
0 0.495066 0.715461 0.075658 0.098684
0 0.605263 0.715461 0.077303 0.092105
4 0.715461 0.715461 0.082237 0.105263
5 0.054276 0.825658 0.088816 0.110197
0 0.164474 0.825658 0.074013 0.098684
0 0.274671 0.825658 0.074013 0.098684
10 0.384868 0.825658 0.074013 0.106908
13 0.495066 0.825658 0.062500 0.083882
11 0.605263 0.825658 0.078947 0.085526
13 0.825658 0.825658 0.074013 0.085526
0 0.054276 0.935855 0.074013 0.098684
8 0.164474 0.935855 0.072368 0.100329
10 0.274671 0.935855 0.070724 0.105263
4 0.384868 0.935855 0.082237 0.105263
0 0.715461 0.935855 0.077303 0.092105
