4 0.495066 0.055921 0.088816 0.113487
0 0.605263 0.057566 0.087171 0.116776
8 0.715461 0.059211 0.078947 0.120066
8 0.825658 0.059211 0.078947 0.120066
0 0.935855 0.054276 0.077303 0.092105
7 0.054276 0.164474 0.062500 0.093750
10 0.164474 0.164474 0.074013 0.121711
13 0.274671 0.164474 0.075658 0.105263
4 0.384868 0.164474 0.088816 0.113487
0 0.495066 0.164474 0.077303 0.092105
13 0.715461 0.164474 0.075658 0.105263
7 0.825658 0.164474 0.090461 0.085526
0 0.935855 0.164474 0.077303 0.100329
0 0.054276 0.274671 0.087171 0.116776
0 0.274671 0.274671 0.077303 0.098684
10 0.384868 0.274671 0.064145 0.103618
11 0.495066 0.274671 0.080592 0.090461
0 0.715461 0.274671 0.087171 0.116776
5 0.495066 0.384868 0.074013 0.100329
4 0.605263 0.384868 0.074013 0.134868
0 0.715461 0.384868 0.087171 0.116776
4 0.054276 0.495066 0.082237 0.105263
0 0.605263 0.495066 0.077303 0.100329
0 0.715461 0.495066 0.077303 0.092105
7 0.825658 0.495066 0.090461 0.085526
0 0.935855 0.495066 0.077303 0.100329
12 0.054276 0.605263 0.077303 0.100329
0 0.384868 0.605263 0.087171 0.116776
1 0.935855 0.605263 0.087171 0.105263
0 0.054276 0.715461 0.087171 0.116776
0 0.164474 0.715461 0.077303 0.098684
13 0.274671 0.715461 0.075658 0.105263
12 0.384868 0.715461 0.077303 0.100329
11 0.715461 0.715461 0.080592 0.090461
4 0.825658 0.715461 0.078947 0.106908
9 0.935855 0.715461 0.085526 0.077303
8 0.274671 0.825658 0.078947 0.120066
12 0.495066 0.825658 0.092105 0.098684
5 0.605263 0.825658 0.074013 0.100329
10 0.715461 0.825658 0.074013 0.106908
9 0.825658 0.825658 0.085526 0.077303
4 0.274671 0.935855 0.078947 0.106908
1 0.384868 0.935855 0.075658 0.103618
8 0.495066 0.935855 0.072368 0.125000
