0 0.274671 0.054276 0.085526 0.101974
13 0.384868 0.054276 0.080592 0.101974
0 0.605263 0.054276 0.088816 0.106908
0 0.715461 0.057566 0.078947 0.115132
9 0.825658 0.054276 0.093750 0.087171
8 0.274671 0.164474 0.085526 0.103618
13 0.495066 0.164474 0.080592 0.100329
4 0.715461 0.164474 0.062500 0.101974
0 0.825658 0.164474 0.085526 0.101974
0 0.164474 0.274671 0.078947 0.115132
9 0.274671 0.274671 0.080592 0.105263
1 0.384868 0.274671 0.080592 0.108553
10 0.495066 0.274671 0.075658 0.103618
4 0.605263 0.274671 0.105263 0.092105
0 0.715461 0.274671 0.085526 0.101974
1 0.825658 0.274671 0.083882 0.106908
12 0.935855 0.274671 0.083882 0.087171
13 0.054276 0.384868 0.100329 0.095395
0 0.164474 0.384868 0.078947 0.115132
4 0.274671 0.384868 0.105263 0.092105
7 0.384868 0.384868 0.077303 0.095395
0 0.605263 0.384868 0.078947 0.101974
5 0.715461 0.384868 0.080592 0.095395
0 0.825658 0.384868 0.078947 0.115132
0 0.164474 0.495066 0.088816 0.106908
0 0.825658 0.495066 0.085526 0.101974
5 0.054276 0.605263 0.082237 0.108553
7 0.164474 0.605263 0.075658 0.101974
8 0.384868 0.605263 0.097039 0.105263
4 0.495066 0.605263 0.074013 0.113487
0 0.605263 0.605263 0.078947 0.101974
4 0.825658 0.605263 0.060855 0.113487
11 0.935855 0.605263 0.082237 0.100329
4 0.164474 0.715461 0.105263 0.092105
10 0.274671 0.715461 0.069079 0.111842
8 0.605263 0.715461 0.101974 0.093750
11 0.715461 0.715461 0.082237 0.100329
8 0.054276 0.825658 0.085526 0.103618
0 0.495066 0.825658 0.085526 0.101974
12 0.605263 0.825658 0.080592 0.115132
5 0.935855 0.825658 0.082237 0.108553
12 0.495066 0.935855 0.080592 0.115132
0 0.825658 0.935855 0.088816 0.106908
7 0.935855 0.935855 0.077303 0.095395
