4 0.274671 0.057566 0.074013 0.115132
10 0.384868 0.060855 0.074013 0.121711
0 0.495066 0.054276 0.077303 0.098684
0 0.715461 0.054276 0.078947 0.101974
1 0.935855 0.054276 0.083882 0.106908
11 0.054276 0.164474 0.083882 0.098684
13 0.164474 0.164474 0.100329 0.095395
9 0.274671 0.164474 0.077303 0.097039
0 0.384868 0.164474 0.077303 0.098684
9 0.715461 0.164474 0.069079 0.092105
8 0.825658 0.164474 0.077303 0.118421
8 0.935855 0.164474 0.077303 0.118421
1 0.054276 0.274671 0.080592 0.108553
0 0.164474 0.274671 0.077303 0.098684
8 0.274671 0.274671 0.074013 0.097039
0 0.384868 0.274671 0.077303 0.098684
7 0.495066 0.274671 0.074013 0.093750
0 0.605263 0.274671 0.088816 0.110197
0 0.715461 0.274671 0.078947 0.115132
0 0.825658 0.274671 0.077303 0.098684
8 0.935855 0.274671 0.077303 0.121711
0 0.054276 0.384868 0.085526 0.101974
4 0.164474 0.384868 0.060855 0.113487
13 0.274671 0.384868 0.083882 0.093750
1 0.384868 0.384868 0.080592 0.108553
4 0.495066 0.384868 0.074013 0.115132
1 0.605263 0.384868 0.080592 0.108553
5 0.715461 0.384868 0.083882 0.105263
4 0.825658 0.384868 0.072368 0.116776
11 0.054276 0.495066 0.083882 0.098684
0 0.164474 0.495066 0.078947 0.101974
8 0.274671 0.495066 0.101974 0.093750
0 0.384868 0.495066 0.078947 0.115132
4 0.605263 0.495066 0.074013 0.115132
11 0.715461 0.495066 0.074013 0.110197
12 0.825658 0.495066 0.080592 0.115132
1 0.935855 0.495066 0.077303 0.093750
0 0.054276 0.605263 0.085526 0.110197
8 0.605263 0.605263 0.074013 0.097039
9 0.715461 0.605263 0.093750 0.087171
11 0.825658 0.605263 0.077303 0.116776
4 0.935855 0.605263 0.072368 0.116776
8 0.054276 0.715461 0.101974 0.093750
8 0.164474 0.715461 0.077303 0.121711
1 0.274671 0.715461 0.078947 0.097039
9 0.384868 0.715461 0.082237 0.088816
12 0.495066 0.715461 0.083882 0.087171
12 0.605263 0.715461 0.082237 0.110197
9 0.935855 0.715461 0.077303 0.097039
1 0.054276 0.825658 0.077303 0.093750
0 0.164474 0.825658 0.088816 0.110197
1 0.274671 0.825658 0.083882 0.106908
5 0.384868 0.825658 0.083882 0.105263
11 0.495066 0.825658 0.082237 0.100329
4 0.605263 0.825658 0.060855 0.113487
12 0.715461 0.825658 0.082237 0.110197
1 0.825658 0.825658 0.080592 0.108553
0 0.935855 0.825658 0.078947 0.101974
7 0.054276 0.935855 0.078947 0.103618
5 0.164474 0.935855 0.082237 0.108553
1 0.274671 0.935855 0.077303 0.093750
4 0.384868 0.935855 0.060855 0.113487
10 0.495066 0.935855 0.077303 0.106908
1 0.715461 0.935855 0.083882 0.106908
11 0.825658 0.935855 0.082237 0.100329
4 0.935855 0.935855 0.072368 0.116776
