7 0.054276 0.054276 0.062500 0.093750
0 0.164474 0.054276 0.078947 0.090461
4 0.274671 0.057566 0.072368 0.116776
1 0.384868 0.054276 0.078947 0.103618
11 0.495066 0.054276 0.080592 0.098684
0 0.605263 0.054276 0.085526 0.110197
4 0.715461 0.054276 0.062500 0.101974
8 0.825658 0.054276 0.097039 0.105263
4 0.935855 0.055921 0.060855 0.113487
5 0.054276 0.164474 0.072368 0.105263
4 0.274671 0.164474 0.077303 0.115132
12 0.384868 0.164474 0.069079 0.088816
0 0.495066 0.164474 0.085526 0.101974
12 0.715461 0.164474 0.082237 0.110197
12 0.825658 0.164474 0.074013 0.095395
9 0.935855 0.164474 0.070724 0.092105
9 0.054276 0.274671 0.069079 0.092105
10 0.164474 0.274671 0.074013 0.121711
4 0.274671 0.274671 0.077303 0.115132
0 0.384868 0.274671 0.078947 0.090461
1 0.495066 0.274671 0.078947 0.097039
9 0.715461 0.274671 0.070724 0.092105
1 0.825658 0.274671 0.078947 0.103618
10 0.935855 0.274671 0.067434 0.093750
1 0.054276 0.384868 0.078947 0.103618
8 0.164474 0.384868 0.077303 0.121711
7 0.384868 0.384868 0.090461 0.085526
4 0.495066 0.384868 0.062500 0.101974
5 0.605263 0.384868 0.077303 0.103618
4 0.715461 0.384868 0.082237 0.105263
8 0.825658 0.384868 0.077303 0.121711
4 0.935855 0.384868 0.088816 0.113487
11 0.054276 0.495066 0.077303 0.116776
0 0.164474 0.495066 0.077303 0.092105
9 0.274671 0.495066 0.085526 0.077303
9 0.384868 0.495066 0.077303 0.103618
11 0.495066 0.495066 0.078947 0.095395
8 0.715461 0.495066 0.101974 0.093750
8 0.825658 0.495066 0.101974 0.093750
1 0.935855 0.495066 0.078947 0.103618
13 0.274671 0.605263 0.083882 0.093750
5 0.384868 0.605263 0.080592 0.095395
0 0.495066 0.605263 0.088816 0.106908
1 0.605263 0.605263 0.092105 0.098684
4 0.715461 0.605263 0.062500 0.101974
8 0.935855 0.605263 0.097039 0.105263
0 0.054276 0.715461 0.085526 0.110197
0 0.164474 0.715461 0.085526 0.110197
0 0.384868 0.715461 0.087171 0.116776
12 0.495066 0.715461 0.092105 0.098684
11 0.605263 0.715461 0.077303 0.116776
8 0.935855 0.715461 0.097039 0.105263
0 0.054276 0.825658 0.087171 0.116776
11 0.164474 0.825658 0.080592 0.098684
1 0.274671 0.825658 0.087171 0.105263
1 0.495066 0.825658 0.092105 0.098684
0 0.715461 0.825658 0.085526 0.110197
11 0.825658 0.825658 0.080592 0.098684
0 0.935855 0.825658 0.085526 0.110197
8 0.164474 0.935855 0.072368 0.100329
1 0.274671 0.935855 0.085526 0.106908
13 0.384868 0.935855 0.080592 0.100329
1 0.495066 0.935855 0.092105 0.098684
1 0.605263 0.935855 0.078947 0.097039
0 0.715461 0.935855 0.087171 0.116776
0 0.935855 0.935855 0.085526 0.101974
