9 0.274671 0.054276 0.077303 0.097039
11 0.384868 0.054276 0.070724 0.075658
0 0.495066 0.057566 0.087171 0.116776
4 0.605263 0.054276 0.078947 0.106908
4 0.715461 0.055921 0.088816 0.113487
8 0.825658 0.062500 0.083882 0.126645
0 0.935855 0.054276 0.075658 0.098684
4 0.054276 0.164474 0.075658 0.133224
8 0.164474 0.164474 0.070724 0.092105
4 0.384868 0.164474 0.074013 0.113487
0 0.495066 0.164474 0.078947 0.115132
0 0.605263 0.164474 0.087171 0.116776
9 0.715461 0.164474 0.070724 0.090461
1 0.054276 0.274671 0.087171 0.105263
0 0.164474 0.274671 0.078947 0.115132
7 0.274671 0.274671 0.078947 0.085526
8 0.605263 0.274671 0.083882 0.126645
0 0.715461 0.274671 0.085526 0.101974
12 0.825658 0.274671 0.082237 0.110197
0 0.935855 0.274671 0.075658 0.098684
13 0.054276 0.384868 0.074013 0.085526
8 0.164474 0.384868 0.083882 0.126645
11 0.384868 0.384868 0.092105 0.103618
11 0.495066 0.384868 0.077303 0.116776
7 0.605263 0.384868 0.078947 0.085526
12 0.715461 0.384868 0.082237 0.110197
4 0.825658 0.384868 0.088816 0.113487
0 0.935855 0.384868 0.075658 0.098684
9 0.054276 0.495066 0.077303 0.097039
1 0.164474 0.495066 0.080592 0.108553
1 0.274671 0.495066 0.078947 0.106908
4 0.605263 0.495066 0.075658 0.133224
1 0.715461 0.495066 0.078947 0.097039
4 0.825658 0.495066 0.078947 0.106908
9 0.935855 0.495066 0.085526 0.077303
1 0.054276 0.605263 0.083882 0.097039
9 0.164474 0.605263 0.070724 0.090461
10 0.274671 0.605263 0.074013 0.121711
11 0.384868 0.605263 0.077303 0.116776
8 0.495066 0.605263 0.101974 0.093750
1 0.605263 0.605263 0.083882 0.097039
0 0.715461 0.605263 0.078947 0.115132
0 0.825658 0.605263 0.087171 0.116776
1 0.935855 0.605263 0.083882 0.097039
0 0.054276 0.715461 0.078947 0.115132
5 0.164474 0.715461 0.083882 0.105263
11 0.274671 0.715461 0.078947 0.085526
5 0.384868 0.715461 0.083882 0.105263
0 0.495066 0.715461 0.085526 0.101974
1 0.605263 0.715461 0.080592 0.108553
12 0.715461 0.715461 0.092105 0.098684
8 0.825658 0.715461 0.101974 0.093750
8 0.935855 0.715461 0.101974 0.093750
4 0.054276 0.825658 0.088816 0.113487
10 0.164474 0.825658 0.074013 0.121711
5 0.274671 0.825658 0.074013 0.101974
0 0.825658 0.825658 0.078947 0.115132
13 0.935855 0.825658 0.074013 0.085526
0 0.054276 0.935855 0.087171 0.116776
11 0.164474 0.935855 0.092105 0.103618
1 0.274671 0.935855 0.078947 0.097039
12 0.384868 0.935855 0.082237 0.110197
8 0.605263 0.935855 0.078947 0.120066
1 0.715461 0.935855 0.078947 0.106908
1 0.825658 0.935855 0.078947 0.097039
4 0.935855 0.935855 0.088816 0.113487
