9 0.054276 0.054276 0.093750 0.087171
4 0.164474 0.057566 0.077303 0.115132
4 0.274671 0.059211 0.075658 0.118421
1 0.384868 0.054276 0.078947 0.103618
1 0.495066 0.054276 0.083882 0.106908
11 0.605263 0.054276 0.083882 0.098684
4 0.715461 0.054276 0.105263 0.092105
0 0.935855 0.054276 0.088816 0.110197
4 0.054276 0.164474 0.105263 0.092105
0 0.164474 0.164474 0.078947 0.101974
12 0.274671 0.164474 0.083882 0.087171
12 0.384868 0.164474 0.075658 0.095395
11 0.495066 0.164474 0.083882 0.098684
7 0.605263 0.164474 0.078947 0.103618
1 0.715461 0.164474 0.083882 0.106908
11 0.825658 0.164474 0.095395 0.080592
1 0.935855 0.164474 0.078947 0.103618
4 0.164474 0.274671 0.075658 0.118421
0 0.384868 0.274671 0.074013 0.098684
11 0.495066 0.274671 0.083882 0.098684
8 0.605263 0.274671 0.085526 0.103618
4 0.935855 0.274671 0.074013 0.115132
9 0.054276 0.384868 0.082237 0.088816
8 0.164474 0.384868 0.074013 0.123355
12 0.274671 0.384868 0.074013 0.097039
5 0.384868 0.384868 0.077303 0.098684
5 0.605263 0.384868 0.088816 0.110197
1 0.715461 0.384868 0.083882 0.106908
0 0.825658 0.384868 0.078947 0.090461
11 0.935855 0.384868 0.095395 0.080592
9 0.054276 0.495066 0.093750 0.101974
8 0.164474 0.495066 0.074013 0.123355
0 0.274671 0.495066 0.078947 0.101974
7 0.384868 0.495066 0.077303 0.095395
4 0.495066 0.495066 0.077303 0.115132
9 0.605263 0.495066 0.093750 0.087171
11 0.715461 0.495066 0.095395 0.080592
10 0.825658 0.495066 0.075658 0.103618
1 0.935855 0.495066 0.083882 0.106908
0 0.164474 0.605263 0.078947 0.101974
1 0.274671 0.605263 0.088816 0.115132
8 0.384868 0.605263 0.074013 0.123355
0 0.495066 0.605263 0.074013 0.098684
0 0.605263 0.605263 0.074013 0.098684
0 0.715461 0.605263 0.088816 0.110197
8 0.935855 0.605263 0.085526 0.103618
4 0.054276 0.715461 0.075658 0.118421
0 0.164474 0.715461 0.074013 0.098684
0 0.384868 0.715461 0.074013 0.098684
5 0.495066 0.715461 0.082237 0.108553
12 0.715461 0.715461 0.083882 0.087171
13 0.825658 0.715461 0.080592 0.100329
1 0.054276 0.825658 0.078947 0.103618
1 0.164474 0.825658 0.083882 0.106908
1 0.384868 0.825658 0.088816 0.115132
1 0.495066 0.825658 0.088816 0.115132
0 0.715461 0.825658 0.088816 0.110197
8 0.935855 0.825658 0.077303 0.118421
8 0.054276 0.935855 0.085526 0.103618
13 0.164474 0.935855 0.062500 0.083882
9 0.274671 0.935855 0.093750 0.101974
0 0.384868 0.935855 0.074013 0.098684
10 0.605263 0.935855 0.075658 0.103618
8 0.715461 0.935855 0.085526 0.103618
4 0.825658 0.935855 0.074013 0.115132
0 0.935855 0.935855 0.078947 0.101974
