9 0.054276 0.054276 0.077303 0.103618
7 0.164474 0.054276 0.077303 0.095395
4 0.274671 0.067434 0.074013 0.134868
0 0.495066 0.057566 0.078947 0.115132
4 0.605263 0.054276 0.078947 0.093750
0 0.054276 0.164474 0.077303 0.098684
5 0.164474 0.164474 0.083882 0.105263
0 0.384868 0.164474 0.085526 0.098684
1 0.495066 0.164474 0.080592 0.108553
10 0.605263 0.164474 0.067434 0.093750
0 0.715461 0.164474 0.078947 0.090461
10 0.825658 0.164474 0.075658 0.103618
4 0.935855 0.164474 0.074013 0.113487
0 0.054276 0.274671 0.078947 0.115132
1 0.164474 0.274671 0.080592 0.108553
0 0.384868 0.274671 0.078947 0.090461
0 0.495066 0.274671 0.078947 0.115132
9 0.605263 0.274671 0.080592 0.105263
4 0.715461 0.274671 0.077303 0.115132
4 0.935855 0.274671 0.074013 0.134868
8 0.054276 0.384868 0.085526 0.103618
12 0.164474 0.384868 0.083882 0.098684
12 0.274671 0.384868 0.083882 0.087171
11 0.384868 0.384868 0.083882 0.098684
1 0.495066 0.384868 0.080592 0.108553
5 0.605263 0.384868 0.082237 0.108553
0 0.715461 0.384868 0.085526 0.098684
1 0.825658 0.384868 0.083882 0.106908
4 0.935855 0.384868 0.074013 0.113487
1 0.054276 0.495066 0.074013 0.103618
1 0.164474 0.495066 0.080592 0.097039
0 0.274671 0.495066 0.078947 0.115132
8 0.384868 0.495066 0.067434 0.121711
0 0.495066 0.495066 0.078947 0.115132
1 0.605263 0.495066 0.083882 0.106908
4 0.825658 0.495066 0.077303 0.115132
4 0.054276 0.605263 0.074013 0.113487
11 0.164474 0.605263 0.092105 0.103618
11 0.274671 0.605263 0.082237 0.098684
12 0.495066 0.605263 0.083882 0.098684
0 0.605263 0.605263 0.085526 0.098684
11 0.825658 0.605263 0.083882 0.098684
11 0.935855 0.605263 0.083882 0.098684
8 0.164474 0.715461 0.074013 0.097039
4 0.274671 0.715461 0.074013 0.113487
0 0.384868 0.715461 0.077303 0.098684
1 0.495066 0.715461 0.078947 0.103618
9 0.605263 0.715461 0.070724 0.090461
13 0.715461 0.715461 0.062500 0.083882
1 0.825658 0.715461 0.080592 0.097039
13 0.935855 0.715461 0.080592 0.100329
12 0.054276 0.825658 0.078947 0.095395
9 0.164474 0.825658 0.080592 0.105263
0 0.274671 0.825658 0.078947 0.090461
8 0.495066 0.825658 0.085526 0.103618
8 0.605263 0.825658 0.083882 0.126645
9 0.715461 0.825658 0.080592 0.105263
1 0.935855 0.825658 0.080592 0.097039
11 0.054276 0.935855 0.092105 0.103618
8 0.164474 0.935855 0.083882 0.126645
0 0.274671 0.935855 0.078947 0.115132
7 0.495066 0.935855 0.077303 0.095395
1 0.605263 0.935855 0.080592 0.108553
5 0.715461 0.935855 0.080592 0.097039
8 0.825658 0.935855 0.074013 0.097039
8 0.935855 0.935855 0.067434 0.121711
