5 0.054276 0.054276 0.072368 0.105263
7 0.164474 0.054276 0.074013 0.093750
8 0.274671 0.062500 0.072368 0.125000
13 0.384868 0.054276 0.082237 0.095395
4 0.495066 0.055921 0.060855 0.113487
1 0.715461 0.054276 0.083882 0.097039
4 0.825658 0.055921 0.088816 0.113487
0 0.935855 0.057566 0.078947 0.115132
10 0.054276 0.164474 0.072368 0.121711
9 0.164474 0.164474 0.093750 0.101974
10 0.274671 0.164474 0.074013 0.121711
4 0.384868 0.164474 0.060855 0.113487
4 0.495066 0.164474 0.060855 0.113487
13 0.605263 0.164474 0.100329 0.095395
5 0.825658 0.164474 0.088816 0.110197
1 0.935855 0.164474 0.083882 0.097039
8 0.054276 0.274671 0.072368 0.125000
1 0.164474 0.274671 0.078947 0.097039
4 0.274671 0.274671 0.088816 0.113487
5 0.384868 0.274671 0.074013 0.101974
4 0.495066 0.274671 0.060855 0.113487
1 0.605263 0.274671 0.087171 0.105263
4 0.825658 0.274671 0.060855 0.113487
4 0.935855 0.274671 0.088816 0.113487
9 0.054276 0.384868 0.093750 0.101974
12 0.384868 0.384868 0.082237 0.110197
1 0.495066 0.384868 0.078947 0.097039
0 0.605263 0.384868 0.085526 0.101974
1 0.715461 0.384868 0.088816 0.115132
0 0.825658 0.384868 0.085526 0.101974
12 0.935855 0.384868 0.080592 0.115132
1 0.054276 0.495066 0.080592 0.108553
0 0.164474 0.495066 0.077303 0.100329
9 0.274671 0.495066 0.080592 0.105263
0 0.605263 0.495066 0.085526 0.101974
12 0.715461 0.495066 0.082237 0.110197
11 0.825658 0.495066 0.092105 0.103618
1 0.935855 0.495066 0.087171 0.105263
11 0.054276 0.605263 0.075658 0.080592
1 0.164474 0.605263 0.080592 0.108553
0 0.274671 0.605263 0.087171 0.116776
4 0.384868 0.605263 0.088816 0.113487
0 0.495066 0.605263 0.085526 0.101974
0 0.715461 0.605263 0.085526 0.101974
11 0.825658 0.605263 0.092105 0.103618
0 0.935855 0.605263 0.074013 0.098684
9 0.164474 0.715461 0.077303 0.097039
11 0.384868 0.715461 0.075658 0.080592
8 0.495066 0.715461 0.078947 0.120066
8 0.605263 0.715461 0.072368 0.125000
0 0.054276 0.825658 0.074013 0.098684
7 0.164474 0.825658 0.085526 0.098684
11 0.274671 0.825658 0.077303 0.116776
8 0.384868 0.825658 0.074013 0.123355
11 0.495066 0.825658 0.077303 0.116776
8 0.605263 0.825658 0.074013 0.123355
0 0.715461 0.825658 0.085526 0.101974
12 0.825658 0.825658 0.082237 0.110197
1 0.935855 0.825658 0.088816 0.115132
0 0.164474 0.935855 0.074013 0.098684
0 0.274671 0.935855 0.087171 0.116776
0 0.384868 0.935855 0.085526 0.101974
8 0.495066 0.935855 0.078947 0.120066
9 0.605263 0.935855 0.077303 0.097039
1 0.715461 0.935855 0.083882 0.097039
8 0.825658 0.935855 0.074013 0.123355
