4 0.054276 0.067434 0.074013 0.134868
0 0.164474 0.054276 0.074013 0.106908
8 0.495066 0.054276 0.072368 0.110197
1 0.605263 0.054276 0.088816 0.106908
8 0.715461 0.054276 0.072368 0.110197
9 0.825658 0.054276 0.070724 0.092105
4 0.935855 0.054276 0.085526 0.095395
7 0.054276 0.164474 0.075658 0.105263
0 0.164474 0.164474 0.077303 0.098684
12 0.274671 0.164474 0.078947 0.095395
13 0.384868 0.164474 0.080592 0.101974
7 0.495066 0.164474 0.074013 0.093750
0 0.605263 0.164474 0.074013 0.106908
11 0.715461 0.164474 0.075658 0.101974
8 0.825658 0.164474 0.074013 0.097039
1 0.935855 0.164474 0.077303 0.103618
10 0.054276 0.274671 0.069079 0.111842
4 0.164474 0.274671 0.074013 0.134868
8 0.274671 0.274671 0.074013 0.123355
9 0.495066 0.274671 0.077303 0.097039
4 0.715461 0.274671 0.085526 0.095395
5 0.825658 0.274671 0.080592 0.097039
9 0.935855 0.274671 0.070724 0.082237
13 0.054276 0.384868 0.100329 0.095395
0 0.164474 0.384868 0.100329 0.087171
0 0.274671 0.384868 0.100329 0.087171
0 0.384868 0.384868 0.088816 0.106908
5 0.495066 0.384868 0.080592 0.095395
8 0.605263 0.384868 0.101974 0.093750
8 0.715461 0.384868 0.074013 0.097039
4 0.825658 0.384868 0.062500 0.101974
1 0.935855 0.384868 0.090461 0.097039
11 0.164474 0.495066 0.087171 0.103618
0 0.274671 0.495066 0.085526 0.101974
4 0.384868 0.495066 0.062500 0.101974
0 0.495066 0.495066 0.100329 0.087171
0 0.605263 0.495066 0.082237 0.113487
11 0.715461 0.495066 0.075658 0.101974
12 0.935855 0.495066 0.101974 0.085526
1 0.054276 0.605263 0.074013 0.103618
5 0.164474 0.605263 0.072368 0.105263
11 0.274671 0.605263 0.087171 0.103618
1 0.384868 0.605263 0.088816 0.106908
4 0.495066 0.605263 0.085526 0.095395
0 0.605263 0.605263 0.085526 0.101974
0 0.715461 0.605263 0.088816 0.106908
12 0.825658 0.605263 0.078947 0.095395
1 0.935855 0.605263 0.074013 0.103618
0 0.054276 0.715461 0.088816 0.106908
0 0.164474 0.715461 0.074013 0.106908
9 0.384868 0.715461 0.077303 0.097039
0 0.495066 0.715461 0.100329 0.087171
12 0.605263 0.715461 0.078947 0.095395
1 0.715461 0.715461 0.092105 0.098684
9 0.825658 0.715461 0.077303 0.097039
1 0.935855 0.715461 0.090461 0.097039
8 0.054276 0.825658 0.074013 0.123355
1 0.274671 0.825658 0.090461 0.097039
10 0.384868 0.825658 0.074013 0.121711
11 0.935855 0.825658 0.080592 0.090461
4 0.274671 0.935855 0.085526 0.095395
8 0.384868 0.935855 0.101974 0.106908
1 0.495066 0.935855 0.092105 0.098684
4 0.715461 0.935855 0.062500 0.101974
1 0.825658 0.935855 0.077303 0.103618
11 0.935855 0.935855 0.080592 0.090461
