4 0.054276 0.055921 0.074013 0.113487
5 0.384868 0.054276 0.083882 0.105263
8 0.495066 0.060855 0.067434 0.121711
11 0.605263 0.054276 0.087171 0.103618
0 0.715461 0.054276 0.078947 0.090461
0 0.935855 0.057566 0.078947 0.115132
8 0.164474 0.164474 0.074013 0.123355
1 0.274671 0.164474 0.080592 0.108553
4 0.384868 0.164474 0.074013 0.113487
0 0.605263 0.164474 0.078947 0.115132
4 0.715461 0.164474 0.075658 0.118421
4 0.825658 0.164474 0.077303 0.115132
0 0.935855 0.164474 0.078947 0.090461
0 0.054276 0.274671 0.074013 0.098684
0 0.164474 0.274671 0.100329 0.087171
0 0.274671 0.274671 0.100329 0.087171
11 0.384868 0.274671 0.092105 0.103618
1 0.495066 0.274671 0.078947 0.103618
0 0.605263 0.274671 0.100329 0.087171
1 0.715461 0.274671 0.088816 0.115132
0 0.825658 0.274671 0.074013 0.098684
11 0.935855 0.274671 0.070724 0.075658
4 0.054276 0.384868 0.078947 0.106908
9 0.164474 0.384868 0.077303 0.103618
5 0.274671 0.384868 0.080592 0.095395
7 0.384868 0.384868 0.083882 0.072368
1 0.495066 0.384868 0.080592 0.108553
1 0.605263 0.384868 0.078947 0.103618
8 0.715461 0.384868 0.067434 0.121711
8 0.825658 0.384868 0.067434 0.121711
9 0.935855 0.384868 0.080592 0.105263
0 0.164474 0.495066 0.074013 0.098684
9 0.274671 0.495066 0.077303 0.103618
0 0.384868 0.495066 0.100329 0.087171
11 0.495066 0.495066 0.092105 0.103618
8 0.605263 0.495066 0.067434 0.121711
12 0.825658 0.495066 0.095395 0.082237
8 0.935855 0.495066 0.072368 0.125000
12 0.164474 0.605263 0.095395 0.082237
4 0.274671 0.605263 0.085526 0.095395
8 0.384868 0.605263 0.072368 0.125000
11 0.495066 0.605263 0.095395 0.080592
1 0.605263 0.605263 0.080592 0.108553
13 0.715461 0.605263 0.062500 0.083882
4 0.825658 0.605263 0.078947 0.106908
13 0.054276 0.715461 0.062500 0.083882
0 0.274671 0.715461 0.078947 0.090461
0 0.384868 0.715461 0.074013 0.098684
1 0.495066 0.715461 0.080592 0.108553
12 0.605263 0.715461 0.101974 0.085526
8 0.715461 0.715461 0.072368 0.125000
10 0.825658 0.715461 0.072368 0.121711
1 0.935855 0.715461 0.078947 0.103618
0 0.054276 0.825658 0.077303 0.100329
12 0.164474 0.825658 0.077303 0.100329
9 0.274671 0.825658 0.070724 0.082237
7 0.605263 0.825658 0.077303 0.098684
5 0.715461 0.825658 0.088816 0.110197
1 0.825658 0.825658 0.080592 0.108553
10 0.935855 0.825658 0.072368 0.121711
4 0.054276 0.935855 0.077303 0.115132
4 0.274671 0.935855 0.074013 0.113487
9 0.384868 0.935855 0.077303 0.103618
11 0.605263 0.935855 0.087171 0.103618
1 0.825658 0.935855 0.078947 0.103618
1 0.935855 0.935855 0.090461 0.097039
