0 0.054276 0.054276 0.078947 0.090461
11 0.164474 0.054276 0.080592 0.101974
1 0.274671 0.054276 0.075658 0.103618
1 0.495066 0.054276 0.078947 0.090461
4 0.605263 0.057566 0.077303 0.115132
0 0.715461 0.054276 0.078947 0.090461
11 0.935855 0.054276 0.075658 0.101974
1 0.054276 0.164474 0.077303 0.103618
1 0.164474 0.164474 0.077303 0.103618
9 0.274671 0.164474 0.065789 0.095395
11 0.384868 0.164474 0.078947 0.085526
9 0.495066 0.164474 0.077303 0.103618
0 0.715461 0.164474 0.077303 0.092105
4 0.935855 0.164474 0.077303 0.115132
1 0.054276 0.274671 0.078947 0.090461
11 0.164474 0.274671 0.070724 0.075658
1 0.274671 0.274671 0.078947 0.106908
1 0.384868 0.274671 0.077303 0.103618
13 0.495066 0.274671 0.074013 0.085526
1 0.605263 0.274671 0.078947 0.106908
4 0.825658 0.274671 0.075658 0.133224
4 0.054276 0.384868 0.072368 0.123355
11 0.164474 0.384868 0.070724 0.075658
5 0.274671 0.384868 0.082237 0.097039
0 0.495066 0.384868 0.082237 0.113487
8 0.715461 0.384868 0.072368 0.125000
7 0.825658 0.384868 0.069079 0.097039
8 0.054276 0.495066 0.067434 0.121711
0 0.274671 0.495066 0.077303 0.106908
9 0.384868 0.495066 0.070724 0.090461
12 0.495066 0.495066 0.077303 0.100329
12 0.605263 0.495066 0.074013 0.097039
9 0.715461 0.495066 0.077303 0.100329
0 0.825658 0.495066 0.078947 0.090461
4 0.935855 0.495066 0.082237 0.105263
5 0.054276 0.605263 0.074013 0.100329
7 0.164474 0.605263 0.085526 0.098684
8 0.274671 0.605263 0.074013 0.123355
12 0.384868 0.605263 0.083882 0.093750
0 0.495066 0.605263 0.082237 0.113487
8 0.605263 0.605263 0.067434 0.121711
0 0.825658 0.605263 0.078947 0.090461
5 0.935855 0.605263 0.078947 0.097039
1 0.164474 0.715461 0.078947 0.103618
1 0.274671 0.715461 0.077303 0.103618
12 0.384868 0.715461 0.077303 0.100329
0 0.495066 0.715461 0.075658 0.098684
4 0.605263 0.715461 0.075658 0.113487
0 0.825658 0.715461 0.077303 0.100329
0 0.935855 0.715461 0.077303 0.100329
4 0.054276 0.825658 0.082237 0.105263
0 0.164474 0.825658 0.077303 0.100329
8 0.274671 0.825658 0.075658 0.111842
9 0.384868 0.825658 0.070724 0.090461
4 0.495066 0.825658 0.078947 0.106908
0 0.605263 0.825658 0.077303 0.106908
10 0.715461 0.825658 0.067434 0.106908
8 0.825658 0.825658 0.070724 0.092105
0 0.935855 0.825658 0.077303 0.092105
4 0.164474 0.935855 0.082237 0.105263
8 0.274671 0.935855 0.067434 0.121711
10 0.384868 0.935855 0.067434 0.093750
13 0.495066 0.935855 0.074013 0.085526
8 0.605263 0.935855 0.070724 0.092105
11 0.825658 0.935855 0.078947 0.095395
1 0.935855 0.935855 0.078947 0.090461
