8 0.164474 0.060855 0.074013 0.123355
12 0.274671 0.054276 0.078947 0.092105
4 0.384868 0.054276 0.085526 0.095395
8 0.495066 0.054276 0.085526 0.103618
0 0.605263 0.054276 0.078947 0.101974
0 0.715461 0.054276 0.100329 0.087171
10 0.825658 0.054276 0.067434 0.090461
8 0.935855 0.055921 0.075658 0.111842
1 0.054276 0.164474 0.077303 0.103618
1 0.605263 0.164474 0.075658 0.103618
9 0.715461 0.164474 0.093750 0.087171
4 0.825658 0.164474 0.082237 0.105263
8 0.935855 0.164474 0.101974 0.106908
5 0.054276 0.274671 0.080592 0.095395
0 0.164474 0.274671 0.100329 0.087171
12 0.384868 0.274671 0.082237 0.110197
8 0.495066 0.274671 0.101974 0.093750
9 0.715461 0.274671 0.065789 0.095395
0 0.825658 0.274671 0.077303 0.106908
13 0.935855 0.274671 0.100329 0.095395
8 0.164474 0.384868 0.075658 0.111842
5 0.274671 0.384868 0.082237 0.097039
9 0.384868 0.384868 0.093750 0.087171
1 0.495066 0.384868 0.077303 0.103618
11 0.605263 0.384868 0.087171 0.103618
12 0.715461 0.384868 0.082237 0.110197
11 0.935855 0.384868 0.075658 0.101974
7 0.054276 0.495066 0.074013 0.101974
0 0.274671 0.495066 0.077303 0.092105
4 0.384868 0.495066 0.082237 0.105263
1 0.495066 0.495066 0.078947 0.090461
11 0.605263 0.495066 0.083882 0.098684
0 0.715461 0.495066 0.100329 0.087171
8 0.825658 0.495066 0.074013 0.123355
0 0.935855 0.495066 0.082237 0.113487
1 0.164474 0.605263 0.090461 0.097039
8 0.274671 0.605263 0.101974 0.093750
11 0.384868 0.605263 0.087171 0.103618
0 0.495066 0.605263 0.100329 0.087171
0 0.605263 0.605263 0.077303 0.106908
1 0.715461 0.605263 0.078947 0.090461
5 0.935855 0.605263 0.072368 0.105263
7 0.054276 0.715461 0.069079 0.097039
4 0.164474 0.715461 0.105263 0.092105
0 0.274671 0.715461 0.077303 0.092105
12 0.384868 0.715461 0.078947 0.095395
4 0.495066 0.715461 0.075658 0.113487
9 0.605263 0.715461 0.077303 0.100329
0 0.715461 0.715461 0.077303 0.092105
0 0.825658 0.715461 0.078947 0.101974
13 0.935855 0.715461 0.083882 0.098684
4 0.054276 0.825658 0.072368 0.123355
4 0.164474 0.825658 0.072368 0.123355
9 0.274671 0.825658 0.065789 0.095395
1 0.384868 0.825658 0.078947 0.097039
1 0.495066 0.825658 0.090461 0.097039
1 0.605263 0.825658 0.078947 0.090461
4 0.715461 0.825658 0.075658 0.113487
4 0.825658 0.825658 0.060855 0.113487
0 0.935855 0.825658 0.077303 0.106908
1 0.054276 0.935855 0.083882 0.106908
10 0.164474 0.935855 0.074013 0.121711
11 0.274671 0.935855 0.077303 0.116776
0 0.495066 0.935855 0.077303 0.092105
11 0.715461 0.935855 0.083882 0.098684
1 0.825658 0.935855 0.078947 0.097039
