0 0.054276 0.054276 0.074013 0.106908
0 0.274671 0.057566 0.078947 0.115132
12 0.384868 0.057566 0.080592 0.115132
8 0.495066 0.062500 0.083882 0.126645
9 0.605263 0.054276 0.070724 0.092105
0 0.715461 0.054276 0.088816 0.106908
1 0.054276 0.164474 0.085526 0.106908
1 0.164474 0.164474 0.092105 0.098684
1 0.495066 0.164474 0.080592 0.108553
1 0.605263 0.164474 0.085526 0.106908
8 0.825658 0.164474 0.072368 0.110197
0 0.935855 0.164474 0.078947 0.115132
0 0.054276 0.274671 0.088816 0.106908
4 0.164474 0.274671 0.065789 0.100329
10 0.274671 0.274671 0.069079 0.111842
4 0.384868 0.274671 0.062500 0.101974
8 0.495066 0.274671 0.074013 0.123355
11 0.605263 0.274671 0.082237 0.100329
5 0.825658 0.274671 0.077303 0.100329
8 0.935855 0.274671 0.072368 0.110197
13 0.054276 0.384868 0.080592 0.101974
11 0.274671 0.384868 0.082237 0.100329
0 0.384868 0.384868 0.085526 0.098684
4 0.495066 0.384868 0.074013 0.113487
11 0.605263 0.384868 0.087171 0.097039
13 0.715461 0.384868 0.082237 0.095395
10 0.825658 0.384868 0.069079 0.111842
7 0.935855 0.384868 0.067434 0.087171
4 0.054276 0.495066 0.065789 0.100329
10 0.164474 0.495066 0.069079 0.111842
1 0.384868 0.495066 0.085526 0.106908
4 0.495066 0.495066 0.074013 0.113487
11 0.605263 0.495066 0.082237 0.100329
1 0.715461 0.495066 0.080592 0.108553
8 0.825658 0.495066 0.077303 0.121711
8 0.935855 0.495066 0.083882 0.126645
9 0.054276 0.605263 0.070724 0.092105
1 0.164474 0.605263 0.092105 0.098684
12 0.274671 0.605263 0.074013 0.095395
9 0.384868 0.605263 0.072368 0.087171
4 0.495066 0.605263 0.062500 0.101974
4 0.825658 0.605263 0.062500 0.101974
5 0.935855 0.605263 0.077303 0.098684
0 0.054276 0.715461 0.074013 0.106908
12 0.164474 0.715461 0.088816 0.090461
4 0.274671 0.715461 0.072368 0.116776
9 0.495066 0.715461 0.070724 0.092105
8 0.605263 0.715461 0.083882 0.126645
1 0.715461 0.715461 0.088816 0.106908
5 0.825658 0.715461 0.080592 0.095395
1 0.935855 0.715461 0.080592 0.097039
11 0.054276 0.825658 0.074013 0.110197
4 0.164474 0.825658 0.074013 0.113487
0 0.274671 0.825658 0.085526 0.110197
0 0.384868 0.825658 0.085526 0.110197
11 0.495066 0.825658 0.082237 0.100329
0 0.605263 0.825658 0.088816 0.106908
0 0.715461 0.825658 0.074013 0.106908
0 0.825658 0.825658 0.074013 0.106908
9 0.935855 0.825658 0.069079 0.083882
0 0.164474 0.935855 0.088816 0.106908
1 0.274671 0.935855 0.092105 0.098684
1 0.495066 0.935855 0.092105 0.098684
7 0.605263 0.935855 0.067434 0.087171
12 0.715461 0.935855 0.088816 0.090461
0 0.825658 0.935855 0.074013 0.106908
