4 0.054276 0.054276 0.082237 0.105263
4 0.164474 0.059211 0.075658 0.118421
0 0.274671 0.054276 0.077303 0.092105
11 0.384868 0.054276 0.075658 0.080592
0 0.605263 0.054276 0.077303 0.098684
0 0.825658 0.054276 0.074013 0.098684
4 0.935855 0.067434 0.074013 0.134868
9 0.054276 0.164474 0.070724 0.090461
1 0.164474 0.164474 0.087171 0.105263
4 0.274671 0.164474 0.075658 0.118421
12 0.605263 0.164474 0.095395 0.082237
1 0.715461 0.164474 0.087171 0.105263
11 0.825658 0.164474 0.078947 0.085526
0 0.054276 0.274671 0.087171 0.116776
1 0.164474 0.274671 0.078947 0.106908
0 0.274671 0.274671 0.075658 0.097039
0 0.384868 0.274671 0.075658 0.098684
8 0.495066 0.274671 0.072368 0.095395
0 0.715461 0.274671 0.087171 0.116776
4 0.935855 0.274671 0.069079 0.116776
11 0.054276 0.384868 0.080592 0.098684
11 0.164474 0.384868 0.095395 0.080592
1 0.274671 0.384868 0.075658 0.103618
0 0.384868 0.384868 0.077303 0.092105
8 0.495066 0.384868 0.070724 0.092105
0 0.605263 0.384868 0.074013 0.098684
4 0.825658 0.384868 0.088816 0.113487
13 0.935855 0.384868 0.075658 0.088816
10 0.054276 0.495066 0.074013 0.121711
8 0.164474 0.495066 0.074013 0.097039
13 0.274671 0.495066 0.080592 0.100329
4 0.384868 0.495066 0.069079 0.116776
7 0.495066 0.495066 0.085526 0.098684
5 0.605263 0.495066 0.080592 0.097039
5 0.825658 0.495066 0.074013 0.105263
11 0.935855 0.495066 0.077303 0.110197
1 0.164474 0.605263 0.080592 0.097039
8 0.274671 0.605263 0.070724 0.092105
0 0.495066 0.605263 0.077303 0.092105
12 0.605263 0.605263 0.095395 0.082237
1 0.715461 0.605263 0.078947 0.106908
8 0.825658 0.605263 0.078947 0.120066
0 0.935855 0.605263 0.075658 0.098684
9 0.054276 0.715461 0.074013 0.097039
11 0.164474 0.715461 0.080592 0.098684
5 0.274671 0.715461 0.080592 0.097039
1 0.495066 0.715461 0.080592 0.097039
7 0.605263 0.715461 0.082237 0.103618
0 0.715461 0.715461 0.075658 0.097039
1 0.825658 0.715461 0.088816 0.115132
8 0.935855 0.715461 0.072368 0.100329
9 0.164474 0.825658 0.074013 0.097039
4 0.274671 0.825658 0.074013 0.134868
8 0.384868 0.825658 0.078947 0.120066
9 0.495066 0.825658 0.070724 0.090461
1 0.605263 0.825658 0.080592 0.097039
4 0.825658 0.825658 0.074013 0.134868
8 0.935855 0.825658 0.074013 0.097039
10 0.054276 0.935855 0.074013 0.121711
9 0.164474 0.935855 0.070724 0.090461
1 0.384868 0.935855 0.078947 0.106908
0 0.495066 0.935855 0.077303 0.092105
12 0.605263 0.935855 0.083882 0.093750
1 0.715461 0.935855 0.088816 0.115132
12 0.825658 0.935855 0.069079 0.088816
0 0.935855 0.935855 0.075658 0.097039
