1 0.054276 0.054276 0.078947 0.106908
9 0.164474 0.054276 0.093750 0.101974
8 0.384868 0.060855 0.074013 0.123355
1 0.495066 0.054276 0.090461 0.097039
0 0.825658 0.054276 0.100329 0.087171
1 0.054276 0.164474 0.092105 0.098684
9 0.164474 0.164474 0.070724 0.090461
9 0.274671 0.164474 0.070724 0.082237
0 0.384868 0.164474 0.075658 0.098684
0 0.495066 0.164474 0.075658 0.098684
0 0.605263 0.164474 0.075658 0.098684
8 0.715461 0.164474 0.097039 0.105263
4 0.825658 0.164474 0.075658 0.118421
1 0.935855 0.164474 0.092105 0.098684
8 0.164474 0.274671 0.074013 0.123355
11 0.384868 0.274671 0.078947 0.085526
5 0.495066 0.274671 0.080592 0.095395
4 0.605263 0.274671 0.075658 0.118421
9 0.715461 0.274671 0.070724 0.090461
0 0.935855 0.274671 0.100329 0.087171
4 0.054276 0.384868 0.075658 0.118421
1 0.164474 0.384868 0.088816 0.115132
8 0.384868 0.384868 0.101974 0.106908
7 0.495066 0.384868 0.085526 0.098684
9 0.605263 0.384868 0.070724 0.092105
8 0.715461 0.384868 0.074013 0.123355
4 0.825658 0.384868 0.075658 0.118421
0 0.935855 0.384868 0.100329 0.087171
13 0.054276 0.495066 0.080592 0.101974
12 0.164474 0.495066 0.095395 0.082237
4 0.274671 0.495066 0.075658 0.118421
1 0.384868 0.495066 0.078947 0.106908
11 0.495066 0.495066 0.082237 0.100329
0 0.605263 0.495066 0.100329 0.087171
0 0.825658 0.495066 0.075658 0.098684
11 0.935855 0.495066 0.078947 0.085526
10 0.164474 0.605263 0.070724 0.105263
13 0.274671 0.605263 0.074013 0.085526
11 0.384868 0.605263 0.095395 0.080592
4 0.495066 0.605263 0.075658 0.118421
1 0.605263 0.605263 0.078947 0.106908
0 0.715461 0.605263 0.074013 0.098684
8 0.825658 0.605263 0.070724 0.092105
1 0.935855 0.605263 0.088816 0.115132
8 0.054276 0.715461 0.097039 0.105263
11 0.164474 0.715461 0.078947 0.085526
4 0.274671 0.715461 0.075658 0.133224
5 0.495066 0.715461 0.080592 0.095395
0 0.605263 0.715461 0.100329 0.087171
0 0.715461 0.715461 0.074013 0.098684
4 0.825658 0.715461 0.062500 0.101974
1 0.935855 0.715461 0.088816 0.115132
5 0.164474 0.825658 0.080592 0.101974
0 0.274671 0.825658 0.088816 0.106908
10 0.384868 0.825658 0.070724 0.105263
4 0.495066 0.825658 0.075658 0.133224
11 0.605263 0.825658 0.078947 0.085526
12 0.715461 0.825658 0.095395 0.082237
8 0.825658 0.825658 0.101974 0.106908
0 0.054276 0.935855 0.075658 0.098684
12 0.164474 0.935855 0.088816 0.090461
7 0.274671 0.935855 0.083882 0.072368
0 0.384868 0.935855 0.075658 0.098684
1 0.605263 0.935855 0.090461 0.097039
1 0.825658 0.935855 0.092105 0.098684
12 0.935855 0.935855 0.083882 0.093750
