1 0.054276 0.054276 0.077303 0.103618
5 0.164474 0.054276 0.075658 0.097039
4 0.274671 0.060855 0.072368 0.123355
4 0.495066 0.057566 0.077303 0.115132
8 0.715461 0.062500 0.083882 0.126645
0 0.825658 0.057566 0.078947 0.115132
4 0.054276 0.164474 0.078947 0.093750
0 0.274671 0.164474 0.078947 0.090461
0 0.384868 0.164474 0.078947 0.115132
10 0.495066 0.164474 0.067434 0.093750
1 0.605263 0.164474 0.080592 0.108553
8 0.715461 0.164474 0.097039 0.105263
12 0.825658 0.164474 0.078947 0.092105
0 0.935855 0.164474 0.078947 0.115132
0 0.054276 0.274671 0.085526 0.098684
0 0.274671 0.274671 0.085526 0.098684
4 0.384868 0.274671 0.077303 0.115132
8 0.495066 0.274671 0.075658 0.111842
12 0.605263 0.274671 0.074013 0.097039
13 0.715461 0.274671 0.062500 0.083882
1 0.935855 0.274671 0.092105 0.098684
10 0.054276 0.384868 0.067434 0.093750
1 0.164474 0.384868 0.092105 0.098684
0 0.274671 0.384868 0.077303 0.106908
11 0.384868 0.384868 0.078947 0.095395
11 0.495066 0.384868 0.075658 0.101974
12 0.605263 0.384868 0.080592 0.115132
4 0.715461 0.384868 0.075658 0.113487
1 0.825658 0.384868 0.092105 0.098684
0 0.935855 0.384868 0.088816 0.106908
8 0.054276 0.495066 0.067434 0.121711
8 0.164474 0.495066 0.074013 0.123355
13 0.274671 0.495066 0.083882 0.098684
1 0.495066 0.495066 0.080592 0.097039
9 0.715461 0.495066 0.065789 0.095395
11 0.825658 0.495066 0.080592 0.101974
8 0.935855 0.495066 0.075658 0.111842
4 0.054276 0.605263 0.075658 0.113487
11 0.164474 0.605263 0.082237 0.098684
7 0.274671 0.605263 0.074013 0.101974
11 0.384868 0.605263 0.082237 0.098684
1 0.495066 0.605263 0.080592 0.108553
9 0.715461 0.605263 0.069079 0.092105
4 0.825658 0.605263 0.078947 0.093750
11 0.935855 0.605263 0.082237 0.098684
0 0.164474 0.715461 0.082237 0.113487
4 0.274671 0.715461 0.062500 0.101974
12 0.384868 0.715461 0.088816 0.090461
5 0.605263 0.715461 0.078947 0.097039
8 0.715461 0.715461 0.074013 0.123355
1 0.825658 0.715461 0.092105 0.098684
7 0.935855 0.715461 0.074013 0.101974
0 0.164474 0.825658 0.085526 0.098684
9 0.274671 0.825658 0.069079 0.083882
4 0.384868 0.825658 0.072368 0.123355
9 0.495066 0.825658 0.065789 0.095395
1 0.605263 0.825658 0.078947 0.090461
5 0.715461 0.825658 0.075658 0.097039
0 0.935855 0.825658 0.078947 0.115132
0 0.054276 0.935855 0.082237 0.113487
1 0.274671 0.935855 0.078947 0.090461
1 0.384868 0.935855 0.092105 0.098684
0 0.495066 0.935855 0.077303 0.106908
0 0.605263 0.935855 0.078947 0.090461
9 0.715461 0.935855 0.080592 0.105263
8 0.825658 0.935855 0.067434 0.121711
