0 0.054276 0.054276 0.088816 0.106908
0 0.164474 0.054276 0.088816 0.110197
4 0.274671 0.057566 0.074013 0.115132
1 0.384868 0.054276 0.077303 0.093750
0 0.605263 0.054276 0.088816 0.110197
0 0.825658 0.054276 0.088816 0.110197
0 0.935855 0.054276 0.088816 0.110197
10 0.054276 0.164474 0.069079 0.111842
8 0.164474 0.164474 0.077303 0.118421
12 0.274671 0.164474 0.088816 0.090461
12 0.384868 0.164474 0.075658 0.095395
0 0.495066 0.164474 0.088816 0.110197
1 0.605263 0.164474 0.077303 0.093750
8 0.715461 0.164474 0.097039 0.105263
10 0.825658 0.164474 0.070724 0.129934
5 0.935855 0.164474 0.077303 0.098684
11 0.054276 0.274671 0.082237 0.100329
4 0.164474 0.274671 0.074013 0.115132
12 0.274671 0.274671 0.075658 0.095395
8 0.495066 0.274671 0.077303 0.118421
9 0.715461 0.274671 0.082237 0.088816
9 0.825658 0.274671 0.082237 0.088816
0 0.935855 0.274671 0.088816 0.110197
4 0.164474 0.384868 0.074013 0.115132
0 0.274671 0.384868 0.088816 0.110197
8 0.495066 0.384868 0.077303 0.118421
8 0.605263 0.384868 0.072368 0.095395
0 0.715461 0.384868 0.078947 0.115132
1 0.935855 0.384868 0.080592 0.108553
0 0.054276 0.495066 0.088816 0.110197
9 0.164474 0.495066 0.082237 0.088816
7 0.274671 0.495066 0.069079 0.090461
7 0.605263 0.495066 0.078947 0.103618
1 0.715461 0.495066 0.077303 0.093750
1 0.825658 0.495066 0.077303 0.093750
11 0.054276 0.605263 0.077303 0.110197
8 0.164474 0.605263 0.097039 0.105263
4 0.384868 0.605263 0.062500 0.101974
5 0.495066 0.605263 0.083882 0.105263
0 0.605263 0.605263 0.078947 0.115132
4 0.715461 0.605263 0.074013 0.115132
11 0.825658 0.605263 0.082237 0.100329
4 0.935855 0.605263 0.074013 0.113487
1 0.054276 0.715461 0.077303 0.093750
9 0.164474 0.715461 0.082237 0.088816
4 0.274671 0.715461 0.062500 0.101974
0 0.384868 0.715461 0.088816 0.110197
11 0.495066 0.715461 0.092105 0.103618
1 0.605263 0.715461 0.077303 0.093750
0 0.715461 0.715461 0.088816 0.110197
8 0.054276 0.825658 0.077303 0.118421
13 0.164474 0.825658 0.088816 0.098684
1 0.274671 0.825658 0.080592 0.097039
8 0.384868 0.825658 0.077303 0.118421
13 0.495066 0.825658 0.078947 0.106908
9 0.605263 0.825658 0.082237 0.088816
1 0.715461 0.825658 0.077303 0.093750
11 0.825658 0.825658 0.082237 0.100329
5 0.935855 0.825658 0.077303 0.098684
11 0.054276 0.935855 0.082237 0.100329
12 0.164474 0.935855 0.075658 0.095395
0 0.274671 0.935855 0.088816 0.110197
4 0.384868 0.935855 0.062500 0.101974
4 0.495066 0.935855 0.074013 0.115132
1 0.605263 0.935855 0.092105 0.098684
1 0.825658 0.935855 0.077303 0.093750
