9 0.054276 0.054276 0.069079 0.092105
1 0.164474 0.054276 0.078947 0.106908
12 0.274671 0.054276 0.069079 0.088816
1 0.384868 0.054276 0.078947 0.106908
10 0.605263 0.054276 0.074013 0.106908
0 0.715461 0.054276 0.075658 0.098684
0 0.825658 0.054276 0.075658 0.098684
11 0.935855 0.054276 0.080592 0.101974
11 0.054276 0.164474 0.078947 0.085526
13 0.164474 0.164474 0.083882 0.093750
8 0.274671 0.164474 0.077303 0.121711
0 0.384868 0.164474 0.075658 0.098684
9 0.605263 0.164474 0.069079 0.092105
12 0.715461 0.164474 0.074013 0.095395
0 0.935855 0.164474 0.077303 0.106908
1 0.054276 0.274671 0.078947 0.106908
0 0.274671 0.274671 0.075658 0.098684
13 0.384868 0.274671 0.075658 0.105263
4 0.605263 0.274671 0.075658 0.133224
0 0.715461 0.274671 0.077303 0.092105
1 0.825658 0.274671 0.075658 0.103618
8 0.935855 0.274671 0.077303 0.121711
7 0.054276 0.384868 0.085526 0.098684
10 0.164474 0.384868 0.070724 0.110197
0 0.384868 0.384868 0.075658 0.098684
0 0.495066 0.384868 0.077303 0.092105
4 0.605263 0.384868 0.075658 0.133224
4 0.715461 0.384868 0.072368 0.116776
4 0.825658 0.384868 0.075658 0.133224
8 0.935855 0.384868 0.077303 0.121711
1 0.054276 0.495066 0.078947 0.090461
8 0.274671 0.495066 0.070724 0.092105
9 0.384868 0.495066 0.077303 0.100329
4 0.495066 0.495066 0.075658 0.133224
4 0.605263 0.495066 0.072368 0.116776
9 0.715461 0.495066 0.077303 0.100329
1 0.935855 0.495066 0.075658 0.103618
12 0.274671 0.605263 0.074013 0.095395
12 0.384868 0.605263 0.074013 0.095395
7 0.495066 0.605263 0.069079 0.097039
1 0.605263 0.605263 0.075658 0.103618
0 0.715461 0.605263 0.085526 0.110197
11 0.825658 0.605263 0.074013 0.110197
1 0.935855 0.605263 0.078947 0.090461
0 0.054276 0.715461 0.077303 0.092105
5 0.164474 0.715461 0.080592 0.101974
9 0.274671 0.715461 0.069079 0.092105
4 0.384868 0.715461 0.082237 0.105263
4 0.495066 0.715461 0.082237 0.105263
8 0.605263 0.715461 0.077303 0.121711
8 0.715461 0.715461 0.070724 0.092105
0 0.825658 0.715461 0.075658 0.098684
8 0.935855 0.715461 0.072368 0.100329
11 0.054276 0.825658 0.074013 0.110197
8 0.164474 0.825658 0.077303 0.121711
11 0.274671 0.825658 0.078947 0.085526
1 0.495066 0.825658 0.078947 0.106908
0 0.605263 0.825658 0.075658 0.098684
0 0.715461 0.825658 0.077303 0.092105
5 0.054276 0.935855 0.082237 0.108553
11 0.164474 0.935855 0.078947 0.085526
5 0.274671 0.935855 0.080592 0.101974
0 0.384868 0.935855 0.075658 0.098684
1 0.495066 0.935855 0.085526 0.106908
1 0.715461 0.935855 0.078947 0.106908
4 0.825658 0.935855 0.072368 0.116776
