12 0.054276 0.054276 0.077303 0.100329
13 0.164474 0.054276 0.062500 0.083882
0 0.274671 0.054276 0.077303 0.106908
8 0.384868 0.062500 0.072368 0.125000
4 0.495066 0.067434 0.075658 0.133224
11 0.605263 0.054276 0.080592 0.101974
12 0.825658 0.054276 0.077303 0.100329
4 0.935855 0.059211 0.075658 0.118421
0 0.054276 0.164474 0.075658 0.098684
4 0.274671 0.164474 0.075658 0.118421
0 0.495066 0.164474 0.074013 0.098684
12 0.605263 0.164474 0.078947 0.095395
7 0.715461 0.164474 0.085526 0.098684
0 0.054276 0.274671 0.074013 0.098684
5 0.164474 0.274671 0.080592 0.101974
13 0.274671 0.274671 0.074013 0.085526
1 0.384868 0.274671 0.078947 0.090461
1 0.605263 0.274671 0.078947 0.106908
9 0.715461 0.274671 0.070724 0.090461
10 0.825658 0.274671 0.080592 0.098684
11 0.054276 0.384868 0.078947 0.085526
4 0.384868 0.384868 0.075658 0.133224
4 0.605263 0.384868 0.078947 0.106908
9 0.715461 0.384868 0.093750 0.101974
8 0.825658 0.384868 0.074013 0.097039
12 0.935855 0.384868 0.083882 0.093750
4 0.054276 0.495066 0.078947 0.106908
0 0.164474 0.495066 0.075658 0.098684
1 0.274671 0.495066 0.078947 0.106908
8 0.384868 0.495066 0.075658 0.111842
9 0.495066 0.495066 0.093750 0.101974
0 0.605263 0.495066 0.075658 0.098684
8 0.825658 0.495066 0.074013 0.097039
11 0.935855 0.495066 0.070724 0.075658
1 0.054276 0.605263 0.088816 0.115132
0 0.164474 0.605263 0.075658 0.098684
11 0.274671 0.605263 0.080592 0.101974
1 0.384868 0.605263 0.074013 0.103618
4 0.605263 0.605263 0.075658 0.133224
5 0.715461 0.605263 0.082237 0.097039
0 0.825658 0.605263 0.077303 0.098684
0 0.935855 0.605263 0.077303 0.106908
0 0.054276 0.715461 0.075658 0.098684
1 0.164474 0.715461 0.083882 0.097039
0 0.384868 0.715461 0.077303 0.098684
9 0.495066 0.715461 0.093750 0.101974
5 0.605263 0.715461 0.088816 0.110197
11 0.715461 0.715461 0.080592 0.090461
10 0.825658 0.715461 0.070724 0.105263
4 0.935855 0.715461 0.072368 0.123355
4 0.054276 0.825658 0.074013 0.134868
0 0.164474 0.825658 0.077303 0.106908
1 0.274671 0.825658 0.074013 0.103618
1 0.495066 0.825658 0.088816 0.115132
0 0.605263 0.825658 0.077303 0.098684
9 0.715461 0.825658 0.093750 0.101974
1 0.935855 0.825658 0.074013 0.103618
1 0.054276 0.935855 0.078947 0.106908
11 0.164474 0.935855 0.080592 0.101974
7 0.274671 0.935855 0.085526 0.098684
0 0.384868 0.935855 0.077303 0.098684
8 0.495066 0.935855 0.070724 0.092105
8 0.605263 0.935855 0.072368 0.125000
8 0.715461 0.935855 0.070724 0.092105
1 0.825658 0.935855 0.083882 0.097039
8 0.935855 0.935855 0.070724 0.092105
