0 0.054276 0.054276 0.078947 0.101974
8 0.274671 0.060855 0.077303 0.121711
7 0.384868 0.164474 0.077303 0.095395
0 0.495066 0.164474 0.078947 0.101974
4 0.935855 0.164474 0.105263 0.092105
0 0.164474 0.274671 0.078947 0.101974
13 0.495066 0.274671 0.083882 0.093750
0 0.825658 0.274671 0.078947 0.101974
12 0.935855 0.274671 0.074013 0.095395
0 0.715461 0.384868 0.078947 0.101974
1 0.935855 0.384868 0.083882 0.106908
0 0.605263 0.495066 0.078947 0.101974
4 0.715461 0.495066 0.072368 0.116776
0 0.274671 0.605263 0.085526 0.110197
7 0.715461 0.605263 0.069079 0.101974
0 0.825658 0.605263 0.085526 0.110197
0 0.605263 0.715461 0.078947 0.101974
0 0.164474 0.825658 0.078947 0.101974
0 0.274671 0.825658 0.085526 0.110197
11 0.495066 0.825658 0.083882 0.098684
0 0.605263 0.935855 0.078947 0.101974
0 0.825658 0.935855 0.078947 0.101974
