0 0.054276 0.054276 0.077303 0.092105
0 0.495066 0.054276 0.077303 0.092105
7 0.164474 0.164474 0.078947 0.103618
11 0.605263 0.164474 0.080592 0.098684
0 0.054276 0.274671 0.077303 0.092105
0 0.164474 0.274671 0.077303 0.092105
13 0.384868 0.274671 0.078947 0.106908
0 0.495066 0.274671 0.088816 0.110197
0 0.605263 0.274671 0.077303 0.092105
0 0.605263 0.384868 0.077303 0.092105
0 0.825658 0.384868 0.088816 0.110197
0 0.274671 0.495066 0.077303 0.092105
4 0.605263 0.495066 0.082237 0.105263
0 0.935855 0.495066 0.077303 0.092105
7 0.164474 0.605263 0.078947 0.103618
4 0.495066 0.605263 0.074013 0.115132
8 0.715461 0.605263 0.077303 0.118421
1 0.825658 0.605263 0.075658 0.103618
0 0.164474 0.715461 0.077303 0.092105
0 0.384868 0.715461 0.088816 0.110197
0 0.495066 0.825658 0.077303 0.092105
12 0.054276 0.935855 0.075658 0.095395
