0 0.164474 0.054276 0.088816 0.106908
0 0.605263 0.054276 0.077303 0.092105
8 0.274671 0.164474 0.072368 0.100329
11 0.715461 0.164474 0.080592 0.098684
0 0.935855 0.164474 0.077303 0.092105
4 0.384868 0.274671 0.062500 0.101974
8 0.384868 0.384868 0.097039 0.105263
0 0.054276 0.495066 0.077303 0.092105
4 0.495066 0.495066 0.062500 0.101974
13 0.605263 0.495066 0.080592 0.101974
0 0.715461 0.495066 0.077303 0.092105
7 0.825658 0.495066 0.075658 0.101974
0 0.935855 0.495066 0.077303 0.092105
0 0.605263 0.605263 0.088816 0.106908
0 0.935855 0.605263 0.077303 0.092105
1 0.495066 0.715461 0.075658 0.103618
0 0.715461 0.715461 0.077303 0.092105
0 0.274671 0.825658 0.077303 0.092105
0 0.384868 0.825658 0.088816 0.106908
12 0.715461 0.825658 0.069079 0.088816
0 0.935855 0.825658 0.088816 0.106908
0 0.384868 0.935855 0.077303 0.092105
