1 0.495066 0.054276 0.078947 0.106908
0 0.164474 0.164474 0.075658 0.098684
4 0.274671 0.164474 0.105263 0.092105
0 0.384868 0.164474 0.075658 0.098684
0 0.495066 0.164474 0.078947 0.101974
0 0.825658 0.164474 0.078947 0.101974
0 0.935855 0.164474 0.075658 0.098684
0 0.274671 0.274671 0.075658 0.098684
0 0.164474 0.384868 0.078947 0.101974
7 0.605263 0.384868 0.085526 0.098684
4 0.935855 0.384868 0.075658 0.133224
0 0.384868 0.605263 0.075658 0.098684
0 0.605263 0.605263 0.078947 0.101974
12 0.935855 0.605263 0.083882 0.093750
0 0.164474 0.715461 0.078947 0.101974
8 0.274671 0.715461 0.070724 0.092105
0 0.935855 0.715461 0.075658 0.098684
0 0.164474 0.825658 0.075658 0.098684
0 0.495066 0.825658 0.078947 0.101974
8 0.605263 0.825658 0.070724 0.092105
13 0.715461 0.825658 0.074013 0.085526
11 0.274671 0.935855 0.083882 0.098684
