13 0.054276 0.054276 0.087171 0.108553
0 0.164474 0.054276 0.077303 0.106908
4 0.274671 0.060855 0.072368 0.123355
8 0.715461 0.055921 0.075658 0.111842
12 0.825658 0.054276 0.078947 0.095395
0 0.274671 0.164474 0.077303 0.106908
8 0.495066 0.164474 0.075658 0.111842
0 0.054276 0.274671 0.077303 0.106908
0 0.384868 0.384868 0.077303 0.106908
0 0.605263 0.384868 0.077303 0.106908
0 0.384868 0.495066 0.077303 0.106908
7 0.605263 0.495066 0.069079 0.097039
0 0.164474 0.605263 0.077303 0.106908
0 0.384868 0.715461 0.077303 0.106908
0 0.605263 0.715461 0.077303 0.106908
11 0.715461 0.715461 0.080592 0.101974
4 0.825658 0.715461 0.072368 0.123355
0 0.935855 0.715461 0.077303 0.106908
1 0.054276 0.825658 0.078947 0.090461
0 0.274671 0.825658 0.077303 0.106908
0 0.384868 0.825658 0.077303 0.106908
0 0.935855 0.825658 0.077303 0.106908
