12 0.054276 0.054276 0.078947 0.095395
0 0.164474 0.054276 0.085526 0.110197
0 0.495066 0.054276 0.085526 0.110197
0 0.825658 0.054276 0.085526 0.110197
0 0.605263 0.164474 0.077303 0.098684
0 0.164474 0.274671 0.085526 0.110197
4 0.715461 0.274671 0.074013 0.134868
0 0.935855 0.274671 0.077303 0.098684
4 0.274671 0.384868 0.074013 0.134868
0 0.054276 0.495066 0.077303 0.098684
1 0.495066 0.495066 0.085526 0.106908
11 0.825658 0.495066 0.074013 0.110197
7 0.495066 0.605263 0.082237 0.103618
8 0.605263 0.605263 0.074013 0.097039
13 0.715461 0.605263 0.083882 0.093750
0 0.384868 0.715461 0.077303 0.098684
0 0.605263 0.715461 0.085526 0.110197
0 0.715461 0.715461 0.077303 0.098684
0 0.495066 0.825658 0.077303 0.098684
7 0.825658 0.825658 0.082237 0.103618
0 0.495066 0.935855 0.085526 0.110197
0 0.605263 0.935855 0.077303 0.098684
