0 0.274671 0.054276 0.078947 0.090461
0 0.605263 0.054276 0.077303 0.092105
11 0.384868 0.164474 0.080592 0.098684
7 0.715461 0.164474 0.077303 0.098684
0 0.054276 0.274671 0.077303 0.092105
0 0.164474 0.384868 0.077303 0.092105
0 0.384868 0.384868 0.077303 0.092105
0 0.164474 0.495066 0.078947 0.090461
0 0.715461 0.495066 0.077303 0.092105
0 0.825658 0.495066 0.078947 0.090461
1 0.715461 0.605263 0.075658 0.103618
0 0.164474 0.715461 0.077303 0.092105
4 0.274671 0.715461 0.077303 0.115132
13 0.495066 0.715461 0.062500 0.083882
8 0.605263 0.715461 0.072368 0.100329
7 0.715461 0.715461 0.062500 0.093750
0 0.935855 0.715461 0.078947 0.090461
0 0.164474 0.825658 0.077303 0.092105
4 0.274671 0.825658 0.082237 0.105263
12 0.384868 0.825658 0.074013 0.097039
0 0.605263 0.825658 0.077303 0.092105
0 0.495066 0.935855 0.078947 0.090461
