0 0.054276 0.054276 0.085526 0.101974
0 0.825658 0.055921 0.082237 0.113487
1 0.384868 0.164474 0.077303 0.103618
0 0.825658 0.164474 0.082237 0.113487
0 0.825658 0.274671 0.085526 0.101974
0 0.495066 0.384868 0.085526 0.101974
0 0.605263 0.384868 0.082237 0.113487
0 0.715461 0.384868 0.085526 0.101974
1 0.935855 0.384868 0.078947 0.097039
0 0.825658 0.495066 0.085526 0.101974
4 0.054276 0.605263 0.060855 0.113487
12 0.384868 0.605263 0.082237 0.110197
4 0.605263 0.605263 0.075658 0.113487
1 0.715461 0.605263 0.078947 0.097039
0 0.054276 0.715461 0.085526 0.101974
11 0.384868 0.715461 0.077303 0.116776
8 0.054276 0.825658 0.074013 0.123355
13 0.495066 0.825658 0.083882 0.098684
7 0.715461 0.825658 0.074013 0.093750
0 0.825658 0.825658 0.085526 0.101974
0 0.605263 0.935855 0.085526 0.101974
0 0.825658 0.935855 0.082237 0.113487
