0 0.384868 0.054276 0.088816 0.110197
1 0.605263 0.054276 0.077303 0.093750
4 0.935855 0.055921 0.088816 0.113487
0 0.054276 0.274671 0.087171 0.116776
0 0.164474 0.274671 0.087171 0.116776
11 0.935855 0.274671 0.082237 0.100329
0 0.274671 0.384868 0.088816 0.110197
0 0.274671 0.495066 0.087171 0.116776
7 0.384868 0.495066 0.078947 0.103618
7 0.054276 0.605263 0.090461 0.085526
4 0.274671 0.605263 0.088816 0.113487
0 0.825658 0.605263 0.088816 0.110197
0 0.935855 0.605263 0.088816 0.110197
8 0.274671 0.715461 0.078947 0.120066
8 0.605263 0.715461 0.077303 0.118421
0 0.715461 0.715461 0.088816 0.110197
0 0.825658 0.715461 0.087171 0.116776
13 0.054276 0.825658 0.080592 0.100329
0 0.274671 0.825658 0.088816 0.110197
12 0.384868 0.825658 0.092105 0.098684
0 0.495066 0.935855 0.087171 0.116776
0 0.605263 0.935855 0.087171 0.116776
