0 0.274671 0.054276 0.085526 0.101974
0 0.384868 0.054276 0.085526 0.101974
1 0.495066 0.054276 0.080592 0.106908
0 0.935855 0.054276 0.085526 0.101974
8 0.495066 0.164474 0.082237 0.126645
4 0.384868 0.274671 0.067434 0.120066
11 0.605263 0.274671 0.077303 0.116776
0 0.825658 0.274671 0.085526 0.101974
0 0.935855 0.274671 0.078947 0.111842
12 0.384868 0.384868 0.082237 0.110197
0 0.054276 0.495066 0.078947 0.111842
13 0.274671 0.495066 0.100329 0.095395
7 0.384868 0.495066 0.070724 0.093750
0 0.935855 0.495066 0.085526 0.101974
0 0.054276 0.605263 0.085526 0.101974
0 0.274671 0.715461 0.085526 0.101974
7 0.054276 0.825658 0.070724 0.093750
4 0.164474 0.825658 0.060855 0.113487
0 0.384868 0.825658 0.085526 0.101974
0 0.495066 0.825658 0.078947 0.111842
0 0.384868 0.935855 0.085526 0.101974
0 0.605263 0.935855 0.085526 0.101974
