0 0.054276 0.054276 0.078947 0.101974
0 0.715461 0.054276 0.078947 0.090461
0 0.495066 0.164474 0.078947 0.101974
0 0.054276 0.274671 0.078947 0.101974
4 0.715461 0.384868 0.105263 0.092105
0 0.825658 0.384868 0.078947 0.090461
0 0.274671 0.495066 0.078947 0.090461
12 0.495066 0.495066 0.083882 0.087171
11 0.715461 0.495066 0.083882 0.098684
0 0.825658 0.495066 0.078947 0.090461
1 0.384868 0.605263 0.078947 0.103618
0 0.495066 0.605263 0.078947 0.101974
0 0.715461 0.605263 0.078947 0.090461
0 0.825658 0.605263 0.078947 0.101974
0 0.274671 0.715461 0.078947 0.101974
4 0.384868 0.715461 0.105263 0.092105
13 0.605263 0.715461 0.080592 0.100329
7 0.825658 0.715461 0.077303 0.098684
8 0.935855 0.715461 0.085526 0.103618
7 0.164474 0.825658 0.077303 0.095395
0 0.274671 0.825658 0.078947 0.101974
0 0.605263 0.935855 0.078947 0.090461
