1 0.384868 0.054276 0.077303 0.093750
4 0.495066 0.054276 0.062500 0.101974
7 0.054276 0.164474 0.078947 0.103618
0 0.274671 0.164474 0.088816 0.106908
4 0.495066 0.164474 0.074013 0.115132
8 0.054276 0.274671 0.077303 0.118421
0 0.605263 0.274671 0.088816 0.106908
0 0.715461 0.274671 0.088816 0.106908
0 0.164474 0.495066 0.088816 0.110197
8 0.384868 0.495066 0.097039 0.105263
0 0.605263 0.495066 0.088816 0.110197
0 0.935855 0.495066 0.088816 0.106908
0 0.495066 0.605263 0.088816 0.110197
13 0.605263 0.605263 0.078947 0.106908
0 0.274671 0.715461 0.088816 0.106908
12 0.715461 0.825658 0.075658 0.095395
0 0.825658 0.825658 0.088816 0.110197
0 0.054276 0.935855 0.088816 0.106908
0 0.495066 0.935855 0.088816 0.110197
7 0.605263 0.935855 0.075658 0.101974
0 0.715461 0.935855 0.088816 0.106908
11 0.935855 0.935855 0.082237 0.100329
