11 0.605263 0.054276 0.082237 0.100329
4 0.825658 0.067434 0.074013 0.134868
0 0.715461 0.164474 0.077303 0.098684
8 0.935855 0.164474 0.074013 0.097039
4 0.274671 0.274671 0.074013 0.134868
0 0.384868 0.274671 0.077303 0.098684
0 0.935855 0.274671 0.077303 0.098684
0 0.164474 0.384868 0.077303 0.098684
1 0.825658 0.384868 0.077303 0.093750
12 0.935855 0.384868 0.075658 0.095395
0 0.164474 0.495066 0.088816 0.110197
0 0.384868 0.495066 0.077303 0.098684
0 0.605263 0.495066 0.088816 0.110197
0 0.715461 0.605263 0.088816 0.110197
7 0.054276 0.715461 0.082237 0.103618
13 0.384868 0.715461 0.075658 0.088816
0 0.495066 0.715461 0.077303 0.098684
8 0.164474 0.825658 0.077303 0.118421
0 0.274671 0.825658 0.077303 0.098684
0 0.054276 0.935855 0.077303 0.098684
7 0.164474 0.935855 0.082237 0.103618
0 0.825658 0.935855 0.077303 0.098684
