4 0.495066 0.054276 0.082237 0.105263
11 0.164474 0.164474 0.080592 0.098684
12 0.715461 0.164474 0.095395 0.082237
0 0.164474 0.274671 0.074013 0.098684
0 0.935855 0.274671 0.074013 0.098684
0 0.054276 0.384868 0.074013 0.098684
1 0.274671 0.384868 0.088816 0.115132
0 0.495066 0.384868 0.077303 0.092105
0 0.605263 0.384868 0.074013 0.098684
13 0.495066 0.495066 0.075658 0.105263
4 0.164474 0.605263 0.075658 0.118421
7 0.274671 0.605263 0.085526 0.098684
7 0.935855 0.605263 0.085526 0.098684
0 0.274671 0.715461 0.077303 0.092105
0 0.825658 0.715461 0.077303 0.092105
0 0.605263 0.825658 0.074013 0.098684
0 0.935855 0.825658 0.074013 0.098684
0 0.054276 0.935855 0.077303 0.092105
0 0.164474 0.935855 0.074013 0.098684
8 0.605263 0.935855 0.072368 0.100329
0 0.715461 0.935855 0.077303 0.092105
0 0.935855 0.935855 0.077303 0.092105
