12 0.164474 0.054276 0.075658 0.095395
0 0.274671 0.055921 0.078947 0.111842
0 0.605263 0.054276 0.088816 0.110197
4 0.384868 0.274671 0.067434 0.120066
0 0.054276 0.384868 0.078947 0.111842
8 0.164474 0.384868 0.077303 0.118421
1 0.495066 0.384868 0.077303 0.093750
0 0.715461 0.384868 0.088816 0.110197
11 0.164474 0.495066 0.087171 0.106908
0 0.495066 0.495066 0.088816 0.110197
7 0.715461 0.495066 0.070724 0.093750
13 0.935855 0.495066 0.078947 0.106908
4 0.164474 0.605263 0.074013 0.115132
0 0.054276 0.715461 0.088816 0.110197
7 0.274671 0.715461 0.078947 0.103618
0 0.495066 0.715461 0.078947 0.111842
0 0.825658 0.715461 0.078947 0.111842
0 0.935855 0.715461 0.088816 0.110197
0 0.054276 0.825658 0.078947 0.111842
0 0.605263 0.825658 0.088816 0.110197
0 0.935855 0.825658 0.088816 0.110197
0 0.715461 0.935855 0.078947 0.111842
