0 0.164474 0.054276 0.085526 0.101974
13 0.935855 0.054276 0.100329 0.095395
0 0.164474 0.164474 0.078947 0.115132
7 0.715461 0.164474 0.069079 0.090461
0 0.164474 0.274671 0.078947 0.115132
1 0.384868 0.274671 0.080592 0.108553
0 0.054276 0.384868 0.078947 0.115132
0 0.715461 0.384868 0.085526 0.101974
8 0.825658 0.384868 0.101974 0.093750
0 0.274671 0.495066 0.085526 0.101974
0 0.605263 0.495066 0.078947 0.115132
0 0.715461 0.495066 0.085526 0.101974
12 0.274671 0.605263 0.082237 0.110197
0 0.384868 0.605263 0.078947 0.115132
0 0.935855 0.605263 0.078947 0.115132
8 0.384868 0.715461 0.101974 0.093750
0 0.164474 0.825658 0.085526 0.101974
0 0.384868 0.825658 0.085526 0.101974
4 0.495066 0.825658 0.074013 0.113487
4 0.825658 0.825658 0.060855 0.113487
0 0.164474 0.935855 0.078947 0.115132
11 0.825658 0.935855 0.092105 0.103618
