7 0.274671 0.054276 0.078947 0.085526
0 0.054276 0.164474 0.077303 0.100329
1 0.495066 0.164474 0.083882 0.097039
11 0.715461 0.164474 0.082237 0.100329
8 0.825658 0.164474 0.072368 0.125000
8 0.495066 0.274671 0.072368 0.125000
0 0.274671 0.384868 0.088816 0.106908
7 0.384868 0.384868 0.078947 0.085526
0 0.384868 0.495066 0.077303 0.100329
0 0.935855 0.495066 0.088816 0.106908
0 0.054276 0.605263 0.077303 0.100329
0 0.164474 0.605263 0.077303 0.100329
4 0.384868 0.605263 0.062500 0.101974
0 0.495066 0.605263 0.077303 0.100329
0 0.605263 0.605263 0.088816 0.106908
0 0.715461 0.605263 0.077303 0.100329
0 0.054276 0.715461 0.088816 0.106908
4 0.054276 0.825658 0.062500 0.101974
0 0.605263 0.825658 0.077303 0.100329
12 0.164474 0.935855 0.077303 0.100329
13 0.274671 0.935855 0.080592 0.101974
0 0.605263 0.935855 0.088816 0.106908
