4 0.054276 0.054276 0.105263 0.092105
7 0.164474 0.054276 0.062500 0.093750
13 0.384868 0.054276 0.075658 0.105263
4 0.715461 0.054276 0.105263 0.092105
1 0.054276 0.164474 0.075658 0.103618
0 0.605263 0.164474 0.077303 0.092105
0 0.715461 0.164474 0.078947 0.101974
0 0.495066 0.274671 0.078947 0.101974
8 0.715461 0.274671 0.085526 0.103618
12 0.935855 0.274671 0.083882 0.087171
7 0.164474 0.384868 0.062500 0.093750
0 0.274671 0.384868 0.078947 0.101974
0 0.495066 0.384868 0.078947 0.101974
0 0.495066 0.605263 0.078947 0.101974
11 0.164474 0.715461 0.083882 0.098684
0 0.164474 0.825658 0.078947 0.101974
0 0.715461 0.825658 0.077303 0.092105
0 0.935855 0.825658 0.078947 0.101974
0 0.164474 0.935855 0.078947 0.101974
0 0.605263 0.935855 0.078947 0.101974
0 0.825658 0.935855 0.077303 0.092105
0 0.935855 0.935855 0.078947 0.101974
