7 0.054276 0.054276 0.085526 0.098684
0 0.825658 0.054276 0.075658 0.098684
0 0.274671 0.164474 0.075658 0.098684
0 0.715461 0.164474 0.078947 0.111842
1 0.825658 0.164474 0.078947 0.106908
0 0.164474 0.274671 0.075658 0.098684
0 0.605263 0.274671 0.075658 0.098684
13 0.164474 0.384868 0.075658 0.090461
0 0.715461 0.384868 0.078947 0.111842
0 0.935855 0.384868 0.075658 0.098684
0 0.384868 0.495066 0.078947 0.111842
4 0.935855 0.495066 0.075658 0.133224
0 0.605263 0.605263 0.075658 0.098684
0 0.715461 0.605263 0.078947 0.111842
11 0.935855 0.605263 0.087171 0.106908
12 0.054276 0.715461 0.077303 0.110197
0 0.825658 0.715461 0.078947 0.111842
8 0.935855 0.825658 0.082237 0.126645
8 0.054276 0.935855 0.082237 0.126645
4 0.274671 0.935855 0.067434 0.120066
0 0.495066 0.935855 0.078947 0.111842
0 0.605263 0.935855 0.078947 0.111842
