8 0.274671 0.059211 0.078947 0.120066
0 0.384868 0.054276 0.077303 0.092105
8 0.605263 0.059211 0.078947 0.120066
0 0.715461 0.057566 0.087171 0.116776
1 0.825658 0.054276 0.078947 0.106908
7 0.935855 0.054276 0.085526 0.098684
10 0.054276 0.164474 0.074013 0.106908
11 0.274671 0.164474 0.075658 0.080592
7 0.495066 0.164474 0.062500 0.093750
0 0.825658 0.164474 0.087171 0.116776
0 0.164474 0.274671 0.087171 0.116776
0 0.495066 0.274671 0.077303 0.092105
1 0.605263 0.274671 0.078947 0.106908
4 0.825658 0.274671 0.075658 0.133224
0 0.054276 0.384868 0.075658 0.098684
0 0.164474 0.384868 0.075658 0.098684
0 0.495066 0.384868 0.087171 0.116776
0 0.825658 0.384868 0.077303 0.092105
13 0.935855 0.384868 0.075658 0.105263
9 0.054276 0.495066 0.085526 0.077303
0 0.605263 0.495066 0.075658 0.098684
0 0.715461 0.495066 0.075658 0.098684
8 0.825658 0.495066 0.078947 0.120066
11 0.164474 0.605263 0.075658 0.080592
10 0.274671 0.605263 0.070724 0.105263
0 0.384868 0.605263 0.087171 0.116776
9 0.825658 0.605263 0.070724 0.090461
9 0.935855 0.605263 0.077303 0.100329
1 0.164474 0.715461 0.075658 0.103618
12 0.274671 0.715461 0.083882 0.093750
13 0.384868 0.715461 0.080592 0.100329
11 0.605263 0.715461 0.078947 0.085526
0 0.715461 0.715461 0.075658 0.098684
0 0.825658 0.715461 0.087171 0.116776
13 0.935855 0.715461 0.075658 0.105263
5 0.054276 0.825658 0.080592 0.101974
4 0.274671 0.825658 0.088816 0.113487
4 0.825658 0.825658 0.075658 0.133224
7 0.935855 0.825658 0.090461 0.085526
5 0.054276 0.935855 0.080592 0.101974
7 0.274671 0.935855 0.085526 0.098684
0 0.384868 0.935855 0.075658 0.098684
0 0.825658 0.935855 0.077303 0.092105
0 0.935855 0.935855 0.087171 0.116776
