10 0.054276 0.054276 0.074013 0.106908
4 0.274671 0.060855 0.072368 0.123355
7 0.384868 0.054276 0.078947 0.085526
0 0.605263 0.054276 0.077303 0.106908
11 0.715461 0.054276 0.080592 0.101974
0 0.825658 0.054276 0.077303 0.106908
0 0.935855 0.054276 0.077303 0.106908
11 0.164474 0.164474 0.080592 0.098684
5 0.384868 0.164474 0.082237 0.097039
0 0.495066 0.164474 0.077303 0.106908
1 0.164474 0.274671 0.075658 0.103618
0 0.384868 0.274671 0.077303 0.100329
13 0.825658 0.274671 0.087171 0.108553
9 0.054276 0.384868 0.077303 0.103618
7 0.274671 0.384868 0.078947 0.085526
8 0.384868 0.384868 0.075658 0.111842
0 0.605263 0.384868 0.077303 0.100329
7 0.935855 0.384868 0.077303 0.098684
7 0.164474 0.495066 0.077303 0.098684
0 0.274671 0.495066 0.077303 0.100329
5 0.605263 0.495066 0.074013 0.100329
0 0.825658 0.495066 0.077303 0.106908
9 0.605263 0.605263 0.069079 0.092105
1 0.715461 0.605263 0.083882 0.097039
0 0.825658 0.605263 0.077303 0.106908
1 0.935855 0.605263 0.078947 0.090461
0 0.054276 0.715461 0.078947 0.090461
0 0.164474 0.715461 0.078947 0.090461
12 0.274671 0.715461 0.077303 0.100329
8 0.715461 0.715461 0.072368 0.100329
13 0.935855 0.715461 0.062500 0.083882
11 0.054276 0.825658 0.070724 0.075658
4 0.384868 0.825658 0.072368 0.123355
0 0.495066 0.825658 0.077303 0.100329
4 0.605263 0.825658 0.078947 0.106908
0 0.715461 0.825658 0.077303 0.092105
10 0.825658 0.825658 0.074013 0.106908
0 0.935855 0.825658 0.077303 0.100329
0 0.164474 0.935855 0.078947 0.090461
13 0.274671 0.935855 0.075658 0.105263
9 0.384868 0.935855 0.069079 0.092105
8 0.495066 0.935855 0.072368 0.100329
0 0.605263 0.935855 0.077303 0.106908
0 0.935855 0.935855 0.077303 0.092105
