8 0.164474 0.054276 0.072368 0.110197
8 0.274671 0.054276 0.072368 0.095395
0 0.384868 0.054276 0.085526 0.098684
12 0.605263 0.055921 0.080592 0.113487
0 0.715461 0.054276 0.085526 0.098684
0 0.935855 0.054276 0.075658 0.097039
9 0.054276 0.164474 0.074013 0.097039
7 0.164474 0.164474 0.070724 0.090461
5 0.384868 0.164474 0.075658 0.097039
5 0.605263 0.164474 0.074013 0.105263
0 0.715461 0.164474 0.085526 0.098684
10 0.825658 0.164474 0.067434 0.110197
1 0.054276 0.274671 0.080592 0.097039
0 0.274671 0.274671 0.074013 0.106908
0 0.384868 0.274671 0.085526 0.098684
0 0.495066 0.274671 0.074013 0.106908
7 0.825658 0.274671 0.067434 0.087171
0 0.274671 0.384868 0.074013 0.106908
4 0.495066 0.384868 0.078947 0.093750
0 0.715461 0.384868 0.085526 0.098684
9 0.825658 0.384868 0.074013 0.097039
13 0.164474 0.495066 0.075658 0.095395
11 0.274671 0.495066 0.087171 0.097039
1 0.605263 0.495066 0.088816 0.106908
13 0.825658 0.495066 0.077303 0.095395
0 0.274671 0.605263 0.085526 0.098684
7 0.495066 0.605263 0.075658 0.105263
0 0.605263 0.605263 0.085526 0.098684
11 0.054276 0.715461 0.082237 0.098684
11 0.164474 0.715461 0.082237 0.098684
0 0.274671 0.715461 0.085526 0.098684
8 0.384868 0.715461 0.074013 0.123355
0 0.495066 0.715461 0.074013 0.106908
0 0.605263 0.715461 0.085526 0.098684
9 0.054276 0.825658 0.069079 0.083882
0 0.384868 0.825658 0.075658 0.097039
4 0.605263 0.825658 0.078947 0.093750
0 0.825658 0.825658 0.074013 0.106908
0 0.274671 0.935855 0.074013 0.106908
13 0.495066 0.935855 0.075658 0.095395
7 0.605263 0.935855 0.070724 0.090461
1 0.715461 0.935855 0.088816 0.106908
10 0.825658 0.935855 0.070724 0.116776
4 0.935855 0.935855 0.065789 0.100329
