10 0.164474 0.054276 0.075658 0.103618
1 0.274671 0.054276 0.088816 0.106908
0 0.384868 0.054276 0.078947 0.101974
4 0.605263 0.054276 0.065789 0.100329
0 0.825658 0.054276 0.074013 0.106908
0 0.935855 0.054276 0.074013 0.106908
11 0.054276 0.164474 0.087171 0.097039
0 0.164474 0.164474 0.078947 0.115132
0 0.384868 0.164474 0.074013 0.106908
9 0.495066 0.164474 0.072368 0.087171
13 0.715461 0.164474 0.082237 0.095395
8 0.825658 0.164474 0.072368 0.110197
1 0.935855 0.164474 0.088816 0.106908
5 0.495066 0.274671 0.077303 0.098684
9 0.605263 0.274671 0.072368 0.087171
7 0.825658 0.274671 0.069079 0.090461
0 0.274671 0.384868 0.078947 0.115132
11 0.495066 0.384868 0.087171 0.097039
13 0.605263 0.384868 0.077303 0.095395
0 0.715461 0.384868 0.074013 0.106908
7 0.825658 0.384868 0.069079 0.090461
10 0.935855 0.384868 0.070724 0.129934
8 0.384868 0.495066 0.072368 0.110197
12 0.605263 0.495066 0.080592 0.115132
0 0.164474 0.605263 0.074013 0.106908
0 0.495066 0.605263 0.074013 0.106908
9 0.715461 0.605263 0.072368 0.087171
8 0.825658 0.605263 0.072368 0.110197
4 0.935855 0.605263 0.065789 0.100329
0 0.054276 0.715461 0.074013 0.106908
0 0.164474 0.715461 0.074013 0.106908
5 0.495066 0.715461 0.082237 0.108553
13 0.605263 0.715461 0.082237 0.095395
0 0.715461 0.715461 0.074013 0.106908
7 0.825658 0.715461 0.075658 0.105263
4 0.935855 0.715461 0.105263 0.092105
7 0.164474 0.825658 0.075658 0.105263
0 0.384868 0.825658 0.074013 0.106908
1 0.605263 0.825658 0.088816 0.106908
11 0.825658 0.825658 0.092105 0.103618
0 0.054276 0.935855 0.078947 0.101974
0 0.164474 0.935855 0.078947 0.101974
0 0.384868 0.935855 0.074013 0.106908
0 0.825658 0.935855 0.078947 0.101974
