8 0.054276 0.059211 0.078947 0.120066
5 0.164474 0.054276 0.077303 0.098684
1 0.384868 0.054276 0.087171 0.105263
13 0.715461 0.054276 0.080592 0.100329
0 0.825658 0.057566 0.087171 0.116776
1 0.935855 0.054276 0.087171 0.105263
0 0.164474 0.164474 0.088816 0.110197
0 0.274671 0.164474 0.088816 0.110197
13 0.384868 0.164474 0.075658 0.090461
7 0.495066 0.164474 0.090461 0.085526
13 0.825658 0.164474 0.075658 0.090461
1 0.935855 0.164474 0.087171 0.105263
0 0.054276 0.274671 0.100329 0.087171
0 0.384868 0.274671 0.087171 0.116776
10 0.495066 0.274671 0.077303 0.106908
10 0.605263 0.274671 0.065789 0.126645
4 0.935855 0.274671 0.088816 0.113487
0 0.495066 0.384868 0.078947 0.111842
0 0.715461 0.384868 0.088816 0.110197
9 0.935855 0.384868 0.078947 0.100329
7 0.164474 0.495066 0.083882 0.072368
0 0.495066 0.495066 0.100329 0.087171
0 0.825658 0.495066 0.087171 0.116776
11 0.935855 0.495066 0.087171 0.103618
0 0.054276 0.605263 0.078947 0.111842
12 0.164474 0.605263 0.075658 0.095395
5 0.274671 0.605263 0.077303 0.098684
11 0.935855 0.605263 0.075658 0.080592
11 0.054276 0.715461 0.087171 0.103618
0 0.274671 0.715461 0.078947 0.111842
7 0.495066 0.715461 0.070724 0.093750
8 0.605263 0.715461 0.078947 0.120066
4 0.825658 0.715461 0.085526 0.095395
0 0.935855 0.715461 0.100329 0.087171
0 0.054276 0.825658 0.087171 0.116776
0 0.274671 0.825658 0.100329 0.087171
0 0.384868 0.825658 0.088816 0.110197
4 0.495066 0.825658 0.088816 0.113487
9 0.605263 0.825658 0.085526 0.077303
9 0.054276 0.935855 0.085526 0.077303
0 0.384868 0.935855 0.100329 0.087171
8 0.605263 0.935855 0.082237 0.126645
0 0.825658 0.935855 0.100329 0.087171
7 0.935855 0.935855 0.070724 0.093750
