13 0.164474 0.054276 0.100329 0.095395
0 0.274671 0.054276 0.100329 0.087171
0 0.384868 0.054276 0.100329 0.087171
0 0.605263 0.054276 0.100329 0.087171
1 0.054276 0.164474 0.090461 0.097039
0 0.384868 0.164474 0.100329 0.087171
4 0.495066 0.164474 0.085526 0.095395
0 0.935855 0.164474 0.077303 0.092105
7 0.164474 0.274671 0.070724 0.093750
0 0.274671 0.274671 0.100329 0.087171
12 0.384868 0.274671 0.077303 0.110197
7 0.495066 0.274671 0.070724 0.093750
8 0.825658 0.274671 0.101974 0.106908
1 0.935855 0.274671 0.080592 0.106908
13 0.054276 0.384868 0.075658 0.105263
5 0.164474 0.384868 0.077303 0.100329
4 0.274671 0.384868 0.067434 0.120066
0 0.384868 0.384868 0.085526 0.101974
11 0.495066 0.384868 0.080592 0.098684
10 0.935855 0.384868 0.065789 0.126645
0 0.164474 0.495066 0.077303 0.092105
9 0.274671 0.495066 0.077303 0.100329
9 0.384868 0.495066 0.078947 0.100329
4 0.495066 0.495066 0.082237 0.105263
0 0.605263 0.495066 0.078947 0.111842
11 0.715461 0.495066 0.077303 0.116776
0 0.825658 0.495066 0.100329 0.087171
5 0.935855 0.495066 0.077303 0.100329
8 0.164474 0.605263 0.072368 0.100329
13 0.384868 0.605263 0.100329 0.095395
8 0.715461 0.605263 0.082237 0.126645
7 0.825658 0.605263 0.074013 0.093750
0 0.164474 0.715461 0.078947 0.111842
1 0.274671 0.715461 0.078947 0.097039
0 0.384868 0.715461 0.100329 0.087171
0 0.715461 0.715461 0.077303 0.092105
0 0.935855 0.715461 0.100329 0.087171
10 0.384868 0.825658 0.074013 0.121711
0 0.495066 0.825658 0.085526 0.101974
11 0.715461 0.825658 0.080592 0.098684
9 0.825658 0.825658 0.077303 0.100329
0 0.935855 0.825658 0.085526 0.101974
0 0.054276 0.935855 0.078947 0.111842
7 0.935855 0.935855 0.070724 0.093750
