11 0.164474 0.054276 0.080592 0.101974
0 0.274671 0.054276 0.074013 0.098684
7 0.605263 0.054276 0.067434 0.087171
1 0.715461 0.054276 0.080592 0.097039
0 0.935855 0.054276 0.085526 0.098684
0 0.495066 0.164474 0.077303 0.106908
0 0.715461 0.164474 0.074013 0.098684
7 0.825658 0.164474 0.067434 0.087171
7 0.935855 0.164474 0.067434 0.087171
4 0.164474 0.274671 0.078947 0.093750
11 0.384868 0.274671 0.095395 0.080592
13 0.495066 0.274671 0.087171 0.108553
8 0.605263 0.274671 0.070724 0.092105
4 0.825658 0.274671 0.078947 0.093750
10 0.054276 0.384868 0.070724 0.105263
5 0.384868 0.384868 0.088816 0.110197
0 0.495066 0.384868 0.074013 0.098684
0 0.715461 0.384868 0.085526 0.098684
1 0.825658 0.384868 0.078947 0.090461
7 0.054276 0.495066 0.067434 0.087171
0 0.384868 0.495066 0.077303 0.106908
4 0.495066 0.495066 0.072368 0.123355
5 0.825658 0.495066 0.088816 0.110197
8 0.164474 0.605263 0.074013 0.123355
0 0.274671 0.605263 0.077303 0.106908
0 0.384868 0.605263 0.074013 0.098684
9 0.605263 0.605263 0.070724 0.090461
9 0.715461 0.605263 0.069079 0.092105
10 0.825658 0.605263 0.070724 0.105263
0 0.054276 0.715461 0.085526 0.098684
8 0.164474 0.715461 0.074013 0.123355
9 0.274671 0.715461 0.070724 0.090461
13 0.384868 0.715461 0.074013 0.085526
0 0.495066 0.715461 0.075658 0.098684
0 0.605263 0.715461 0.077303 0.106908
0 0.715461 0.715461 0.075658 0.098684
0 0.054276 0.825658 0.075658 0.098684
11 0.384868 0.825658 0.095395 0.080592
12 0.495066 0.825658 0.095395 0.082237
1 0.605263 0.825658 0.078947 0.106908
0 0.935855 0.825658 0.077303 0.106908
0 0.054276 0.935855 0.085526 0.098684
13 0.605263 0.935855 0.062500 0.083882
0 0.825658 0.935855 0.085526 0.098684
