0 0.274671 0.054276 0.085526 0.098684
0 0.384868 0.054276 0.077303 0.106908
0 0.495066 0.054276 0.077303 0.106908
0 0.825658 0.057566 0.087171 0.116776
13 0.054276 0.164474 0.087171 0.108553
0 0.274671 0.164474 0.087171 0.116776
4 0.495066 0.164474 0.072368 0.123355
0 0.605263 0.164474 0.077303 0.106908
5 0.825658 0.164474 0.077303 0.098684
1 0.935855 0.164474 0.077303 0.093750
11 0.054276 0.274671 0.075658 0.080592
9 0.274671 0.274671 0.069079 0.092105
8 0.384868 0.274671 0.077303 0.118421
11 0.495066 0.274671 0.080592 0.101974
7 0.605263 0.274671 0.078947 0.103618
4 0.935855 0.274671 0.078947 0.093750
0 0.495066 0.384868 0.088816 0.110197
0 0.605263 0.384868 0.087171 0.116776
7 0.054276 0.495066 0.090461 0.085526
0 0.164474 0.495066 0.085526 0.098684
0 0.274671 0.495066 0.077303 0.106908
8 0.825658 0.495066 0.077303 0.118421
0 0.935855 0.495066 0.088816 0.110197
8 0.054276 0.605263 0.077303 0.118421
0 0.274671 0.605263 0.085526 0.098684
0 0.605263 0.605263 0.087171 0.116776
9 0.715461 0.605263 0.069079 0.083882
13 0.825658 0.605263 0.075658 0.095395
4 0.935855 0.605263 0.074013 0.115132
0 0.054276 0.715461 0.087171 0.116776
0 0.164474 0.715461 0.087171 0.116776
0 0.384868 0.715461 0.087171 0.116776
9 0.495066 0.715461 0.082237 0.088816
0 0.605263 0.715461 0.085526 0.098684
10 0.715461 0.715461 0.067434 0.106908
5 0.825658 0.715461 0.077303 0.098684
11 0.935855 0.715461 0.075658 0.080592
13 0.054276 0.825658 0.087171 0.108553
1 0.164474 0.825658 0.087171 0.105263
1 0.715461 0.825658 0.080592 0.097039
10 0.825658 0.825658 0.069079 0.093750
12 0.164474 0.935855 0.083882 0.098684
7 0.384868 0.935855 0.067434 0.087171
7 0.935855 0.935855 0.090461 0.085526
