4 0.054276 0.055921 0.088816 0.113487
8 0.164474 0.060855 0.067434 0.121711
12 0.384868 0.054276 0.092105 0.098684
9 0.495066 0.054276 0.077303 0.103618
0 0.605263 0.057566 0.087171 0.116776
0 0.715461 0.054276 0.088816 0.110197
13 0.384868 0.164474 0.080592 0.100329
1 0.495066 0.164474 0.087171 0.105263
0 0.715461 0.164474 0.074013 0.098684
10 0.054276 0.274671 0.067434 0.093750
7 0.495066 0.274671 0.078947 0.103618
4 0.605263 0.274671 0.077303 0.115132
11 0.935855 0.274671 0.075658 0.080592
0 0.054276 0.384868 0.087171 0.116776
13 0.164474 0.384868 0.062500 0.083882
0 0.495066 0.384868 0.087171 0.116776
0 0.605263 0.384868 0.087171 0.116776
0 0.715461 0.384868 0.087171 0.116776
0 0.825658 0.384868 0.078947 0.090461
0 0.054276 0.495066 0.074013 0.098684
0 0.605263 0.495066 0.078947 0.090461
0 0.825658 0.495066 0.074013 0.098684
0 0.054276 0.605263 0.088816 0.110197
0 0.164474 0.605263 0.087171 0.116776
0 0.274671 0.605263 0.074013 0.098684
9 0.495066 0.605263 0.082237 0.088816
8 0.715461 0.605263 0.078947 0.120066
5 0.825658 0.605263 0.077303 0.098684
9 0.935855 0.605263 0.077303 0.103618
11 0.054276 0.715461 0.075658 0.080592
0 0.164474 0.715461 0.087171 0.116776
1 0.384868 0.715461 0.087171 0.105263
11 0.605263 0.715461 0.082237 0.100329
8 0.825658 0.715461 0.074013 0.123355
7 0.164474 0.825658 0.090461 0.085526
7 0.384868 0.825658 0.090461 0.085526
0 0.605263 0.825658 0.074013 0.098684
5 0.715461 0.825658 0.077303 0.098684
1 0.825658 0.825658 0.078947 0.103618
7 0.384868 0.935855 0.090461 0.085526
4 0.495066 0.935855 0.077303 0.115132
10 0.605263 0.935855 0.080592 0.098684
0 0.715461 0.935855 0.087171 0.116776
13 0.935855 0.935855 0.080592 0.100329
