12 0.054276 0.054276 0.078947 0.092105
0 0.164474 0.055921 0.082237 0.113487
0 0.274671 0.054276 0.074013 0.106908
5 0.384868 0.054276 0.077303 0.098684
11 0.605263 0.054276 0.087171 0.106908
1 0.935855 0.054276 0.080592 0.106908
0 0.054276 0.274671 0.082237 0.113487
0 0.164474 0.274671 0.075658 0.097039
0 0.384868 0.274671 0.078947 0.111842
7 0.495066 0.274671 0.070724 0.090461
7 0.605263 0.274671 0.075658 0.105263
7 0.825658 0.274671 0.074013 0.101974
0 0.054276 0.384868 0.075658 0.097039
9 0.274671 0.384868 0.078947 0.100329
11 0.605263 0.384868 0.087171 0.097039
0 0.715461 0.384868 0.074013 0.106908
0 0.935855 0.384868 0.075658 0.097039
0 0.164474 0.495066 0.074013 0.106908
11 0.384868 0.495066 0.077303 0.110197
9 0.495066 0.495066 0.074013 0.097039
10 0.605263 0.495066 0.067434 0.106908
0 0.825658 0.495066 0.082237 0.113487
5 0.384868 0.605263 0.077303 0.098684
9 0.495066 0.605263 0.078947 0.100329
0 0.605263 0.605263 0.075658 0.097039
4 0.715461 0.605263 0.067434 0.120066
13 0.935855 0.605263 0.088816 0.098684
10 0.054276 0.715461 0.065789 0.126645
13 0.274671 0.715461 0.075658 0.090461
8 0.384868 0.715461 0.082237 0.126645
0 0.605263 0.715461 0.078947 0.111842
1 0.935855 0.715461 0.088816 0.106908
0 0.054276 0.825658 0.075658 0.097039
7 0.274671 0.825658 0.075658 0.105263
0 0.495066 0.825658 0.074013 0.106908
0 0.605263 0.825658 0.074013 0.106908
1 0.715461 0.825658 0.080592 0.106908
4 0.825658 0.825658 0.075658 0.113487
8 0.935855 0.825658 0.074013 0.123355
0 0.054276 0.935855 0.078947 0.111842
4 0.274671 0.935855 0.069079 0.116776
13 0.384868 0.935855 0.088816 0.098684
8 0.495066 0.935855 0.074013 0.123355
0 0.935855 0.935855 0.075658 0.097039
