0 0.164474 0.054276 0.077303 0.098684
9 0.384868 0.054276 0.070724 0.090461
4 0.825658 0.067434 0.074013 0.134868
8 0.935855 0.062500 0.083882 0.126645
11 0.164474 0.164474 0.080592 0.090461
4 0.384868 0.164474 0.074013 0.113487
1 0.495066 0.164474 0.090461 0.097039
0 0.605263 0.164474 0.078947 0.115132
1 0.825658 0.164474 0.088816 0.115132
0 0.054276 0.274671 0.100329 0.087171
0 0.605263 0.274671 0.100329 0.087171
5 0.715461 0.274671 0.080592 0.097039
10 0.825658 0.274671 0.080592 0.098684
1 0.935855 0.274671 0.090461 0.097039
7 0.274671 0.384868 0.083882 0.072368
0 0.495066 0.384868 0.074013 0.098684
11 0.715461 0.384868 0.087171 0.103618
0 0.935855 0.384868 0.078947 0.115132
0 0.054276 0.495066 0.100329 0.087171
11 0.274671 0.495066 0.087171 0.103618
7 0.384868 0.495066 0.083882 0.072368
0 0.605263 0.495066 0.074013 0.098684
0 0.825658 0.495066 0.077303 0.098684
7 0.054276 0.605263 0.083882 0.072368
9 0.164474 0.605263 0.080592 0.105263
5 0.274671 0.605263 0.083882 0.105263
0 0.495066 0.605263 0.074013 0.098684
7 0.715461 0.605263 0.069079 0.090461
0 0.825658 0.605263 0.078947 0.115132
12 0.274671 0.715461 0.101974 0.085526
0 0.384868 0.715461 0.074013 0.098684
9 0.605263 0.715461 0.093750 0.101974
13 0.715461 0.715461 0.075658 0.088816
0 0.164474 0.825658 0.100329 0.087171
0 0.274671 0.825658 0.074013 0.098684
13 0.384868 0.825658 0.075658 0.088816
13 0.495066 0.825658 0.075658 0.088816
0 0.715461 0.825658 0.077303 0.098684
8 0.825658 0.825658 0.074013 0.097039
0 0.935855 0.825658 0.100329 0.087171
10 0.164474 0.935855 0.064145 0.103618
8 0.384868 0.935855 0.083882 0.126645
0 0.495066 0.935855 0.077303 0.098684
4 0.605263 0.935855 0.074013 0.113487
