12 0.164474 0.054276 0.083882 0.098684
11 0.274671 0.054276 0.082237 0.100329
8 0.605263 0.054276 0.072368 0.100329
4 0.715461 0.054276 0.082237 0.105263
0 0.825658 0.054276 0.077303 0.092105
7 0.054276 0.164474 0.075658 0.101974
0 0.164474 0.164474 0.085526 0.098684
0 0.274671 0.164474 0.085526 0.098684
5 0.715461 0.164474 0.075658 0.097039
9 0.825658 0.164474 0.069079 0.083882
0 0.935855 0.164474 0.077303 0.092105
1 0.054276 0.274671 0.080592 0.097039
4 0.164474 0.274671 0.082237 0.105263
1 0.495066 0.274671 0.075658 0.103618
0 0.715461 0.274671 0.085526 0.098684
0 0.054276 0.384868 0.077303 0.092105
9 0.384868 0.384868 0.077303 0.100329
0 0.715461 0.384868 0.088816 0.106908
7 0.825658 0.384868 0.062500 0.093750
8 0.164474 0.495066 0.072368 0.100329
13 0.274671 0.495066 0.075658 0.095395
0 0.495066 0.495066 0.085526 0.098684
10 0.605263 0.495066 0.069079 0.093750
1 0.715461 0.495066 0.075658 0.103618
0 0.164474 0.605263 0.085526 0.098684
10 0.274671 0.605263 0.069079 0.093750
11 0.605263 0.605263 0.082237 0.100329
5 0.715461 0.605263 0.082237 0.108553
13 0.935855 0.605263 0.075658 0.095395
0 0.164474 0.715461 0.077303 0.092105
0 0.274671 0.715461 0.077303 0.092105
0 0.384868 0.715461 0.077303 0.092105
8 0.495066 0.715461 0.074013 0.123355
7 0.825658 0.715461 0.067434 0.087171
0 0.935855 0.715461 0.077303 0.092105
0 0.054276 0.825658 0.088816 0.106908
13 0.274671 0.825658 0.075658 0.095395
9 0.384868 0.825658 0.077303 0.100329
0 0.495066 0.825658 0.085526 0.098684
4 0.605263 0.825658 0.078947 0.093750
0 0.715461 0.825658 0.077303 0.092105
0 0.054276 0.935855 0.077303 0.092105
7 0.274671 0.935855 0.067434 0.087171
11 0.935855 0.935855 0.082237 0.098684
