5 0.164474 0.054276 0.080592 0.095395
13 0.495066 0.054276 0.080592 0.101974
9 0.825658 0.054276 0.070724 0.092105
1 0.054276 0.164474 0.090461 0.097039
7 0.274671 0.164474 0.083882 0.072368
0 0.715461 0.164474 0.088816 0.106908
0 0.054276 0.274671 0.088816 0.106908
4 0.274671 0.274671 0.074013 0.113487
0 0.384868 0.274671 0.100329 0.087171
9 0.495066 0.274671 0.070724 0.092105
10 0.605263 0.274671 0.069079 0.111842
0 0.935855 0.274671 0.088816 0.106908
0 0.605263 0.384868 0.088816 0.106908
8 0.825658 0.384868 0.097039 0.105263
11 0.054276 0.495066 0.087171 0.103618
0 0.274671 0.495066 0.088816 0.106908
0 0.715461 0.495066 0.100329 0.087171
10 0.825658 0.495066 0.067434 0.090461
0 0.935855 0.495066 0.078947 0.115132
11 0.274671 0.605263 0.082237 0.100329
0 0.384868 0.605263 0.100329 0.087171
4 0.605263 0.605263 0.085526 0.095395
4 0.715461 0.605263 0.074013 0.113487
0 0.825658 0.605263 0.078947 0.115132
0 0.935855 0.605263 0.100329 0.087171
0 0.164474 0.715461 0.100329 0.087171
9 0.384868 0.715461 0.070724 0.092105
7 0.495066 0.715461 0.083882 0.072368
13 0.715461 0.715461 0.100329 0.077303
0 0.825658 0.715461 0.078947 0.115132
13 0.935855 0.715461 0.082237 0.095395
0 0.164474 0.825658 0.100329 0.087171
7 0.274671 0.825658 0.075658 0.101974
1 0.495066 0.825658 0.092105 0.098684
5 0.715461 0.825658 0.080592 0.095395
8 0.825658 0.825658 0.097039 0.105263
11 0.935855 0.825658 0.087171 0.103618
12 0.054276 0.935855 0.088816 0.090461
0 0.164474 0.935855 0.088816 0.106908
8 0.274671 0.935855 0.083882 0.126645
0 0.384868 0.935855 0.100329 0.087171
0 0.495066 0.935855 0.088816 0.106908
1 0.715461 0.935855 0.092105 0.098684
7 0.935855 0.935855 0.075658 0.101974
