5 0.054276 0.054276 0.080592 0.097039
11 0.164474 0.054276 0.075658 0.101974
0 0.274671 0.055921 0.082237 0.113487
11 0.384868 0.054276 0.087171 0.103618
8 0.605263 0.054276 0.101974 0.106908
13 0.715461 0.054276 0.075658 0.088816
7 0.935855 0.054276 0.074013 0.101974
0 0.384868 0.164474 0.082237 0.113487
7 0.495066 0.164474 0.075658 0.105263
0 0.715461 0.164474 0.074013 0.106908
1 0.825658 0.164474 0.074013 0.103618
9 0.935855 0.164474 0.065789 0.095395
12 0.054276 0.274671 0.078947 0.095395
0 0.274671 0.274671 0.100329 0.087171
0 0.384868 0.274671 0.100329 0.087171
7 0.495066 0.274671 0.075658 0.105263
1 0.605263 0.274671 0.090461 0.097039
10 0.715461 0.274671 0.067434 0.090461
0 0.825658 0.274671 0.077303 0.098684
0 0.054276 0.384868 0.074013 0.106908
0 0.164474 0.384868 0.077303 0.098684
0 0.384868 0.384868 0.077303 0.098684
4 0.605263 0.384868 0.085526 0.095395
9 0.715461 0.384868 0.070724 0.082237
11 0.825658 0.384868 0.075658 0.101974
1 0.935855 0.384868 0.088816 0.106908
0 0.605263 0.495066 0.082237 0.113487
7 0.495066 0.605263 0.082237 0.103618
0 0.605263 0.605263 0.077303 0.098684
0 0.164474 0.715461 0.077303 0.098684
4 0.274671 0.715461 0.075658 0.113487
8 0.384868 0.715461 0.074013 0.123355
13 0.495066 0.715461 0.075658 0.088816
0 0.605263 0.715461 0.074013 0.106908
4 0.715461 0.715461 0.085526 0.095395
10 0.054276 0.825658 0.067434 0.110197
9 0.495066 0.825658 0.070724 0.082237
8 0.605263 0.825658 0.074013 0.097039
0 0.825658 0.825658 0.077303 0.098684
0 0.935855 0.825658 0.074013 0.106908
0 0.054276 0.935855 0.082237 0.113487
0 0.164474 0.935855 0.077303 0.098684
13 0.274671 0.935855 0.100329 0.077303
5 0.384868 0.935855 0.080592 0.095395
