0 0.164474 0.054276 0.077303 0.100329
0 0.384868 0.054276 0.088816 0.110197
7 0.825658 0.054276 0.078947 0.103618
0 0.054276 0.164474 0.078947 0.115132
0 0.495066 0.164474 0.077303 0.100329
0 0.715461 0.164474 0.078947 0.115132
7 0.825658 0.164474 0.077303 0.095395
0 0.054276 0.274671 0.078947 0.101974
7 0.164474 0.274671 0.069079 0.090461
7 0.274671 0.274671 0.078947 0.103618
0 0.605263 0.274671 0.078947 0.115132
8 0.715461 0.274671 0.083882 0.126645
10 0.164474 0.384868 0.075658 0.103618
10 0.384868 0.384868 0.070724 0.129934
0 0.495066 0.384868 0.078947 0.101974
1 0.605263 0.384868 0.077303 0.093750
4 0.054276 0.495066 0.105263 0.092105
12 0.274671 0.495066 0.083882 0.087171
5 0.384868 0.495066 0.083882 0.105263
8 0.495066 0.495066 0.085526 0.103618
0 0.715461 0.495066 0.078947 0.115132
5 0.825658 0.495066 0.074013 0.100329
11 0.935855 0.495066 0.082237 0.100329
1 0.274671 0.605263 0.083882 0.106908
4 0.495066 0.605263 0.074013 0.113487
1 0.605263 0.605263 0.083882 0.106908
0 0.715461 0.605263 0.077303 0.100329
9 0.825658 0.605263 0.082237 0.088816
13 0.935855 0.605263 0.080592 0.100329
0 0.495066 0.715461 0.078947 0.115132
9 0.825658 0.715461 0.093750 0.087171
0 0.935855 0.715461 0.077303 0.100329
11 0.054276 0.825658 0.083882 0.098684
8 0.274671 0.825658 0.072368 0.125000
11 0.384868 0.825658 0.070724 0.075658
13 0.495066 0.825658 0.080592 0.100329
9 0.605263 0.825658 0.080592 0.105263
13 0.935855 0.825658 0.078947 0.106908
0 0.054276 0.935855 0.078947 0.101974
0 0.495066 0.935855 0.078947 0.101974
0 0.605263 0.935855 0.077303 0.100329
0 0.715461 0.935855 0.077303 0.100329
4 0.825658 0.935855 0.074013 0.113487
0 0.935855 0.935855 0.078947 0.101974
