1 0.164474 0.054276 0.080592 0.108553
13 0.274671 0.054276 0.100329 0.095395
7 0.715461 0.054276 0.074013 0.093750
10 0.825658 0.064145 0.070724 0.129934
0 0.935855 0.054276 0.075658 0.098684
4 0.054276 0.164474 0.075658 0.133224
8 0.164474 0.164474 0.101974 0.093750
4 0.715461 0.164474 0.060855 0.113487
9 0.935855 0.164474 0.080592 0.105263
0 0.054276 0.274671 0.078947 0.115132
13 0.164474 0.274671 0.078947 0.106908
9 0.274671 0.274671 0.077303 0.097039
5 0.495066 0.274671 0.077303 0.098684
0 0.605263 0.274671 0.075658 0.098684
1 0.715461 0.274671 0.078947 0.106908
13 0.935855 0.274671 0.078947 0.106908
7 0.164474 0.384868 0.085526 0.098684
12 0.384868 0.384868 0.080592 0.115132
0 0.715461 0.384868 0.085526 0.101974
8 0.825658 0.384868 0.101974 0.093750
0 0.274671 0.495066 0.078947 0.115132
8 0.384868 0.495066 0.077303 0.118421
0 0.605263 0.495066 0.075658 0.098684
0 0.825658 0.495066 0.088816 0.110197
0 0.935855 0.495066 0.085526 0.101974
0 0.164474 0.605263 0.085526 0.101974
5 0.495066 0.605263 0.072368 0.105263
0 0.605263 0.605263 0.085526 0.101974
0 0.715461 0.605263 0.085526 0.101974
7 0.054276 0.715461 0.069079 0.090461
1 0.164474 0.715461 0.078947 0.097039
0 0.274671 0.715461 0.075658 0.098684
0 0.384868 0.715461 0.075658 0.098684
0 0.495066 0.715461 0.085526 0.101974
11 0.935855 0.715461 0.092105 0.103618
11 0.054276 0.825658 0.092105 0.103618
4 0.164474 0.825658 0.074013 0.113487
9 0.715461 0.825658 0.082237 0.088816
11 0.825658 0.825658 0.082237 0.100329
0 0.935855 0.825658 0.088816 0.110197
0 0.164474 0.935855 0.078947 0.115132
7 0.274671 0.935855 0.074013 0.093750
10 0.384868 0.935855 0.077303 0.106908
0 0.825658 0.935855 0.075658 0.098684
