0 0.054276 0.054276 0.077303 0.100329
8 0.164474 0.062500 0.072368 0.125000
0 0.274671 0.054276 0.077303 0.092105
11 0.935855 0.054276 0.080592 0.098684
0 0.164474 0.164474 0.074013 0.098684
7 0.274671 0.164474 0.062500 0.093750
4 0.384868 0.164474 0.075658 0.118421
0 0.495066 0.164474 0.074013 0.098684
1 0.715461 0.164474 0.088816 0.115132
10 0.935855 0.164474 0.072368 0.121711
0 0.164474 0.274671 0.074013 0.098684
11 0.274671 0.274671 0.095395 0.080592
0 0.384868 0.274671 0.077303 0.100329
4 0.825658 0.274671 0.078947 0.106908
0 0.935855 0.274671 0.074013 0.098684
9 0.495066 0.384868 0.062500 0.088816
0 0.715461 0.384868 0.077303 0.092105
0 0.825658 0.384868 0.074013 0.098684
0 0.274671 0.495066 0.077303 0.092105
0 0.495066 0.495066 0.074013 0.098684
9 0.605263 0.495066 0.093750 0.101974
0 0.054276 0.605263 0.074013 0.098684
0 0.164474 0.605263 0.077303 0.100329
13 0.495066 0.605263 0.078947 0.090461
1 0.605263 0.605263 0.083882 0.097039
1 0.054276 0.715461 0.075658 0.103618
0 0.384868 0.715461 0.074013 0.098684
7 0.495066 0.715461 0.078947 0.085526
10 0.605263 0.715461 0.072368 0.121711
9 0.715461 0.715461 0.062500 0.088816
7 0.825658 0.715461 0.085526 0.098684
12 0.935855 0.715461 0.095395 0.082237
11 0.274671 0.825658 0.095395 0.080592
4 0.605263 0.825658 0.078947 0.106908
0 0.715461 0.825658 0.074013 0.098684
7 0.825658 0.825658 0.085526 0.098684
0 0.164474 0.935855 0.074013 0.098684
5 0.274671 0.935855 0.082237 0.108553
13 0.384868 0.935855 0.062500 0.083882
5 0.495066 0.935855 0.074013 0.100329
13 0.605263 0.935855 0.075658 0.105263
0 0.715461 0.935855 0.077303 0.100329
8 0.825658 0.935855 0.074013 0.123355
8 0.935855 0.935855 0.072368 0.100329
