0 0.054276 0.054276 0.088816 0.110197
7 0.164474 0.054276 0.069079 0.097039
11 0.384868 0.054276 0.080592 0.098684
11 0.495066 0.054276 0.075658 0.080592
10 0.605263 0.054276 0.074013 0.106908
10 0.715461 0.054276 0.067434 0.106908
0 0.825658 0.054276 0.088816 0.110197
7 0.054276 0.164474 0.090461 0.085526
5 0.164474 0.164474 0.082237 0.108553
9 0.274671 0.164474 0.077303 0.100329
8 0.384868 0.164474 0.075658 0.111842
11 0.495066 0.164474 0.080592 0.098684
9 0.605263 0.164474 0.082237 0.088816
11 0.715461 0.164474 0.080592 0.101974
5 0.825658 0.164474 0.082237 0.108553
5 0.935855 0.164474 0.074013 0.101974
4 0.054276 0.274671 0.082237 0.105263
1 0.164474 0.274671 0.075658 0.103618
7 0.274671 0.274671 0.090461 0.085526
4 0.384868 0.274671 0.074013 0.115132
12 0.495066 0.274671 0.069079 0.088816
0 0.825658 0.274671 0.087171 0.116776
8 0.935855 0.274671 0.077303 0.118421
5 0.054276 0.384868 0.074013 0.101974
0 0.164474 0.384868 0.088816 0.110197
10 0.274671 0.384868 0.077303 0.106908
7 0.384868 0.384868 0.062500 0.093750
4 0.605263 0.384868 0.088816 0.113487
9 0.715461 0.384868 0.085526 0.077303
7 0.825658 0.384868 0.090461 0.085526
8 0.935855 0.384868 0.072368 0.100329
0 0.164474 0.495066 0.088816 0.110197
10 0.274671 0.495066 0.077303 0.106908
4 0.384868 0.495066 0.088816 0.113487
12 0.495066 0.495066 0.092105 0.098684
0 0.605263 0.495066 0.087171 0.116776
5 0.715461 0.495066 0.082237 0.097039
0 0.825658 0.495066 0.088816 0.110197
13 0.054276 0.605263 0.080592 0.100329
0 0.164474 0.605263 0.087171 0.116776
8 0.384868 0.605263 0.078947 0.120066
8 0.495066 0.605263 0.075658 0.111842
0 0.605263 0.605263 0.077303 0.106908
10 0.825658 0.605263 0.077303 0.106908
12 0.054276 0.715461 0.075658 0.095395
11 0.164474 0.715461 0.075658 0.080592
10 0.274671 0.715461 0.077303 0.106908
12 0.495066 0.715461 0.092105 0.098684
4 0.605263 0.715461 0.072368 0.123355
4 0.715461 0.715461 0.088816 0.113487
5 0.825658 0.715461 0.074013 0.101974
0 0.935855 0.715461 0.087171 0.116776
7 0.054276 0.825658 0.090461 0.085526
4 0.164474 0.825658 0.082237 0.105263
8 0.274671 0.825658 0.078947 0.120066
1 0.384868 0.825658 0.075658 0.103618
4 0.495066 0.825658 0.082237 0.105263
0 0.825658 0.825658 0.077303 0.106908
0 0.935855 0.825658 0.087171 0.116776
13 0.054276 0.935855 0.075658 0.105263
0 0.164474 0.935855 0.077303 0.092105
7 0.274671 0.935855 0.090461 0.085526
1 0.495066 0.935855 0.077303 0.093750
0 0.605263 0.935855 0.077303 0.092105
0 0.715461 0.935855 0.087171 0.116776
1 0.935855 0.935855 0.087171 0.105263
