4 0.054276 0.054276 0.078947 0.106908
11 0.164474 0.054276 0.078947 0.085526
7 0.274671 0.054276 0.069079 0.101974
0 0.495066 0.054276 0.075658 0.098684
7 0.605263 0.054276 0.078947 0.085526
0 0.715461 0.054276 0.075658 0.098684
7 0.825658 0.054276 0.067434 0.087171
13 0.935855 0.054276 0.074013 0.085526
13 0.054276 0.164474 0.075658 0.095395
0 0.164474 0.164474 0.085526 0.098684
5 0.274671 0.164474 0.074013 0.100329
9 0.384868 0.164474 0.062500 0.088816
0 0.605263 0.164474 0.077303 0.098684
11 0.715461 0.164474 0.082237 0.098684
12 0.935855 0.164474 0.074013 0.095395
10 0.054276 0.274671 0.070724 0.105263
0 0.164474 0.274671 0.075658 0.098684
12 0.274671 0.274671 0.083882 0.093750
5 0.384868 0.274671 0.080592 0.097039
0 0.495066 0.274671 0.077303 0.098684
1 0.605263 0.274671 0.074013 0.103618
9 0.715461 0.274671 0.062500 0.088816
0 0.825658 0.274671 0.077303 0.098684
11 0.054276 0.384868 0.082237 0.098684
7 0.164474 0.384868 0.069079 0.101974
0 0.274671 0.384868 0.085526 0.110197
9 0.384868 0.384868 0.069079 0.083882
5 0.495066 0.384868 0.074013 0.100329
0 0.605263 0.384868 0.085526 0.098684
1 0.825658 0.384868 0.078947 0.106908
0 0.935855 0.384868 0.077303 0.100329
7 0.164474 0.495066 0.078947 0.085526
12 0.274671 0.495066 0.077303 0.100329
5 0.384868 0.495066 0.080592 0.101974
10 0.495066 0.495066 0.069079 0.093750
10 0.715461 0.495066 0.069079 0.093750
0 0.825658 0.495066 0.085526 0.110197
8 0.054276 0.605263 0.077303 0.121711
11 0.164474 0.605263 0.074013 0.110197
5 0.384868 0.605263 0.074013 0.100329
7 0.495066 0.605263 0.067434 0.087171
4 0.605263 0.605263 0.072368 0.116776
10 0.715461 0.605263 0.072368 0.121711
0 0.825658 0.605263 0.085526 0.098684
10 0.935855 0.605263 0.069079 0.093750
4 0.054276 0.715461 0.074013 0.134868
4 0.164474 0.715461 0.075658 0.133224
11 0.274671 0.715461 0.078947 0.085526
5 0.384868 0.715461 0.074013 0.100329
0 0.605263 0.715461 0.085526 0.110197
8 0.715461 0.715461 0.074013 0.123355
10 0.825658 0.715461 0.072368 0.121711
10 0.935855 0.715461 0.072368 0.121711
0 0.164474 0.825658 0.085526 0.110197
4 0.495066 0.825658 0.072368 0.116776
8 0.605263 0.825658 0.072368 0.125000
4 0.715461 0.825658 0.074013 0.134868
0 0.825658 0.825658 0.075658 0.098684
7 0.935855 0.825658 0.069079 0.101974
4 0.054276 0.930921 0.075658 0.133224
1 0.164474 0.935855 0.074013 0.103618
12 0.274671 0.935855 0.077303 0.100329
8 0.384868 0.935855 0.072368 0.125000
4 0.495066 0.935855 0.072368 0.116776
8 0.825658 0.935855 0.072368 0.125000
8 0.935855 0.935855 0.074013 0.123355
