4 0.054276 0.057566 0.069079 0.116776
0 0.164474 0.054276 0.078947 0.090461
7 0.274671 0.054276 0.082237 0.103618
5 0.384868 0.054276 0.074013 0.105263
0 0.495066 0.054276 0.078947 0.090461
0 0.605263 0.054276 0.074013 0.098684
5 0.715461 0.054276 0.077303 0.103618
12 0.825658 0.054276 0.078947 0.095395
5 0.054276 0.164474 0.088816 0.110197
0 0.164474 0.164474 0.087171 0.116776
11 0.274671 0.164474 0.077303 0.110197
1 0.384868 0.164474 0.074013 0.103618
12 0.605263 0.164474 0.095395 0.082237
0 0.715461 0.164474 0.075658 0.097039
8 0.935855 0.164474 0.074013 0.097039
5 0.054276 0.274671 0.088816 0.110197
0 0.164474 0.274671 0.075658 0.097039
4 0.274671 0.274671 0.075658 0.118421
12 0.495066 0.274671 0.092105 0.098684
8 0.605263 0.274671 0.072368 0.095395
11 0.935855 0.274671 0.082237 0.100329
1 0.054276 0.384868 0.074013 0.103618
8 0.164474 0.384868 0.074013 0.097039
0 0.274671 0.384868 0.074013 0.098684
12 0.384868 0.384868 0.092105 0.098684
4 0.495066 0.384868 0.075658 0.118421
0 0.715461 0.384868 0.087171 0.116776
4 0.825658 0.384868 0.088816 0.113487
9 0.935855 0.384868 0.077303 0.103618
10 0.054276 0.495066 0.080592 0.098684
7 0.164474 0.495066 0.082237 0.103618
7 0.384868 0.495066 0.077303 0.098684
4 0.495066 0.495066 0.088816 0.113487
10 0.605263 0.495066 0.080592 0.098684
0 0.825658 0.495066 0.077303 0.098684
0 0.935855 0.495066 0.077303 0.098684
0 0.054276 0.605263 0.087171 0.116776
8 0.164474 0.605263 0.067434 0.121711
5 0.274671 0.605263 0.080592 0.097039
0 0.495066 0.605263 0.088816 0.106908
11 0.605263 0.605263 0.082237 0.100329
8 0.715461 0.605263 0.072368 0.095395
13 0.825658 0.605263 0.080592 0.101974
11 0.935855 0.605263 0.075658 0.080592
10 0.054276 0.715461 0.074013 0.121711
0 0.164474 0.715461 0.074013 0.098684
4 0.274671 0.715461 0.075658 0.118421
4 0.384868 0.715461 0.088816 0.113487
7 0.495066 0.715461 0.090461 0.085526
10 0.715461 0.715461 0.070724 0.116776
4 0.825658 0.715461 0.074013 0.134868
7 0.054276 0.825658 0.090461 0.085526
1 0.164474 0.825658 0.080592 0.097039
7 0.274671 0.825658 0.090461 0.085526
0 0.384868 0.825658 0.078947 0.090461
1 0.495066 0.825658 0.074013 0.103618
7 0.605263 0.825658 0.070724 0.090461
11 0.715461 0.825658 0.082237 0.100329
10 0.825658 0.825658 0.080592 0.098684
5 0.935855 0.825658 0.080592 0.097039
8 0.274671 0.935855 0.097039 0.105263
13 0.384868 0.935855 0.062500 0.083882
9 0.495066 0.935855 0.070724 0.090461
10 0.715461 0.935855 0.070724 0.116776
9 0.825658 0.935855 0.077303 0.103618
0 0.935855 0.935855 0.088816 0.106908
