0 0.054276 0.057566 0.087171 0.116776
8 0.274671 0.054276 0.070724 0.092105
12 0.384868 0.054276 0.083882 0.093750
5 0.495066 0.054276 0.075658 0.097039
12 0.605263 0.054276 0.083882 0.093750
1 0.715461 0.054276 0.080592 0.097039
9 0.825658 0.054276 0.070724 0.090461
11 0.935855 0.054276 0.080592 0.090461
1 0.054276 0.164474 0.080592 0.097039
8 0.164474 0.164474 0.074013 0.123355
10 0.384868 0.164474 0.077303 0.106908
10 0.495066 0.164474 0.064145 0.103618
4 0.605263 0.164474 0.075658 0.133224
11 0.825658 0.164474 0.082237 0.100329
4 0.935855 0.164474 0.078947 0.093750
0 0.054276 0.274671 0.075658 0.098684
4 0.164474 0.274671 0.088816 0.113487
11 0.274671 0.274671 0.082237 0.098684
5 0.384868 0.274671 0.080592 0.101974
4 0.605263 0.274671 0.088816 0.113487
8 0.715461 0.274671 0.077303 0.118421
0 0.825658 0.274671 0.075658 0.098684
0 0.935855 0.274671 0.087171 0.116776
9 0.054276 0.384868 0.069079 0.083882
0 0.164474 0.384868 0.085526 0.098684
1 0.274671 0.384868 0.080592 0.097039
7 0.384868 0.384868 0.090461 0.085526
11 0.495066 0.384868 0.075658 0.080592
10 0.605263 0.384868 0.069079 0.093750
10 0.825658 0.384868 0.069079 0.093750
13 0.054276 0.495066 0.075658 0.095395
0 0.164474 0.495066 0.075658 0.098684
0 0.605263 0.495066 0.077303 0.098684
10 0.715461 0.495066 0.074013 0.121711
11 0.935855 0.495066 0.082237 0.098684
7 0.054276 0.605263 0.085526 0.098684
0 0.164474 0.605263 0.075658 0.098684
4 0.274671 0.605263 0.075658 0.133224
10 0.384868 0.605263 0.069079 0.093750
0 0.495066 0.605263 0.085526 0.098684
7 0.605263 0.605263 0.085526 0.098684
12 0.715461 0.605263 0.083882 0.098684
5 0.825658 0.605263 0.075658 0.097039
7 0.054276 0.715461 0.078947 0.103618
4 0.274671 0.715461 0.075658 0.133224
0 0.384868 0.715461 0.075658 0.098684
0 0.495066 0.715461 0.075658 0.098684
10 0.605263 0.715461 0.077303 0.106908
5 0.825658 0.715461 0.075658 0.097039
9 0.935855 0.715461 0.085526 0.077303
7 0.054276 0.825658 0.085526 0.098684
4 0.164474 0.825658 0.074013 0.134868
5 0.274671 0.825658 0.080592 0.097039
8 0.384868 0.825658 0.074013 0.097039
8 0.495066 0.825658 0.078947 0.120066
4 0.605263 0.825658 0.074013 0.134868
5 0.825658 0.825658 0.074013 0.101974
12 0.935855 0.825658 0.078947 0.095395
8 0.054276 0.935855 0.074013 0.123355
7 0.164474 0.935855 0.082237 0.103618
0 0.274671 0.935855 0.075658 0.098684
0 0.384868 0.935855 0.087171 0.116776
7 0.495066 0.935855 0.085526 0.098684
0 0.715461 0.935855 0.087171 0.116776
13 0.825658 0.935855 0.075658 0.088816
0 0.935855 0.935855 0.077303 0.098684
