0 0.054276 0.054276 0.085526 0.098684
11 0.164474 0.054276 0.078947 0.095395
12 0.274671 0.054276 0.078947 0.095395
8 0.384868 0.060855 0.074013 0.123355
5 0.605263 0.054276 0.088816 0.110197
0 0.715461 0.054276 0.074013 0.106908
0 0.825658 0.054276 0.077303 0.106908
0 0.935855 0.054276 0.077303 0.098684
4 0.164474 0.164474 0.077303 0.115132
9 0.274671 0.164474 0.072368 0.087171
0 0.384868 0.164474 0.078947 0.090461
0 0.495066 0.164474 0.085526 0.098684
7 0.825658 0.164474 0.077303 0.098684
11 0.935855 0.164474 0.095395 0.080592
8 0.164474 0.274671 0.074013 0.123355
1 0.274671 0.274671 0.078947 0.103618
0 0.605263 0.274671 0.077303 0.098684
13 0.715461 0.274671 0.075658 0.095395
10 0.825658 0.274671 0.080592 0.098684
10 0.935855 0.274671 0.067434 0.106908
7 0.054276 0.384868 0.067434 0.087171
11 0.164474 0.384868 0.087171 0.097039
7 0.274671 0.384868 0.085526 0.098684
0 0.384868 0.384868 0.074013 0.098684
4 0.495066 0.384868 0.077303 0.115132
10 0.605263 0.384868 0.069079 0.093750
10 0.715461 0.384868 0.080592 0.098684
8 0.825658 0.384868 0.074013 0.123355
12 0.935855 0.384868 0.095395 0.082237
4 0.054276 0.495066 0.078947 0.093750
10 0.164474 0.495066 0.067434 0.093750
0 0.274671 0.495066 0.077303 0.106908
0 0.495066 0.495066 0.077303 0.098684
12 0.605263 0.495066 0.074013 0.097039
0 0.715461 0.495066 0.078947 0.090461
0 0.054276 0.605263 0.078947 0.090461
5 0.164474 0.605263 0.077303 0.103618
13 0.274671 0.605263 0.062500 0.083882
5 0.384868 0.605263 0.082237 0.097039
8 0.495066 0.605263 0.074013 0.097039
7 0.605263 0.605263 0.085526 0.098684
4 0.715461 0.605263 0.072368 0.123355
4 0.825658 0.605263 0.077303 0.115132
4 0.164474 0.715461 0.075658 0.118421
7 0.274671 0.715461 0.085526 0.098684
10 0.384868 0.715461 0.067434 0.110197
0 0.495066 0.715461 0.074013 0.106908
10 0.605263 0.715461 0.067434 0.110197
8 0.715461 0.715461 0.067434 0.121711
9 0.825658 0.715461 0.069079 0.092105
7 0.164474 0.825658 0.067434 0.087171
5 0.274671 0.825658 0.088816 0.110197
9 0.384868 0.825658 0.069079 0.092105
1 0.605263 0.825658 0.088816 0.106908
5 0.715461 0.825658 0.080592 0.097039
4 0.825658 0.825658 0.074013 0.134868
0 0.935855 0.825658 0.085526 0.098684
4 0.054276 0.935855 0.075658 0.118421
11 0.164474 0.935855 0.080592 0.090461
1 0.274671 0.935855 0.078947 0.103618
8 0.384868 0.935855 0.074013 0.097039
11 0.495066 0.935855 0.078947 0.095395
7 0.605263 0.935855 0.075658 0.105263
0 0.715461 0.935855 0.074013 0.106908
12 0.825658 0.935855 0.083882 0.098684
5 0.935855 0.935855 0.077303 0.103618
