8 0.054276 0.060855 0.067434 0.121711
10 0.164474 0.054276 0.069079 0.093750
7 0.274671 0.054276 0.077303 0.098684
12 0.384868 0.054276 0.075658 0.095395
7 0.495066 0.054276 0.069079 0.101974
0 0.605263 0.054276 0.085526 0.098684
0 0.825658 0.054276 0.085526 0.110197
10 0.935855 0.054276 0.074013 0.106908
0 0.054276 0.164474 0.078947 0.115132
8 0.274671 0.164474 0.077303 0.118421
5 0.384868 0.164474 0.082237 0.108553
0 0.495066 0.164474 0.078947 0.115132
4 0.715461 0.164474 0.072368 0.116776
4 0.054276 0.274671 0.078947 0.093750
8 0.164474 0.274671 0.077303 0.118421
7 0.274671 0.274671 0.077303 0.098684
4 0.384868 0.274671 0.077303 0.115132
9 0.495066 0.274671 0.077303 0.103618
0 0.605263 0.274671 0.088816 0.110197
11 0.715461 0.274671 0.080592 0.098684
11 0.935855 0.274671 0.074013 0.110197
13 0.054276 0.384868 0.083882 0.093750
7 0.164474 0.384868 0.078947 0.103618
11 0.274671 0.384868 0.078947 0.095395
5 0.384868 0.384868 0.077303 0.100329
9 0.495066 0.384868 0.077303 0.103618
1 0.605263 0.384868 0.085526 0.106908
1 0.935855 0.384868 0.080592 0.108553
4 0.054276 0.495066 0.074013 0.113487
0 0.164474 0.495066 0.078947 0.090461
10 0.274671 0.495066 0.070724 0.110197
10 0.384868 0.495066 0.069079 0.093750
0 0.495066 0.495066 0.078947 0.115132
10 0.605263 0.495066 0.067434 0.093750
7 0.715461 0.495066 0.069079 0.090461
8 0.825658 0.495066 0.072368 0.100329
12 0.935855 0.495066 0.074013 0.095395
4 0.164474 0.605263 0.082237 0.105263
13 0.495066 0.605263 0.075658 0.095395
0 0.605263 0.605263 0.078947 0.115132
0 0.715461 0.605263 0.078947 0.115132
11 0.935855 0.605263 0.078947 0.095395
0 0.054276 0.715461 0.085526 0.098684
11 0.164474 0.715461 0.092105 0.103618
0 0.274671 0.715461 0.078947 0.115132
0 0.384868 0.715461 0.078947 0.115132
4 0.495066 0.715461 0.074013 0.113487
12 0.605263 0.715461 0.074013 0.097039
8 0.715461 0.715461 0.067434 0.121711
1 0.825658 0.715461 0.085526 0.106908
0 0.935855 0.715461 0.085526 0.110197
5 0.054276 0.825658 0.077303 0.103618
8 0.164474 0.825658 0.077303 0.118421
10 0.274671 0.825658 0.070724 0.129934
12 0.384868 0.825658 0.075658 0.095395
0 0.495066 0.825658 0.078947 0.090461
4 0.605263 0.825658 0.074013 0.113487
7 0.715461 0.825658 0.078947 0.103618
9 0.825658 0.825658 0.069079 0.092105
5 0.054276 0.935855 0.075658 0.097039
5 0.164474 0.935855 0.077303 0.100329
7 0.384868 0.935855 0.069079 0.101974
10 0.495066 0.935855 0.074013 0.106908
4 0.605263 0.935855 0.082237 0.105263
5 0.715461 0.935855 0.077303 0.098684
0 0.825658 0.935855 0.085526 0.098684
