0 0.054276 0.054276 0.075658 0.098684
0 0.164474 0.054276 0.085526 0.110197
12 0.274671 0.054276 0.075658 0.090461
4 0.384868 0.067434 0.075658 0.133224
0 0.495066 0.054276 0.085526 0.101974
11 0.715461 0.057566 0.077303 0.116776
0 0.825658 0.054276 0.075658 0.098684
7 0.935855 0.054276 0.074013 0.093750
0 0.054276 0.164474 0.085526 0.110197
7 0.164474 0.164474 0.074013 0.093750
0 0.274671 0.164474 0.085526 0.101974
0 0.384868 0.164474 0.085526 0.110197
10 0.495066 0.164474 0.075658 0.103618
8 0.605263 0.164474 0.072368 0.110197
8 0.715461 0.164474 0.085526 0.103618
4 0.825658 0.164474 0.060855 0.113487
11 0.935855 0.164474 0.083882 0.098684
7 0.054276 0.274671 0.077303 0.095395
10 0.164474 0.274671 0.075658 0.103618
7 0.274671 0.274671 0.069079 0.101974
4 0.384868 0.274671 0.065789 0.100329
8 0.495066 0.274671 0.085526 0.103618
5 0.605263 0.274671 0.082237 0.108553
13 0.715461 0.274671 0.083882 0.093750
0 0.825658 0.274671 0.085526 0.110197
5 0.935855 0.274671 0.082237 0.108553
4 0.054276 0.384868 0.072368 0.116776
10 0.384868 0.384868 0.075658 0.103618
0 0.495066 0.384868 0.085526 0.101974
10 0.935855 0.384868 0.067434 0.110197
5 0.054276 0.495066 0.077303 0.098684
9 0.164474 0.495066 0.069079 0.092105
1 0.274671 0.495066 0.085526 0.106908
12 0.384868 0.495066 0.074013 0.095395
0 0.495066 0.495066 0.075658 0.098684
7 0.605263 0.495066 0.069079 0.101974
11 0.715461 0.495066 0.083882 0.098684
0 0.825658 0.495066 0.075658 0.098684
4 0.054276 0.605263 0.072368 0.116776
5 0.164474 0.605263 0.082237 0.108553
0 0.274671 0.605263 0.085526 0.110197
1 0.384868 0.605263 0.085526 0.106908
4 0.495066 0.605263 0.072368 0.116776
0 0.605263 0.605263 0.085526 0.110197
1 0.935855 0.605263 0.088816 0.106908
0 0.164474 0.715461 0.075658 0.098684
7 0.274671 0.715461 0.069079 0.101974
11 0.384868 0.715461 0.074013 0.110197
9 0.495066 0.715461 0.069079 0.092105
13 0.715461 0.715461 0.083882 0.093750
9 0.825658 0.715461 0.069079 0.092105
7 0.935855 0.715461 0.085526 0.098684
10 0.054276 0.825658 0.070724 0.105263
8 0.164474 0.825658 0.077303 0.121711
10 0.274671 0.825658 0.075658 0.103618
8 0.384868 0.825658 0.077303 0.121711
11 0.495066 0.825658 0.078947 0.085526
13 0.605263 0.825658 0.083882 0.093750
4 0.715461 0.825658 0.072368 0.116776
12 0.054276 0.935855 0.074013 0.095395
5 0.164474 0.935855 0.077303 0.100329
12 0.384868 0.935855 0.083882 0.087171
5 0.495066 0.935855 0.072368 0.105263
0 0.605263 0.935855 0.074013 0.106908
4 0.825658 0.930921 0.075658 0.133224
8 0.935855 0.935855 0.077303 0.121711
