0 0.054276 0.054276 0.085526 0.098684
10 0.164474 0.054276 0.067434 0.090461
7 0.274671 0.054276 0.069079 0.090461
0 0.495066 0.057566 0.078947 0.115132
0 0.605263 0.057566 0.078947 0.115132
10 0.715461 0.054276 0.069079 0.093750
0 0.825658 0.057566 0.087171 0.116776
11 0.054276 0.164474 0.077303 0.110197
0 0.164474 0.164474 0.078947 0.090461
12 0.274671 0.164474 0.074013 0.097039
8 0.384868 0.164474 0.072368 0.095395
10 0.495066 0.164474 0.067434 0.090461
0 0.605263 0.164474 0.075658 0.097039
5 0.715461 0.164474 0.077303 0.103618
13 0.825658 0.164474 0.062500 0.083882
8 0.054276 0.274671 0.067434 0.121711
8 0.164474 0.274671 0.067434 0.121711
9 0.274671 0.274671 0.077303 0.103618
8 0.495066 0.274671 0.072368 0.095395
0 0.605263 0.274671 0.087171 0.116776
5 0.715461 0.274671 0.077303 0.103618
4 0.825658 0.274671 0.085526 0.095395
4 0.935855 0.274671 0.074013 0.113487
10 0.054276 0.384868 0.067434 0.093750
0 0.164474 0.384868 0.078947 0.115132
12 0.274671 0.384868 0.092105 0.098684
0 0.384868 0.384868 0.087171 0.116776
9 0.495066 0.384868 0.069079 0.083882
5 0.605263 0.384868 0.077303 0.103618
0 0.715461 0.384868 0.078947 0.090461
13 0.825658 0.384868 0.082237 0.095395
8 0.935855 0.384868 0.078947 0.120066
4 0.054276 0.495066 0.074013 0.113487
11 0.164474 0.495066 0.078947 0.095395
1 0.274671 0.495066 0.080592 0.097039
0 0.384868 0.495066 0.087171 0.116776
7 0.495066 0.495066 0.090461 0.085526
0 0.605263 0.495066 0.087171 0.116776
11 0.825658 0.495066 0.092105 0.103618
0 0.935855 0.495066 0.087171 0.116776
9 0.054276 0.605263 0.070724 0.082237
1 0.164474 0.605263 0.078947 0.103618
8 0.274671 0.605263 0.072368 0.095395
0 0.825658 0.605263 0.100329 0.087171
7 0.935855 0.605263 0.090461 0.085526
9 0.054276 0.715461 0.085526 0.077303
4 0.274671 0.715461 0.077303 0.115132
7 0.384868 0.715461 0.069079 0.090461
4 0.495066 0.715461 0.069079 0.116776
10 0.605263 0.715461 0.067434 0.090461
1 0.715461 0.715461 0.087171 0.105263
10 0.935855 0.715461 0.067434 0.090461
5 0.054276 0.825658 0.080592 0.095395
11 0.164474 0.825658 0.075658 0.080592
7 0.384868 0.825658 0.070724 0.090461
5 0.495066 0.825658 0.074013 0.101974
4 0.605263 0.825658 0.078947 0.093750
11 0.715461 0.825658 0.077303 0.110197
7 0.825658 0.825658 0.069079 0.090461
12 0.935855 0.825658 0.074013 0.097039
5 0.164474 0.935855 0.074013 0.105263
4 0.274671 0.935855 0.069079 0.116776
4 0.495066 0.935855 0.077303 0.115132
7 0.715461 0.935855 0.077303 0.098684
12 0.825658 0.935855 0.101974 0.085526
0 0.935855 0.935855 0.078947 0.115132
