5 0.054276 0.054276 0.077303 0.100329
4 0.164474 0.059211 0.067434 0.120066
0 0.274671 0.054276 0.088816 0.110197
4 0.384868 0.055921 0.074013 0.113487
12 0.495066 0.054276 0.077303 0.110197
4 0.605263 0.059211 0.067434 0.120066
7 0.715461 0.054276 0.070724 0.093750
13 0.825658 0.054276 0.075658 0.088816
0 0.935855 0.057566 0.087171 0.116776
7 0.054276 0.164474 0.090461 0.085526
0 0.274671 0.164474 0.087171 0.116776
0 0.384868 0.164474 0.077303 0.098684
9 0.495066 0.164474 0.080592 0.105263
12 0.825658 0.164474 0.074013 0.095395
12 0.935855 0.164474 0.078947 0.095395
1 0.054276 0.274671 0.077303 0.093750
11 0.164474 0.274671 0.087171 0.106908
9 0.274671 0.274671 0.078947 0.100329
1 0.384868 0.274671 0.080592 0.106908
1 0.605263 0.274671 0.077303 0.093750
10 0.715461 0.274671 0.070724 0.110197
10 0.825658 0.274671 0.064145 0.103618
4 0.935855 0.274671 0.074013 0.115132
0 0.054276 0.384868 0.078947 0.111842
11 0.274671 0.384868 0.087171 0.106908
11 0.384868 0.384868 0.075658 0.080592
0 0.605263 0.384868 0.078947 0.111842
4 0.715461 0.384868 0.074013 0.113487
0 0.825658 0.384868 0.077303 0.098684
1 0.054276 0.495066 0.080592 0.106908
7 0.164474 0.495066 0.069079 0.101974
11 0.274671 0.495066 0.092105 0.103618
0 0.605263 0.495066 0.087171 0.116776
7 0.715461 0.495066 0.090461 0.085526
5 0.825658 0.495066 0.077303 0.098684
0 0.935855 0.495066 0.078947 0.111842
0 0.054276 0.605263 0.078947 0.115132
10 0.164474 0.605263 0.074013 0.121711
4 0.274671 0.605263 0.067434 0.120066
13 0.384868 0.605263 0.082237 0.095395
10 0.495066 0.605263 0.070724 0.110197
0 0.605263 0.605263 0.088816 0.110197
8 0.715461 0.605263 0.077303 0.121711
5 0.825658 0.605263 0.083882 0.105263
7 0.935855 0.605263 0.082237 0.103618
7 0.054276 0.715461 0.090461 0.085526
5 0.164474 0.715461 0.077303 0.098684
10 0.274671 0.715461 0.070724 0.129934
0 0.715461 0.715461 0.078947 0.111842
7 0.825658 0.715461 0.070724 0.093750
0 0.054276 0.825658 0.085526 0.110197
4 0.164474 0.825658 0.074013 0.113487
8 0.274671 0.825658 0.077303 0.118421
8 0.384868 0.825658 0.074013 0.097039
11 0.495066 0.825658 0.074013 0.110197
5 0.825658 0.825658 0.074013 0.101974
12 0.935855 0.825658 0.077303 0.110197
4 0.054276 0.935855 0.074013 0.115132
0 0.164474 0.935855 0.078947 0.115132
10 0.274671 0.934211 0.070724 0.129934
8 0.384868 0.935855 0.077303 0.121711
8 0.495066 0.935855 0.077303 0.121711
10 0.605263 0.935855 0.077303 0.106908
5 0.715461 0.935855 0.077303 0.098684
0 0.825658 0.935855 0.078947 0.111842
9 0.935855 0.935855 0.085526 0.077303
