5 0.054276 0.054276 0.088816 0.110197
0 0.164474 0.054276 0.077303 0.092105
0 0.274671 0.054276 0.074013 0.098684
10 0.384868 0.054276 0.077303 0.106908
8 0.495066 0.059211 0.077303 0.118421
7 0.605263 0.054276 0.085526 0.098684
10 0.825658 0.054276 0.080592 0.098684
4 0.054276 0.164474 0.072368 0.123355
7 0.164474 0.164474 0.062500 0.093750
0 0.274671 0.164474 0.077303 0.092105
7 0.384868 0.164474 0.085526 0.098684
0 0.495066 0.164474 0.074013 0.098684
5 0.605263 0.164474 0.080592 0.097039
10 0.715461 0.164474 0.080592 0.098684
0 0.825658 0.164474 0.077303 0.106908
0 0.054276 0.274671 0.077303 0.098684
0 0.164474 0.274671 0.074013 0.098684
0 0.274671 0.274671 0.077303 0.092105
7 0.495066 0.274671 0.085526 0.098684
4 0.605263 0.274671 0.072368 0.123355
5 0.715461 0.274671 0.088816 0.110197
8 0.825658 0.274671 0.074013 0.123355
10 0.164474 0.384868 0.080592 0.098684
9 0.274671 0.384868 0.077303 0.100329
10 0.495066 0.384868 0.064145 0.103618
8 0.715461 0.384868 0.074013 0.123355
5 0.825658 0.384868 0.080592 0.097039
4 0.935855 0.384868 0.072368 0.123355
4 0.054276 0.495066 0.082237 0.105263
7 0.164474 0.495066 0.082237 0.103618
11 0.274671 0.495066 0.082237 0.100329
12 0.384868 0.495066 0.078947 0.095395
12 0.495066 0.495066 0.078947 0.095395
0 0.605263 0.495066 0.088816 0.110197
11 0.715461 0.495066 0.095395 0.080592
7 0.825658 0.495066 0.069079 0.097039
11 0.935855 0.495066 0.095395 0.080592
4 0.054276 0.605263 0.082237 0.105263
11 0.164474 0.605263 0.082237 0.100329
11 0.274671 0.605263 0.082237 0.100329
0 0.384868 0.605263 0.077303 0.106908
0 0.495066 0.605263 0.077303 0.098684
5 0.605263 0.605263 0.077303 0.098684
8 0.715461 0.605263 0.077303 0.118421
13 0.825658 0.605263 0.078947 0.106908
0 0.935855 0.605263 0.077303 0.098684
5 0.054276 0.715461 0.088816 0.110197
12 0.164474 0.715461 0.075658 0.095395
7 0.274671 0.715461 0.082237 0.103618
8 0.605263 0.715461 0.077303 0.118421
9 0.715461 0.715461 0.077303 0.100329
13 0.825658 0.715461 0.087171 0.108553
4 0.935855 0.715461 0.075658 0.118421
4 0.054276 0.825658 0.074013 0.134868
1 0.164474 0.825658 0.088816 0.115132
4 0.274671 0.825658 0.074013 0.134868
10 0.384868 0.825658 0.080592 0.098684
10 0.495066 0.825658 0.080592 0.098684
9 0.605263 0.825658 0.070724 0.090461
1 0.825658 0.825658 0.078947 0.090461
0 0.054276 0.935855 0.074013 0.098684
1 0.164474 0.935855 0.088816 0.115132
8 0.495066 0.935855 0.074013 0.097039
0 0.605263 0.935855 0.077303 0.092105
0 0.825658 0.935855 0.077303 0.106908
12 0.935855 0.935855 0.075658 0.095395
