0 0.054276 0.054276 0.077303 0.106908
5 0.164474 0.054276 0.080592 0.101974
9 0.274671 0.054276 0.085526 0.077303
1 0.384868 0.054276 0.083882 0.106908
0 0.605263 0.057566 0.087171 0.116776
10 0.715461 0.054276 0.070724 0.105263
9 0.825658 0.054276 0.069079 0.092105
7 0.935855 0.054276 0.070724 0.090461
5 0.164474 0.164474 0.074013 0.101974
10 0.274671 0.164474 0.075658 0.103618
0 0.384868 0.164474 0.077303 0.106908
0 0.495066 0.164474 0.075658 0.098684
0 0.605263 0.164474 0.087171 0.116776
11 0.715461 0.164474 0.075658 0.080592
4 0.054276 0.274671 0.075658 0.133224
8 0.164474 0.274671 0.075658 0.111842
0 0.274671 0.274671 0.078947 0.101974
0 0.384868 0.274671 0.087171 0.116776
0 0.495066 0.274671 0.078947 0.101974
11 0.715461 0.274671 0.083882 0.098684
1 0.825658 0.274671 0.078947 0.106908
4 0.935855 0.274671 0.088816 0.113487
8 0.054276 0.384868 0.072368 0.095395
7 0.164474 0.384868 0.069079 0.097039
12 0.274671 0.384868 0.078947 0.095395
12 0.384868 0.384868 0.092105 0.098684
12 0.495066 0.384868 0.092105 0.098684
1 0.605263 0.384868 0.078947 0.106908
0 0.715461 0.384868 0.087171 0.116776
7 0.825658 0.384868 0.085526 0.098684
9 0.935855 0.384868 0.070724 0.090461
7 0.054276 0.495066 0.077303 0.095395
7 0.164474 0.495066 0.077303 0.095395
4 0.274671 0.495066 0.075658 0.133224
10 0.384868 0.495066 0.074013 0.121711
0 0.495066 0.495066 0.075658 0.097039
0 0.605263 0.495066 0.087171 0.116776
5 0.715461 0.495066 0.074013 0.101974
4 0.825658 0.495066 0.072368 0.123355
4 0.935855 0.495066 0.088816 0.113487
8 0.054276 0.605263 0.078947 0.120066
4 0.164474 0.605263 0.075658 0.133224
0 0.274671 0.605263 0.087171 0.116776
11 0.384868 0.605263 0.077303 0.110197
0 0.605263 0.605263 0.077303 0.106908
13 0.935855 0.605263 0.074013 0.085526
4 0.054276 0.715461 0.072368 0.123355
11 0.164474 0.715461 0.078947 0.085526
7 0.274671 0.715461 0.070724 0.090461
5 0.384868 0.715461 0.082237 0.108553
10 0.495066 0.715461 0.070724 0.105263
0 0.605263 0.715461 0.077303 0.106908
8 0.825658 0.715461 0.075658 0.111842
13 0.935855 0.715461 0.087171 0.108553
8 0.054276 0.825658 0.078947 0.120066
10 0.384868 0.825658 0.070724 0.116776
5 0.495066 0.825658 0.082237 0.097039
1 0.605263 0.825658 0.078947 0.090461
10 0.715461 0.825658 0.075658 0.103618
0 0.825658 0.825658 0.075658 0.098684
7 0.054276 0.935855 0.090461 0.085526
5 0.164474 0.935855 0.080592 0.101974
12 0.495066 0.935855 0.092105 0.098684
11 0.605263 0.935855 0.080592 0.101974
4 0.715461 0.930921 0.075658 0.133224
8 0.825658 0.935855 0.085526 0.103618
