0 0.054276 0.054276 0.077303 0.098684
12 0.164474 0.054276 0.083882 0.093750
8 0.274671 0.054276 0.072368 0.110197
9 0.384868 0.054276 0.069079 0.092105
5 0.605263 0.054276 0.088816 0.110197
0 0.715461 0.054276 0.077303 0.106908
7 0.935855 0.054276 0.069079 0.097039
4 0.054276 0.164474 0.072368 0.116776
0 0.384868 0.164474 0.077303 0.106908
4 0.495066 0.164474 0.074013 0.134868
10 0.605263 0.164474 0.067434 0.110197
8 0.825658 0.164474 0.070724 0.092105
0 0.935855 0.164474 0.075658 0.098684
0 0.054276 0.274671 0.077303 0.106908
0 0.164474 0.274671 0.077303 0.106908
0 0.274671 0.274671 0.077303 0.106908
4 0.495066 0.274671 0.075658 0.118421
9 0.605263 0.274671 0.070724 0.090461
7 0.715461 0.274671 0.075658 0.105263
7 0.825658 0.274671 0.085526 0.098684
5 0.935855 0.274671 0.080592 0.101974
4 0.164474 0.384868 0.075658 0.133224
0 0.495066 0.384868 0.077303 0.106908
8 0.605263 0.384868 0.074013 0.123355
8 0.715461 0.384868 0.074013 0.123355
0 0.825658 0.384868 0.077303 0.106908
4 0.935855 0.384868 0.075658 0.133224
10 0.054276 0.495066 0.080592 0.098684
11 0.164474 0.495066 0.078947 0.085526
5 0.274671 0.495066 0.077303 0.098684
0 0.495066 0.495066 0.075658 0.098684
8 0.605263 0.495066 0.070724 0.092105
0 0.715461 0.495066 0.074013 0.106908
12 0.825658 0.495066 0.083882 0.093750
5 0.935855 0.495066 0.077303 0.100329
12 0.054276 0.605263 0.078947 0.095395
7 0.164474 0.605263 0.085526 0.098684
0 0.274671 0.605263 0.085526 0.110197
9 0.384868 0.605263 0.093750 0.101974
5 0.935855 0.605263 0.088816 0.110197
11 0.054276 0.715461 0.087171 0.097039
0 0.164474 0.715461 0.085526 0.110197
11 0.274671 0.715461 0.095395 0.080592
10 0.384868 0.715461 0.080592 0.098684
10 0.495066 0.715461 0.070724 0.105263
4 0.605263 0.715461 0.074013 0.134868
4 0.715461 0.715461 0.065789 0.100329
4 0.825658 0.715461 0.075658 0.118421
7 0.935855 0.715461 0.082237 0.103618
0 0.054276 0.825658 0.085526 0.110197
13 0.164474 0.825658 0.083882 0.093750
0 0.274671 0.825658 0.077303 0.106908
11 0.384868 0.825658 0.087171 0.097039
1 0.495066 0.825658 0.085526 0.106908
11 0.605263 0.825658 0.074013 0.110197
10 0.825658 0.825658 0.070724 0.105263
7 0.935855 0.825658 0.085526 0.098684
9 0.054276 0.935855 0.070724 0.090461
12 0.164474 0.935855 0.078947 0.095395
5 0.274671 0.935855 0.077303 0.100329
1 0.384868 0.935855 0.088816 0.115132
7 0.495066 0.935855 0.085526 0.098684
13 0.605263 0.935855 0.083882 0.093750
8 0.715461 0.935855 0.077303 0.121711
1 0.825658 0.935855 0.085526 0.106908
10 0.935855 0.935855 0.080592 0.098684
