0 0.054276 0.054276 0.077303 0.100329
4 0.164474 0.067434 0.075658 0.133224
11 0.384868 0.054276 0.087171 0.097039
5 0.495066 0.054276 0.077303 0.098684
10 0.605263 0.054276 0.067434 0.110197
12 0.825658 0.054276 0.083882 0.093750
10 0.935855 0.054276 0.077303 0.106908
7 0.054276 0.164474 0.085526 0.098684
0 0.164474 0.164474 0.077303 0.106908
0 0.384868 0.164474 0.075658 0.097039
0 0.495066 0.164474 0.075658 0.097039
8 0.605263 0.164474 0.072368 0.110197
8 0.715461 0.164474 0.072368 0.095395
10 0.825658 0.164474 0.067434 0.106908
5 0.935855 0.164474 0.074013 0.100329
5 0.054276 0.274671 0.074013 0.100329
7 0.164474 0.274671 0.078947 0.103618
0 0.274671 0.274671 0.075658 0.098684
5 0.384868 0.274671 0.077303 0.098684
7 0.495066 0.274671 0.070724 0.090461
0 0.605263 0.274671 0.074013 0.106908
7 0.715461 0.274671 0.070724 0.090461
4 0.825658 0.274671 0.069079 0.116776
10 0.935855 0.274671 0.067434 0.106908
5 0.054276 0.384868 0.080592 0.101974
4 0.164474 0.384868 0.075658 0.133224
12 0.495066 0.384868 0.083882 0.093750
11 0.605263 0.384868 0.077303 0.110197
13 0.825658 0.384868 0.078947 0.106908
11 0.935855 0.384868 0.077303 0.110197
1 0.054276 0.495066 0.083882 0.097039
12 0.164474 0.495066 0.075658 0.095395
0 0.274671 0.495066 0.075658 0.097039
10 0.384868 0.495066 0.070724 0.105263
7 0.495066 0.495066 0.085526 0.098684
9 0.715461 0.495066 0.070724 0.090461
0 0.825658 0.495066 0.077303 0.100329
8 0.054276 0.605263 0.070724 0.092105
0 0.164474 0.605263 0.075658 0.097039
5 0.274671 0.605263 0.074013 0.100329
13 0.384868 0.605263 0.077303 0.095395
4 0.605263 0.605263 0.069079 0.116776
8 0.715461 0.605263 0.072368 0.110197
9 0.825658 0.605263 0.072368 0.087171
9 0.935855 0.605263 0.069079 0.092105
4 0.054276 0.715461 0.072368 0.123355
4 0.164474 0.715461 0.069079 0.116776
7 0.274671 0.715461 0.070724 0.090461
0 0.605263 0.715461 0.077303 0.106908
0 0.715461 0.715461 0.075658 0.098684
1 0.825658 0.715461 0.078947 0.106908
1 0.935855 0.715461 0.088816 0.106908
1 0.054276 0.825658 0.077303 0.093750
8 0.164474 0.825658 0.075658 0.111842
7 0.274671 0.825658 0.075658 0.105263
11 0.384868 0.825658 0.087171 0.097039
0 0.605263 0.825658 0.075658 0.098684
8 0.825658 0.825658 0.072368 0.095395
0 0.054276 0.935855 0.075658 0.098684
12 0.164474 0.935855 0.075658 0.090461
4 0.274671 0.935855 0.072368 0.123355
0 0.384868 0.935855 0.075658 0.098684
10 0.495066 0.935855 0.067434 0.106908
4 0.605263 0.935855 0.069079 0.116776
11 0.715461 0.935855 0.080592 0.101974
0 0.935855 0.935855 0.088816 0.110197
