9 0.054276 0.054276 0.070724 0.082237
0 0.164474 0.054276 0.085526 0.110197
4 0.274671 0.067434 0.075658 0.133224
1 0.384868 0.054276 0.085526 0.106908
12 0.605263 0.054276 0.083882 0.093750
4 0.825658 0.054276 0.082237 0.105263
11 0.935855 0.054276 0.070724 0.075658
12 0.164474 0.164474 0.077303 0.100329
1 0.384868 0.164474 0.078947 0.106908
1 0.495066 0.164474 0.085526 0.106908
7 0.715461 0.164474 0.083882 0.072368
10 0.825658 0.164474 0.074013 0.106908
13 0.164474 0.274671 0.078947 0.090461
12 0.274671 0.274671 0.082237 0.110197
0 0.495066 0.274671 0.085526 0.101974
10 0.605263 0.274671 0.067434 0.090461
0 0.715461 0.274671 0.085526 0.101974
5 0.825658 0.274671 0.072368 0.105263
12 0.935855 0.274671 0.077303 0.100329
8 0.054276 0.384868 0.072368 0.100329
0 0.164474 0.384868 0.100329 0.087171
1 0.274671 0.384868 0.083882 0.097039
0 0.384868 0.384868 0.077303 0.100329
8 0.495066 0.384868 0.101974 0.093750
8 0.605263 0.384868 0.101974 0.106908
7 0.715461 0.384868 0.069079 0.101974
7 0.825658 0.384868 0.069079 0.101974
8 0.935855 0.384868 0.101974 0.093750
10 0.054276 0.495066 0.070724 0.110197
4 0.164474 0.495066 0.085526 0.095395
4 0.274671 0.495066 0.060855 0.113487
11 0.384868 0.495066 0.078947 0.085526
0 0.495066 0.495066 0.085526 0.101974
9 0.605263 0.495066 0.077303 0.100329
0 0.825658 0.495066 0.075658 0.098684
0 0.935855 0.495066 0.075658 0.098684
10 0.164474 0.605263 0.074013 0.106908
0 0.384868 0.605263 0.077303 0.100329
0 0.495066 0.605263 0.100329 0.087171
4 0.605263 0.605263 0.078947 0.106908
10 0.715461 0.605263 0.070724 0.110197
7 0.825658 0.605263 0.074013 0.093750
5 0.935855 0.605263 0.080592 0.101974
5 0.164474 0.715461 0.077303 0.100329
7 0.384868 0.715461 0.083882 0.072368
0 0.495066 0.715461 0.085526 0.101974
0 0.715461 0.715461 0.075658 0.098684
10 0.825658 0.715461 0.074013 0.106908
0 0.935855 0.715461 0.077303 0.100329
0 0.054276 0.825658 0.100329 0.087171
11 0.164474 0.825658 0.077303 0.116776
11 0.274671 0.825658 0.070724 0.075658
4 0.495066 0.825658 0.072368 0.116776
9 0.605263 0.825658 0.062500 0.088816
0 0.715461 0.825658 0.085526 0.110197
4 0.825658 0.825658 0.078947 0.106908
5 0.935855 0.825658 0.082237 0.108553
8 0.054276 0.935855 0.070724 0.092105
13 0.164474 0.935855 0.074013 0.085526
4 0.274671 0.930921 0.075658 0.133224
8 0.384868 0.935855 0.072368 0.100329
5 0.495066 0.935855 0.072368 0.105263
11 0.605263 0.935855 0.080592 0.098684
5 0.715461 0.935855 0.080592 0.095395
10 0.825658 0.935855 0.070724 0.110197
7 0.935855 0.935855 0.074013 0.093750
