1 0.054276 0.054276 0.080592 0.097039
5 0.164474 0.054276 0.075658 0.097039
12 0.384868 0.054276 0.083882 0.098684
5 0.715461 0.054276 0.074013 0.105263
4 0.935855 0.055921 0.074013 0.113487
7 0.054276 0.164474 0.067434 0.087171
7 0.164474 0.164474 0.075658 0.105263
4 0.384868 0.164474 0.065789 0.100329
4 0.495066 0.164474 0.065789 0.100329
8 0.605263 0.164474 0.072368 0.110197
0 0.715461 0.164474 0.075658 0.097039
12 0.825658 0.164474 0.083882 0.098684
0 0.935855 0.164474 0.078947 0.115132
5 0.054276 0.274671 0.074013 0.105263
10 0.164474 0.274671 0.067434 0.110197
0 0.274671 0.274671 0.078947 0.115132
8 0.384868 0.274671 0.077303 0.121711
0 0.495066 0.274671 0.075658 0.097039
1 0.605263 0.274671 0.080592 0.097039
1 0.825658 0.274671 0.085526 0.106908
0 0.935855 0.274671 0.075658 0.097039
0 0.054276 0.384868 0.085526 0.098684
7 0.164474 0.384868 0.077303 0.098684
10 0.384868 0.384868 0.067434 0.093750
4 0.495066 0.384868 0.065789 0.100329
7 0.605263 0.384868 0.069079 0.101974
11 0.715461 0.384868 0.077303 0.110197
4 0.825658 0.384868 0.069079 0.116776
0 0.935855 0.384868 0.074013 0.106908
9 0.164474 0.495066 0.069079 0.083882
0 0.274671 0.495066 0.078947 0.090461
5 0.384868 0.495066 0.077303 0.098684
7 0.495066 0.495066 0.077303 0.098684
13 0.605263 0.495066 0.062500 0.083882
10 0.715461 0.495066 0.070724 0.129934
7 0.825658 0.495066 0.075658 0.105263
11 0.935855 0.495066 0.092105 0.103618
8 0.054276 0.605263 0.074013 0.123355
12 0.164474 0.605263 0.080592 0.115132
10 0.274671 0.605263 0.070724 0.116776
5 0.384868 0.605263 0.075658 0.097039
9 0.495066 0.605263 0.074013 0.097039
9 0.605263 0.605263 0.074013 0.097039
4 0.715461 0.605263 0.065789 0.100329
10 0.825658 0.605263 0.070724 0.110197
10 0.274671 0.715461 0.070724 0.116776
8 0.384868 0.715461 0.072368 0.095395
11 0.495066 0.715461 0.077303 0.110197
8 0.605263 0.715461 0.077303 0.121711
0 0.715461 0.715461 0.075658 0.097039
12 0.825658 0.715461 0.080592 0.115132
0 0.935855 0.715461 0.075658 0.097039
0 0.054276 0.825658 0.085526 0.098684
0 0.164474 0.825658 0.074013 0.106908
4 0.274671 0.825658 0.065789 0.100329
5 0.384868 0.825658 0.077303 0.098684
11 0.495066 0.825658 0.082237 0.098684
9 0.605263 0.825658 0.074013 0.097039
11 0.715461 0.825658 0.078947 0.095395
7 0.825658 0.825658 0.069079 0.090461
0 0.054276 0.935855 0.078947 0.115132
0 0.164474 0.935855 0.085526 0.098684
0 0.495066 0.935855 0.075658 0.097039
4 0.715461 0.935855 0.065789 0.100329
13 0.825658 0.935855 0.088816 0.098684
8 0.935855 0.935855 0.077303 0.121711
