1 0.054276 0.054276 0.083882 0.106908
4 0.164474 0.054276 0.062500 0.101974
0 0.274671 0.057566 0.087171 0.116776
7 0.495066 0.054276 0.077303 0.095395
0 0.605263 0.057566 0.087171 0.116776
8 0.715461 0.054276 0.085526 0.103618
1 0.825658 0.054276 0.087171 0.105263
0 0.935855 0.057566 0.087171 0.116776
4 0.054276 0.164474 0.060855 0.113487
8 0.274671 0.164474 0.072368 0.110197
11 0.384868 0.164474 0.075658 0.080592
4 0.495066 0.164474 0.065789 0.100329
4 0.605263 0.164474 0.060855 0.113487
0 0.715461 0.164474 0.087171 0.116776
8 0.825658 0.164474 0.078947 0.120066
5 0.935855 0.164474 0.077303 0.098684
5 0.274671 0.274671 0.077303 0.098684
0 0.384868 0.274671 0.088816 0.106908
13 0.495066 0.274671 0.080592 0.100329
0 0.605263 0.274671 0.078947 0.101974
4 0.715461 0.274671 0.088816 0.113487
13 0.825658 0.274671 0.077303 0.095395
5 0.054276 0.384868 0.072368 0.105263
10 0.164474 0.384868 0.074013 0.121711
9 0.274671 0.384868 0.093750 0.087171
0 0.384868 0.384868 0.085526 0.101974
8 0.495066 0.384868 0.072368 0.110197
10 0.605263 0.384868 0.074013 0.121711
12 0.825658 0.384868 0.082237 0.110197
8 0.054276 0.495066 0.101974 0.093750
4 0.164474 0.495066 0.060855 0.113487
10 0.495066 0.495066 0.074013 0.121711
0 0.605263 0.495066 0.074013 0.106908
10 0.715461 0.495066 0.074013 0.121711
0 0.825658 0.495066 0.087171 0.116776
11 0.935855 0.495066 0.082237 0.100329
7 0.054276 0.605263 0.090461 0.085526
7 0.164474 0.605263 0.077303 0.095395
7 0.274671 0.605263 0.075658 0.101974
12 0.384868 0.605263 0.092105 0.098684
7 0.495066 0.605263 0.077303 0.095395
4 0.715461 0.605263 0.062500 0.101974
9 0.825658 0.605263 0.070724 0.092105
0 0.935855 0.605263 0.078947 0.101974
7 0.054276 0.715461 0.077303 0.095395
9 0.164474 0.715461 0.070724 0.092105
8 0.274671 0.715461 0.072368 0.110197
5 0.384868 0.715461 0.082237 0.108553
0 0.495066 0.715461 0.085526 0.101974
5 0.605263 0.715461 0.082237 0.108553
0 0.715461 0.715461 0.087171 0.116776
0 0.825658 0.715461 0.087171 0.116776
5 0.054276 0.825658 0.074013 0.101974
0 0.164474 0.825658 0.085526 0.101974
10 0.384868 0.825658 0.067434 0.110197
4 0.495066 0.825658 0.060855 0.113487
12 0.605263 0.825658 0.088816 0.090461
12 0.715461 0.825658 0.083882 0.087171
10 0.825658 0.825658 0.069079 0.111842
11 0.164474 0.935855 0.075658 0.080592
11 0.274671 0.935855 0.082237 0.100329
11 0.495066 0.935855 0.075658 0.080592
0 0.605263 0.935855 0.087171 0.116776
7 0.715461 0.935855 0.090461 0.085526
1 0.825658 0.935855 0.087171 0.105263
10 0.935855 0.935855 0.075658 0.103618
