0 0.054276 0.057566 0.078947 0.115132
9 0.274671 0.054276 0.078947 0.100329
4 0.384868 0.057566 0.074013 0.115132
7 0.495066 0.054276 0.070724 0.090461
12 0.605263 0.054276 0.077303 0.110197
0 0.715461 0.054276 0.075658 0.097039
0 0.825658 0.054276 0.075658 0.097039
7 0.935855 0.054276 0.070724 0.090461
10 0.164474 0.164474 0.077303 0.106908
4 0.274671 0.164474 0.074013 0.115132
5 0.384868 0.164474 0.083882 0.105263
10 0.495066 0.164474 0.077303 0.106908
0 0.605263 0.164474 0.085526 0.101974
1 0.715461 0.164474 0.080592 0.097039
11 0.825658 0.164474 0.080592 0.090461
5 0.935855 0.164474 0.083882 0.105263
0 0.164474 0.274671 0.085526 0.101974
0 0.274671 0.274671 0.077303 0.098684
7 0.605263 0.274671 0.078947 0.103618
7 0.715461 0.274671 0.069079 0.090461
0 0.935855 0.274671 0.077303 0.098684
7 0.054276 0.384868 0.070724 0.090461
4 0.164474 0.384868 0.067434 0.120066
4 0.274671 0.384868 0.074013 0.113487
11 0.384868 0.384868 0.087171 0.106908
12 0.495066 0.384868 0.077303 0.110197
5 0.605263 0.384868 0.077303 0.100329
13 0.715461 0.384868 0.078947 0.106908
1 0.825658 0.384868 0.078947 0.097039
4 0.164474 0.495066 0.067434 0.120066
0 0.384868 0.495066 0.077303 0.098684
10 0.495066 0.495066 0.065789 0.126645
11 0.605263 0.495066 0.080592 0.090461
8 0.715461 0.495066 0.101974 0.093750
9 0.825658 0.495066 0.082237 0.088816
0 0.935855 0.495066 0.078947 0.115132
4 0.054276 0.605263 0.074013 0.115132
4 0.274671 0.605263 0.074013 0.113487
13 0.384868 0.605263 0.075658 0.088816
4 0.495066 0.605263 0.074013 0.113487
7 0.605263 0.605263 0.074013 0.093750
7 0.715461 0.605263 0.074013 0.093750
0 0.825658 0.605263 0.078947 0.115132
10 0.935855 0.605263 0.065789 0.126645
8 0.054276 0.715461 0.077303 0.118421
1 0.164474 0.715461 0.074013 0.103618
10 0.384868 0.715461 0.064145 0.103618
5 0.495066 0.715461 0.077303 0.100329
0 0.605263 0.715461 0.075658 0.097039
8 0.715461 0.715461 0.082237 0.126645
0 0.825658 0.715461 0.075658 0.097039
8 0.935855 0.715461 0.082237 0.126645
8 0.054276 0.825658 0.083882 0.126645
9 0.164474 0.825658 0.082237 0.088816
12 0.274671 0.825658 0.078947 0.095395
12 0.495066 0.825658 0.082237 0.110197
8 0.605263 0.825658 0.074013 0.097039
11 0.715461 0.825658 0.087171 0.106908
11 0.825658 0.825658 0.080592 0.090461
0 0.935855 0.825658 0.088816 0.110197
5 0.054276 0.935855 0.080592 0.097039
0 0.164474 0.935855 0.078947 0.111842
10 0.274671 0.934211 0.070724 0.129934
0 0.384868 0.935855 0.085526 0.101974
1 0.495066 0.935855 0.078947 0.097039
5 0.825658 0.935855 0.083882 0.105263
