5 0.054276 0.054276 0.080592 0.101974
0 0.164474 0.054276 0.078947 0.090461
12 0.274671 0.054276 0.083882 0.093750
11 0.384868 0.054276 0.078947 0.085526
4 0.605263 0.059211 0.075658 0.118421
13 0.715461 0.054276 0.062500 0.083882
5 0.825658 0.054276 0.075658 0.097039
10 0.935855 0.060855 0.074013 0.121711
7 0.054276 0.164474 0.074013 0.101974
5 0.164474 0.164474 0.074013 0.101974
0 0.384868 0.164474 0.078947 0.090461
4 0.495066 0.164474 0.075658 0.113487
0 0.715461 0.164474 0.078947 0.090461
0 0.935855 0.164474 0.075658 0.098684
5 0.054276 0.274671 0.078947 0.097039
12 0.274671 0.274671 0.095395 0.082237
10 0.384868 0.274671 0.069079 0.093750
0 0.495066 0.274671 0.074013 0.098684
4 0.605263 0.274671 0.088816 0.113487
0 0.715461 0.274671 0.082237 0.113487
12 0.825658 0.274671 0.092105 0.098684
12 0.935855 0.274671 0.095395 0.082237
5 0.054276 0.384868 0.088816 0.110197
13 0.164474 0.384868 0.062500 0.083882
10 0.384868 0.384868 0.074013 0.121711
13 0.495066 0.384868 0.080592 0.100329
10 0.605263 0.384868 0.074013 0.121711
4 0.715461 0.384868 0.088816 0.113487
0 0.825658 0.384868 0.074013 0.098684
10 0.935855 0.384868 0.069079 0.093750
0 0.054276 0.495066 0.075658 0.098684
7 0.164474 0.495066 0.067434 0.087171
7 0.274671 0.495066 0.085526 0.098684
9 0.384868 0.495066 0.077303 0.103618
4 0.495066 0.495066 0.075658 0.118421
8 0.605263 0.495066 0.078947 0.120066
11 0.715461 0.495066 0.075658 0.080592
1 0.825658 0.495066 0.078947 0.103618
0 0.935855 0.495066 0.075658 0.098684
1 0.384868 0.605263 0.078947 0.103618
0 0.495066 0.605263 0.085526 0.098684
9 0.605263 0.605263 0.093750 0.101974
7 0.715461 0.605263 0.085526 0.098684
0 0.825658 0.605263 0.087171 0.116776
0 0.935855 0.605263 0.075658 0.098684
7 0.274671 0.715461 0.085526 0.098684
0 0.384868 0.715461 0.074013 0.098684
8 0.495066 0.715461 0.070724 0.092105
5 0.715461 0.715461 0.080592 0.101974
4 0.825658 0.715461 0.075658 0.133224
11 0.935855 0.715461 0.082237 0.098684
11 0.054276 0.825658 0.075658 0.101974
10 0.164474 0.825658 0.070724 0.105263
7 0.274671 0.825658 0.077303 0.098684
8 0.384868 0.825658 0.074013 0.123355
4 0.495066 0.825658 0.078947 0.093750
9 0.715461 0.825658 0.070724 0.090461
7 0.825658 0.825658 0.090461 0.085526
10 0.935855 0.825658 0.074013 0.121711
11 0.164474 0.935855 0.075658 0.080592
4 0.274671 0.930921 0.075658 0.133224
8 0.384868 0.935855 0.074013 0.123355
8 0.605263 0.935855 0.074013 0.123355
0 0.715461 0.935855 0.078947 0.090461
8 0.825658 0.935855 0.067434 0.121711
0 0.935855 0.935855 0.087171 0.116776
