22 0.780428 0.175987 0.090461 0.059211
18 0.310855 0.138980 0.105263 0.087171
22 0.477796 0.398026 0.087171 0.082237
26 0.335526 0.238487 0.098684 0.088816
23 0.328125 0.321546 0.106908 0.070724
16 0.075658 0.465461 0.082237 0.088816
18 0.139803 0.550987 0.085526 0.088816
21 0.358553 0.629112 0.092105 0.080592
17 0.439967 0.633224 0.087171 0.105263
25 0.438322 0.470395 0.083882 0.101974
20 0.415296 0.754112 0.100329 0.077303
24 0.635691 0.740132 0.083882 0.088816
25 0.699836 0.771382 0.083882 0.095395
17 0.731086 0.833882 0.106908 0.069079
16 0.856086 0.412829 0.080592 0.098684
