16 0.456414 0.145559 0.074013 0.093750
26 0.712171 0.174342 0.085526 0.088816
18 0.786184 0.222039 0.095395 0.088816
21 0.885691 0.371711 0.067434 0.101974
24 0.823191 0.570724 0.070724 0.105263
21 0.660362 0.570724 0.097039 0.098684
17 0.668586 0.375000 0.090461 0.082237
20 0.564145 0.731908 0.072368 0.105263
20 0.693257 0.872533 0.064145 0.090461
22 0.618421 0.921875 0.069079 0.087171
25 0.452303 0.895559 0.101974 0.087171
26 0.363487 0.907895 0.082237 0.105263
23 0.159539 0.838816 0.098684 0.078947
26 0.268914 0.773026 0.074013 0.088816
24 0.231908 0.263980 0.092105 0.103618
