26 0.191612 0.122533 0.097039 0.087171
17 0.551809 0.092105 0.103618 0.078947
25 0.540296 0.361020 0.087171 0.093750
21 0.593750 0.439145 0.075658 0.101974
18 0.869243 0.519737 0.090461 0.078947
21 0.676809 0.661184 0.080592 0.118421
22 0.450658 0.601151 0.088816 0.083882
25 0.176809 0.654605 0.106908 0.085526
16 0.196546 0.580592 0.080592 0.098684
26 0.255757 0.824013 0.090461 0.085526
24 0.398849 0.865132 0.087171 0.108553
24 0.476974 0.857730 0.078947 0.097039
20 0.542763 0.910362 0.078947 0.087171
23 0.397204 0.655428 0.110197 0.060855
16 0.296875 0.346217 0.077303 0.103618
