22 0.194901 0.197368 0.083882 0.072368
20 0.517270 0.136513 0.090461 0.065789
26 0.593750 0.196546 0.065789 0.090461
20 0.693257 0.348684 0.077303 0.078947
25 0.875000 0.450658 0.088816 0.085526
22 0.916941 0.522204 0.087171 0.083882
23 0.686678 0.657895 0.103618 0.072368
18 0.646382 0.782895 0.085526 0.092105
24 0.349507 0.828947 0.080592 0.105263
17 0.285362 0.809211 0.093750 0.092105
18 0.356908 0.574836 0.098684 0.100329
17 0.316612 0.499178 0.077303 0.116776
16 0.419408 0.375000 0.111842 0.082237
23 0.551809 0.540296 0.126645 0.077303
21 0.059211 0.481086 0.098684 0.106908
