16 0.109375 0.235197 0.083882 0.101974
25 0.116776 0.336349 0.088816 0.090461
25 0.165296 0.439967 0.093750 0.090461
23 0.278783 0.409539 0.083882 0.125000
18 0.304276 0.579770 0.082237 0.097039
16 0.233553 0.741776 0.105263 0.085526
23 0.351151 0.814145 0.103618 0.078947
22 0.146382 0.811678 0.082237 0.087171
17 0.513158 0.763980 0.105263 0.087171
20 0.413651 0.876645 0.080592 0.082237
24 0.756579 0.877467 0.088816 0.087171
21 0.696546 0.611842 0.087171 0.121711
22 0.836349 0.320724 0.090461 0.082237
26 0.601151 0.446546 0.077303 0.083882
17 0.482730 0.491776 0.093750 0.131579
