24 0.105263 0.388158 0.072368 0.085526
21 0.310855 0.217928 0.085526 0.116776
25 0.325658 0.116776 0.085526 0.095395
26 0.565789 0.217105 0.088816 0.101974
26 0.717105 0.159539 0.082237 0.098684
22 0.295230 0.665296 0.090461 0.090461
23 0.379934 0.544408 0.115132 0.078947
24 0.613487 0.484375 0.101974 0.083882
16 0.518092 0.607730 0.105263 0.080592
20 0.509046 0.272204 0.083882 0.097039
18 0.175164 0.384868 0.067434 0.105263
20 0.458882 0.861842 0.092105 0.095395
17 0.865954 0.773026 0.100329 0.075658
18 0.956414 0.535362 0.077303 0.097039
21 0.875822 0.484375 0.087171 0.123355
