17 0.594572 0.159539 0.126645 0.078947
24 0.936678 0.381579 0.070724 0.082237
20 0.841283 0.481086 0.083882 0.083882
17 0.884868 0.677632 0.078947 0.088816
25 0.744243 0.750000 0.070724 0.095395
23 0.671875 0.885691 0.090461 0.060855
22 0.509868 0.634046 0.105263 0.090461
26 0.425164 0.771382 0.100329 0.085526
21 0.325658 0.895559 0.111842 0.097039
21 0.149671 0.846217 0.101974 0.113487
26 0.066612 0.555921 0.087171 0.098684
24 0.295230 0.379934 0.100329 0.101974
18 0.475329 0.297697 0.075658 0.101974
25 0.570724 0.370066 0.085526 0.088816
16 0.680099 0.351974 0.087171 0.101974
