18 0.690789 0.279605 0.101974 0.082237
24 0.925987 0.325658 0.085526 0.085526
16 0.685855 0.584704 0.085526 0.090461
23 0.853618 0.652961 0.088816 0.098684
25 0.608553 0.618421 0.085526 0.101974
25 0.502467 0.462171 0.080592 0.111842
22 0.419408 0.556743 0.075658 0.090461
21 0.534539 0.631579 0.069079 0.095395
22 0.357730 0.851974 0.087171 0.075658
20 0.408717 0.894737 0.090461 0.095395
20 0.482730 0.859375 0.093750 0.083882
17 0.195724 0.829770 0.082237 0.090461
17 0.148849 0.794408 0.087171 0.088816
26 0.252467 0.771382 0.097039 0.078947
24 0.563322 0.172697 0.093750 0.088816
