26 0.452303 0.097039 0.078947 0.088816
18 0.180921 0.184211 0.085526 0.098684
22 0.223684 0.453947 0.085526 0.095395
16 0.321546 0.583882 0.077303 0.098684
21 0.464638 0.549342 0.113487 0.069079
23 0.668586 0.546875 0.090461 0.090461
26 0.792763 0.545230 0.092105 0.087171
20 0.915296 0.298520 0.090461 0.074013
21 0.828947 0.458882 0.108553 0.095395
17 0.551809 0.692434 0.093750 0.101974
16 0.428454 0.657895 0.077303 0.105263
24 0.417763 0.457237 0.092105 0.108553
18 0.251645 0.671053 0.092105 0.095395
23 0.216283 0.861020 0.090461 0.093750
25 0.274671 0.518914 0.092105 0.083882
