24 0.373355 0.152961 0.101974 0.088816
16 0.683388 0.162007 0.080592 0.100329
18 0.705592 0.428454 0.082237 0.103618
16 0.850329 0.649671 0.095395 0.105263
21 0.736020 0.798520 0.077303 0.116776
18 0.529605 0.874178 0.098684 0.087171
23 0.120888 0.738487 0.106908 0.072368
20 0.351151 0.709704 0.074013 0.100329
20 0.303454 0.852796 0.070724 0.083882
25 0.336349 0.527138 0.083882 0.097039
26 0.253289 0.399671 0.082237 0.072368
21 0.169408 0.210526 0.075658 0.105263
22 0.111020 0.462993 0.080592 0.097039
17 0.541118 0.626645 0.075658 0.101974
23 0.481086 0.383224 0.070724 0.111842
