7.0 0.05 0.05098 0.07401 0.10197
0.0 0.15000 0.05592 0.08223 0.11348
7.0 0.35 0.05098 0.07401 0.10197
0.0 0.55 0.05592 0.08223 0.11348
12.0 0.65 0.05 0.07894 0.09210
8.0 0.25 0.15000 0.07401 0.12335
8.0 0.35 0.15000 0.07401 0.12335
11.0 0.75 0.15000 0.07565 0.10197
7.0 0.85000 0.15000 0.07401 0.10197
8.0 0.95000 0.15000 0.07401 0.12335
0.0 0.55 0.25 0.08223 0.11348
13.0 0.75 0.25 0.08388 0.09868
0.0 0.15000 0.35 0.08223 0.11348
0.0 0.25 0.35 0.08223 0.11348
0.0 0.35 0.35 0.08223 0.11348
0.0 0.15000 0.45 0.08223 0.11348
9.0 0.95000 0.55 0.06578 0.09539
11.0 0.75 0.65 0.07565 0.10197
4.0 0.25 0.75 0.07565 0.11348
12.0 0.65 0.75 0.07894 0.09210
12.0 0.85000 0.75 0.07894 0.09210
13.0 0.95000 0.75 0.08388 0.09868
12.0 0.25 0.85000 0.07894 0.09210
9.0 0.35 0.85000 0.06578 0.09539
10.0 0.45 0.85000 0.06743 0.10690
4.0 0.55 0.85000 0.07565 0.11348
1.0 0.85000 0.85000 0.07730 0.10361
0.0 0.05 0.94243 0.08223 0.11348
9.0 0.15000 0.95000 0.06578 0.09539
1.0 0.45 0.94736 0.07730 0.10361
7.0 0.65 0.94736 0.07401 0.10197
11.0 0.75 0.94736 0.07565 0.10197
5.0 0.85000 0.95000 0.07894 0.09703
