7.0 0.05 0.05 0.08388 0.07236
0.0 0.15000 0.05098 0.08552 0.10197
7.0 0.35 0.05 0.08388 0.07236
0.0 0.55 0.05098 0.08552 0.10197
12.0 0.65 0.05 0.10197 0.08552
8.0 0.25 0.15000 0.10197 0.10690
8.0 0.35 0.15000 0.10197 0.10690
11.0 0.75 0.15000 0.07730 0.11677
7.0 0.85000 0.15000 0.07401 0.09375
8.0 0.94736 0.15000 0.10197 0.10690
0.0 0.25 0.25 0.08552 0.10197
13.0 0.75 0.25 0.08388 0.09868
0.0 0.05 0.35 0.08552 0.09868
0.0 0.35 0.35 0.08223 0.11348
0.0 0.55 0.35 0.08552 0.10197
0.0 0.65 0.35 0.08552 0.10197
9.0 0.95000 0.55 0.07072 0.08223
11.0 0.75 0.65 0.07565 0.10197
4.0 0.25 0.75 0.07894 0.09375
12.0 0.65 0.75 0.08223 0.11019
12.0 0.85000 0.75 0.10197 0.08552
13.0 0.95000 0.75 0.07565 0.09539
12.0 0.25 0.85000 0.08388 0.09868
9.0 0.35 0.85000 0.07072 0.08223
10.0 0.45 0.85000 0.07401 0.12171
4.0 0.55 0.85000 0.06085 0.11348
1.0 0.85000 0.85000 0.09046 0.09703
9.0 0.15000 0.95000 0.07072 0.08223
1.0 0.45 0.95000 0.08059 0.09703
7.0 0.65 0.94736 0.07401 0.10197
11.0 0.75 0.94736 0.07565 0.10197
5.0 0.85000 0.94572 0.07236 0.10526
