7.0 0.05 0.05 0.06743 0.08717
0.0 0.15000 0.05098 0.08552 0.10197
7.0 0.35 0.05 0.06743 0.08717
0.0 0.55 0.05 0.08552 0.09868
12.0 0.65 0.05 0.08388 0.09868
8.0 0.25 0.15000 0.10197 0.09375
8.0 0.35 0.15000 0.10197 0.09375
11.0 0.75 0.15000 0.08223 0.09868
7.0 0.85000 0.15000 0.06743 0.08717
8.0 0.94736 0.15000 0.10197 0.09375
0.0 0.25 0.25 0.08552 0.09868
13.0 0.75 0.25 0.07565 0.09539
0.0 0.05 0.35 0.08552 0.09868
0.0 0.15000 0.35 0.08552 0.10197
0.0 0.25 0.35 0.08552 0.10197
0.0 0.55 0.35 0.08552 0.10197
0.0 0.65 0.35 0.08552 0.10197
0.0 0.75 0.35 0.10032 0.08717
0.0 0.95000 0.35 0.08552 0.09868
0.0 0.15000 0.45 0.08552 0.09868
9.0 0.95000 0.55 0.06907 0.08388
11.0 0.75 0.65 0.08223 0.09868
4.0 0.25 0.75 0.07894 0.09375
12.0 0.65 0.75 0.08388 0.09868
12.0 0.85000 0.75 0.10197 0.08552
13.0 0.95000 0.75 0.07565 0.09539
12.0 0.25 0.85000 0.08388 0.09868
9.0 0.35 0.85000 0.07730 0.09703
10.0 0.45 0.85000 0.06743 0.09046
4.0 0.55 0.85000 0.06085 0.11348
1.0 0.85000 0.85000 0.07894 0.09703
9.0 0.15000 0.95000 0.06907 0.08388
1.0 0.45 0.95000 0.09046 0.09703
7.0 0.65 0.95000 0.07401 0.09375
11.0 0.75 0.94736 0.08717 0.10361
5.0 0.85000 0.95000 0.07565 0.09703
