7.0 0.05 0.05 0.06743 0.08717
7.0 0.35 0.05 0.08388 0.07236
0.0 0.55 0.05 0.08552 0.09868
12.0 0.65 0.05 0.10197 0.08552
8.0 0.25 0.15000 0.07730 0.12171
8.0 0.35 0.15000 0.10197 0.10690
11.0 0.75 0.15000 0.07401 0.11019
7.0 0.85000 0.15000 0.08388 0.07236
8.0 0.94736 0.15000 0.10197 0.10690
0.0 0.25 0.25 0.08552 0.09868
13.0 0.75 0.25 0.07565 0.09539
0.0 0.15000 0.35 0.08552 0.09868
0.0 0.35 0.35 0.08552 0.09868
0.0 0.45 0.35 0.08552 0.11019
0.0 0.55 0.35 0.08552 0.11019
0.0 0.65 0.35 0.08552 0.09868
0.0 0.85000 0.35 0.08552 0.09868
0.0 0.45 0.45 0.08552 0.09868
11.0 0.75 0.45 0.08223 0.09868
4.0 0.95000 0.45 0.07236 0.11677
9.0 0.15000 0.55 0.06907 0.08388
8.0 0.25 0.55 0.10197 0.10690
4.0 0.45 0.55 0.07894 0.09375
0.0 0.55 0.55 0.08552 0.09868
10.0 0.65 0.55 0.06743 0.09046
9.0 0.75 0.55 0.06907 0.09210
13.0 0.85000 0.55 0.07565 0.09539
9.0 0.95000 0.55 0.06907 0.08388
8.0 0.05 0.65 0.07730 0.12171
10.0 0.15000 0.65 0.07072 0.11019
11.0 0.25 0.65 0.08717 0.10361
12.0 0.35 0.65 0.08388 0.09868
11.0 0.55 0.65 0.08717 0.10361
4.0 0.65 0.65 0.08552 0.09539
11.0 0.75 0.65 0.08717 0.10361
4.0 0.25 0.75 0.07894 0.09375
12.0 0.65 0.75 0.08388 0.09868
12.0 0.85000 0.75 0.08388 0.09868
13.0 0.95000 0.75 0.08388 0.09375
12.0 0.25 0.85000 0.08388 0.09868
9.0 0.35 0.85000 0.06907 0.09210
10.0 0.45 0.85000 0.07072 0.11019
4.0 0.55 0.85000 0.07894 0.09375
1.0 0.85000 0.85000 0.09046 0.09703
9.0 0.15000 0.95000 0.07072 0.08223
1.0 0.45 0.94572 0.08552 0.10690
7.0 0.65 0.95000 0.08388 0.07236
11.0 0.75 0.95000 0.08223 0.09868
5.0 0.85000 0.95000 0.07565 0.09703
