7.0 0.05 0.05098 0.06907 0.10197
7.0 0.35 0.05098 0.06907 0.10197
12.0 0.65 0.05 0.07401 0.09539
8.0 0.25 0.15000 0.07730 0.12171
8.0 0.35 0.15000 0.10197 0.09375
11.0 0.75 0.15000 0.07730 0.11677
7.0 0.85000 0.15000 0.06907 0.10197
8.0 0.95000 0.15000 0.07730 0.12171
0.0 0.55 0.25 0.08552 0.11019
13.0 0.75 0.25 0.08388 0.09375
0.0 0.95000 0.25 0.08552 0.11019
0.0 0.25 0.35 0.08552 0.11019
0.0 0.85000 0.35 0.08552 0.11019
0.0 0.95000 0.35 0.08552 0.10197
0.0 0.15000 0.45 0.08552 0.10197
0.0 0.25 0.45 0.08552 0.11019
0.0 0.35 0.45 0.08552 0.11019
0.0 0.55 0.45 0.08552 0.11019
11.0 0.75 0.45 0.07401 0.11019
4.0 0.95000 0.45 0.07236 0.11677
9.0 0.15000 0.55 0.06907 0.09210
8.0 0.25 0.55 0.07730 0.12171
4.0 0.45 0.55 0.07236 0.11677
10.0 0.65 0.55 0.07072 0.11019
9.0 0.75 0.55 0.06907 0.09210
13.0 0.85000 0.55 0.08388 0.09375
9.0 0.95000 0.55 0.07730 0.09703
8.0 0.05098 0.65 0.10197 0.09375
10.0 0.15000 0.65 0.07072 0.11019
11.0 0.25 0.65 0.07401 0.11019
12.0 0.35 0.65 0.08223 0.11019
11.0 0.55 0.65 0.07401 0.11019
4.0 0.65 0.65 0.07236 0.11677
11.0 0.75 0.65 0.07401 0.11019
4.0 0.25 0.75 0.07236 0.11677
12.0 0.65 0.75 0.08223 0.11019
12.0 0.85000 0.75 0.07401 0.09539
13.0 0.95000 0.75 0.08388 0.09375
12.0 0.25 0.85000 0.07401 0.09539
9.0 0.35 0.85000 0.06907 0.09210
10.0 0.45 0.85000 0.07072 0.11019
4.0 0.55 0.85000 0.07236 0.11677
1.0 0.85000 0.85000 0.07894 0.09703
9.0 0.15000 0.95000 0.06907 0.09210
1.0 0.45 0.94572 0.08552 0.10690
7.0 0.65 0.94736 0.06907 0.10197
11.0 0.75 0.94407 0.07401 0.11019
5.0 0.85000 0.95000 0.07730 0.10032
