7.0 0.05 0.05 0.06743 0.08717
0.0 0.55 0.05 0.08552 0.09868
12.0 0.65 0.05 0.08388 0.09868
8.0 0.25 0.15000 0.07401 0.12335
8.0 0.35 0.15000 0.07401 0.12335
11.0 0.75 0.15000 0.08223 0.09868
7.0 0.85000 0.15000 0.06743 0.08717
8.0 0.95000 0.15000 0.07401 0.12335
0.0 0.55 0.25 0.08552 0.09868
13.0 0.75 0.25 0.07565 0.09539
4.0 0.25 0.75 0.07894 0.09375
12.0 0.65 0.75 0.08388 0.09868
9.0 0.35 0.85000 0.06907 0.08388
4.0 0.55 0.85000 0.07894 0.09375
1.0 0.85000 0.85000 0.08059 0.09703
0.0 0.95000 0.85000 0.08552 0.09868
9.0 0.15000 0.95000 0.06907 0.08388
1.0 0.45 0.95000 0.08059 0.09703
11.0 0.75 0.95000 0.08223 0.09868
