7.0 0.05 0.05 0.07401 0.09375
0.0 0.15000 0.05 0.10032 0.08717
12.0 0.65 0.05427 0.08223 0.11019
8.0 0.25 0.15000 0.10197 0.09375
8.0 0.35 0.15000 0.10197 0.10690
11.0 0.75 0.15000 0.07730 0.11677
7.0 0.85000 0.15000 0.08388 0.07236
8.0 0.94736 0.15000 0.10197 0.09375
0.0 0.55 0.25 0.08552 0.10197
13.0 0.75 0.25 0.10032 0.09539
4.0 0.25 0.75 0.08552 0.09539
12.0 0.65 0.75 0.08223 0.11019
9.0 0.35 0.85000 0.07730 0.09703
4.0 0.55 0.85000 0.08552 0.09539
1.0 0.85000 0.85000 0.07894 0.09703
0.0 0.95000 0.85000 0.08552 0.10197
0.0 0.05 0.95000 0.10032 0.08717
9.0 0.15000 0.95000 0.07730 0.09703
1.0 0.45 0.95000 0.07894 0.09703
11.0 0.75 0.94078 0.07730 0.11677
