7.0 0.05 0.05 0.06743 0.08717
0.0 0.15000 0.05 0.10032 0.08717
0.0 0.55 0.05 0.10032 0.08717
12.0 0.65 0.05 0.08388 0.09868
8.0 0.25 0.15000 0.10197 0.10690
8.0 0.35 0.15000 0.10197 0.10690
11.0 0.75 0.15000 0.08717 0.10361
7.0 0.85000 0.15000 0.06743 0.08717
8.0 0.95000 0.15000 0.07401 0.12335
0.0 0.25 0.25 0.10032 0.08717
13.0 0.75 0.25 0.10032 0.07730
4.0 0.25 0.75 0.08552 0.09539
12.0 0.65 0.75 0.08388 0.09868
9.0 0.35 0.85000 0.07072 0.08223
4.0 0.55 0.85000 0.08552 0.09539
1.0 0.85000 0.85000 0.09046 0.09703
0.0 0.95000 0.85000 0.10032 0.08717
0.0 0.05 0.95000 0.08552 0.09868
9.0 0.15000 0.95000 0.07072 0.08223
1.0 0.45 0.95000 0.09046 0.09703
11.0 0.75 0.95000 0.08223 0.09868
