4.0 0.05 0.05 0.08552 0.09539
0.0 0.25 0.05 0.08552 0.09868
1.0 0.45 0.05 0.08059 0.09703
1.0 0.05 0.15000 0.09046 0.09703
0.0 0.15000 0.15000 0.08552 0.10197
10.0 0.25 0.15000 0.06907 0.09375
0.0 0.45 0.15000 0.10032 0.08717
0.0 0.65 0.15000 0.10032 0.08717
0.0 0.05 0.25 0.08552 0.10197
1.0 0.15000 0.25 0.09046 0.09703
0.0 0.45 0.25 0.08552 0.10197
0.0 0.65 0.25 0.10032 0.08717
0.0 0.05 0.35 0.10032 0.08717
0.0 0.45 0.35 0.08552 0.10197
5.0 0.65 0.35 0.08059 0.09539
5.0 0.75 0.35 0.07565 0.09703
0.0 0.95000 0.35 0.08552 0.09868
4.0 0.25 0.45 0.06085 0.11348
1.0 0.45 0.45 0.08059 0.09703
13.0 0.55 0.45 0.10032 0.09539
0.0 0.65 0.45 0.08552 0.10197
12.0 0.75 0.45 0.10197 0.08552
4.0 0.85000 0.45 0.07894 0.09375
0.0 0.95000 0.45 0.10032 0.08717
9.0 0.25 0.55 0.07072 0.08223
9.0 0.15000 0.75 0.07072 0.08223
0.0 0.55 0.75 0.08552 0.10197
