4.0 0.05 0.05756 0.07236 0.11677
0.0 0.15000 0.05 0.08552 0.09868
0.0 0.35 0.05 0.08552 0.09868
1.0 0.45 0.05 0.08059 0.09703
0.0 0.65 0.05 0.08552 0.09868
0.0 0.85000 0.05592 0.08223 0.11348
1.0 0.05 0.15000 0.09046 0.09703
0.0 0.15000 0.15000 0.08552 0.11019
10.0 0.25 0.15000 0.06907 0.09375
8.0 0.35 0.15000 0.07401 0.12335
11.0 0.85000 0.15000 0.07565 0.10197
1.0 0.95000 0.15000 0.09046 0.09703
0.0 0.05 0.25 0.10032 0.08717
1.0 0.15000 0.25 0.07730 0.10361
0.0 0.35 0.25 0.08223 0.11348
0.0 0.65 0.25 0.10032 0.08717
0.0 0.75 0.25 0.08552 0.10197
0.0 0.05 0.35 0.08552 0.09868
9.0 0.25 0.35 0.06907 0.08388
0.0 0.45 0.35 0.08223 0.11348
5.0 0.65 0.35 0.07236 0.10526
5.0 0.75 0.35 0.07730 0.10032
5.0 0.85000 0.35 0.07236 0.10526
9.0 0.05 0.45 0.06907 0.08388
7.0 0.15000 0.45 0.06743 0.08717
4.0 0.25 0.45 0.07236 0.11677
13.0 0.35 0.45 0.07565 0.09539
1.0 0.45 0.45 0.08059 0.09703
13.0 0.55 0.45 0.07565 0.09539
0.0 0.65 0.45 0.08552 0.09868
12.0 0.75 0.45 0.08388 0.09868
4.0 0.85000 0.45 0.08552 0.09539
0.0 0.95000 0.45 0.08552 0.10197
5.0 0.05 0.55 0.07565 0.09703
7.0 0.15000 0.55 0.06743 0.08717
9.0 0.25 0.55 0.07730 0.09703
8.0 0.45 0.55 0.07401 0.12335
12.0 0.55 0.55 0.07401 0.09539
12.0 0.65 0.55 0.10197 0.08552
5.0 0.75 0.55 0.07236 0.10526
0.0 0.85000 0.55 0.08552 0.09868
13.0 0.95000 0.55 0.07565 0.09539
7.0 0.05 0.65 0.06743 0.08717
8.0 0.15000 0.65 0.10197 0.09375
1.0 0.25 0.65 0.07730 0.10361
13.0 0.45 0.65 0.10032 0.07730
5.0 0.55 0.65 0.07565 0.09703
0.0 0.65 0.65 0.08552 0.11019
10.0 0.75 0.65 0.07401 0.12171
9.0 0.15000 0.75 0.07730 0.09703
0.0 0.15000 0.85000 0.08552 0.10197
