4.0 0.05 0.05 0.08552 0.09539
0.0 0.25 0.05 0.10032 0.08717
0.0 0.35 0.05592 0.08223 0.11348
1.0 0.45 0.05098 0.07730 0.10361
0.0 0.55 0.05592 0.08223 0.11348
1.0 0.05 0.15000 0.07730 0.10361
0.0 0.15000 0.15000 0.08223 0.11348
10.0 0.25 0.15000 0.06743 0.10690
8.0 0.35 0.15000 0.07401 0.12335
11.0 0.85000 0.15000 0.08717 0.10361
1.0 0.95000 0.15000 0.07730 0.10361
1.0 0.15000 0.25 0.07730 0.10361
0.0 0.25 0.25 0.08223 0.11348
0.0 0.35 0.25 0.10032 0.08717
0.0 0.05 0.35 0.08223 0.11348
9.0 0.25 0.35 0.07072 0.08223
0.0 0.45 0.35 0.08223 0.11348
5.0 0.65 0.35 0.07894 0.09703
5.0 0.75 0.35 0.08059 0.09539
5.0 0.85000 0.35 0.07894 0.09703
0.0 0.95000 0.35 0.10032 0.08717
9.0 0.05 0.45 0.07072 0.08223
7.0 0.15000 0.45 0.08388 0.07236
4.0 0.25 0.45 0.07565 0.11348
13.0 0.35 0.45 0.08388 0.09868
1.0 0.45 0.45 0.09046 0.09703
13.0 0.55 0.45 0.08388 0.09868
0.0 0.65 0.45 0.08223 0.11348
12.0 0.75 0.45 0.07894 0.09210
4.0 0.85000 0.45 0.07565 0.11348
0.0 0.95000 0.45 0.10032 0.08717
5.0 0.05 0.55 0.07894 0.09703
7.0 0.15000 0.55 0.07401 0.10197
9.0 0.25 0.55 0.07072 0.08223
8.0 0.45 0.55 0.07401 0.12335
12.0 0.55 0.55 0.07894 0.09210
12.0 0.65 0.55 0.07894 0.09210
5.0 0.75 0.55 0.08059 0.09539
0.0 0.85000 0.55 0.10032 0.08717
13.0 0.95000 0.55 0.08388 0.09868
7.0 0.05 0.65 0.07401 0.10197
8.0 0.15000 0.65 0.07401 0.12335
1.0 0.25 0.65 0.07730 0.10361
13.0 0.45 0.65 0.08388 0.09868
5.0 0.55 0.65 0.08059 0.09539
10.0 0.75 0.65 0.06743 0.10690
9.0 0.15000 0.75 0.06578 0.09539
