4.0 0.05 0.05 0.07894 0.09375
0.0 0.15000 0.05 0.10032 0.08717
0.0 0.25 0.05 0.10032 0.08717
0.0 0.35 0.05427 0.08552 0.11019
1.0 0.45 0.05098 0.07730 0.10361
1.0 0.05 0.15000 0.08059 0.09703
10.0 0.25 0.15000 0.06907 0.09375
8.0 0.35 0.15000 0.07401 0.12335
11.0 0.85000 0.15000 0.07401 0.11019
1.0 0.95000 0.15000 0.08552 0.10690
1.0 0.15000 0.25 0.07730 0.10361
0.0 0.75 0.25 0.08223 0.11348
0.0 0.85000 0.25 0.08552 0.11019
9.0 0.25 0.35 0.06907 0.09210
0.0 0.55 0.35 0.08223 0.11348
5.0 0.65 0.35 0.07565 0.09703
5.0 0.75 0.35 0.07730 0.10032
5.0 0.85000 0.35 0.07730 0.10032
0.0 0.95000 0.35 0.08223 0.11348
9.0 0.05 0.45 0.06907 0.09210
7.0 0.15000 0.45 0.06743 0.08717
4.0 0.25 0.45 0.08552 0.09539
13.0 0.35 0.45 0.08388 0.09375
1.0 0.45 0.45 0.08552 0.10690
13.0 0.55 0.45 0.07565 0.09539
0.0 0.65 0.45 0.08552 0.09868
12.0 0.75 0.45 0.10197 0.08552
4.0 0.85000 0.45 0.07894 0.09375
5.0 0.05 0.55 0.07730 0.10032
7.0 0.15000 0.55 0.06907 0.10197
9.0 0.25 0.55 0.07072 0.08223
8.0 0.45 0.55 0.07401 0.12335
12.0 0.55 0.55 0.07894 0.09210
12.0 0.65 0.55 0.07401 0.09539
5.0 0.75 0.55 0.07565 0.09703
0.0 0.85000 0.55 0.10032 0.08717
13.0 0.95000 0.55 0.10032 0.07730
7.0 0.05 0.65 0.08388 0.07236
8.0 0.15000 0.65 0.07401 0.12335
1.0 0.25 0.65 0.09046 0.09703
13.0 0.45 0.65 0.07565 0.09539
5.0 0.55 0.65 0.07565 0.09703
0.0 0.65 0.65 0.10032 0.08717
10.0 0.75 0.65 0.06743 0.10690
9.0 0.15000 0.75 0.06907 0.09210
