8 0.054276 0.054276 0.074013 0.097039
0 0.054276 0.164474 0.077303 0.098684
1 0.384868 0.164474 0.092105 0.098684
8 0.495066 0.164474 0.097039 0.105263
0 0.605263 0.164474 0.088816 0.106908
8 0.825658 0.164474 0.097039 0.105263
0 0.054276 0.274671 0.088816 0.106908
0 0.384868 0.274671 0.088816 0.106908
0 0.605263 0.274671 0.088816 0.106908
11 0.825658 0.274671 0.080592 0.090461
0 0.274671 0.384868 0.077303 0.098684
9 0.054276 0.495066 0.070724 0.092105
0 0.164474 0.605263 0.077303 0.098684
0 0.274671 0.605263 0.077303 0.098684
1 0.495066 0.605263 0.092105 0.098684
12 0.605263 0.605263 0.088816 0.090461
7 0.715461 0.605263 0.075658 0.101974
0 0.164474 0.825658 0.077303 0.098684
10 0.605263 0.825658 0.069079 0.111842
0 0.825658 0.825658 0.088816 0.106908
0 0.715461 0.935855 0.077303 0.098684
0 0.935855 0.935855 0.077303 0.098684
