8 0.274671 0.164474 0.070724 0.092105
8 0.384868 0.164474 0.074013 0.123355
0 0.605263 0.164474 0.074013 0.098684
1 0.715461 0.164474 0.088816 0.115132
1 0.825658 0.164474 0.078947 0.106908
13 0.054276 0.274671 0.074013 0.085526
0 0.274671 0.384868 0.074013 0.098684
0 0.054276 0.495066 0.075658 0.098684
0 0.164474 0.495066 0.074013 0.098684
8 0.384868 0.495066 0.070724 0.092105
0 0.605263 0.495066 0.074013 0.098684
12 0.935855 0.495066 0.083882 0.093750
0 0.274671 0.605263 0.075658 0.098684
0 0.384868 0.605263 0.075658 0.098684
0 0.495066 0.715461 0.075658 0.098684
7 0.715461 0.715461 0.085526 0.098684
0 0.825658 0.715461 0.074013 0.098684
10 0.054276 0.825658 0.070724 0.105263
11 0.495066 0.825658 0.095395 0.080592
0 0.495066 0.935855 0.075658 0.098684
0 0.605263 0.935855 0.075658 0.098684
0 0.715461 0.935855 0.075658 0.098684
