10 0.164474 0.064145 0.070724 0.129934
0 0.274671 0.055921 0.078947 0.111842
11 0.935855 0.054276 0.087171 0.106908
8 0.605263 0.164474 0.083882 0.126645
8 0.715461 0.164474 0.083882 0.126645
0 0.935855 0.164474 0.078947 0.115132
7 0.164474 0.274671 0.069079 0.090461
0 0.495066 0.274671 0.078947 0.111842
0 0.605263 0.274671 0.078947 0.115132
1 0.274671 0.384868 0.080592 0.108553
1 0.274671 0.495066 0.080592 0.106908
11 0.605263 0.495066 0.092105 0.103618
0 0.825658 0.495066 0.078947 0.115132
0 0.935855 0.495066 0.078947 0.111842
0 0.605263 0.715461 0.078947 0.111842
0 0.825658 0.715461 0.078947 0.111842
0 0.935855 0.715461 0.078947 0.111842
8 0.274671 0.825658 0.083882 0.126645
0 0.384868 0.825658 0.078947 0.115132
0 0.384868 0.935855 0.078947 0.115132
13 0.715461 0.935855 0.075658 0.090461
0 0.935855 0.935855 0.078947 0.115132
