10 0.274671 0.054276 0.067434 0.110197
0 0.054276 0.164474 0.074013 0.106908
0 0.935855 0.164474 0.085526 0.098684
0 0.164474 0.274671 0.085526 0.098684
0 0.274671 0.274671 0.074013 0.106908
11 0.495066 0.274671 0.082237 0.098684
9 0.715461 0.274671 0.072368 0.087171
0 0.825658 0.274671 0.085526 0.098684
8 0.384868 0.384868 0.072368 0.110197
8 0.054276 0.495066 0.072368 0.110197
0 0.495066 0.495066 0.085526 0.098684
7 0.605263 0.495066 0.075658 0.105263
8 0.715461 0.495066 0.072368 0.110197
0 0.935855 0.495066 0.074013 0.106908
0 0.495066 0.605263 0.074013 0.106908
1 0.935855 0.605263 0.080592 0.097039
12 0.274671 0.825658 0.083882 0.098684
0 0.495066 0.825658 0.085526 0.098684
0 0.605263 0.825658 0.074013 0.106908
0 0.825658 0.825658 0.085526 0.098684
0 0.164474 0.935855 0.074013 0.106908
1 0.384868 0.935855 0.088816 0.106908
