0 0.274671 0.054276 0.074013 0.106908
9 0.384868 0.054276 0.072368 0.087171
8 0.164474 0.164474 0.074013 0.123355
7 0.825658 0.164474 0.075658 0.105263
8 0.935855 0.164474 0.074013 0.123355
1 0.054276 0.274671 0.088816 0.106908
11 0.384868 0.274671 0.075658 0.101974
0 0.164474 0.384868 0.074013 0.106908
8 0.274671 0.384868 0.074013 0.123355
1 0.384868 0.384868 0.088816 0.106908
0 0.935855 0.384868 0.082237 0.113487
10 0.054276 0.495066 0.067434 0.110197
0 0.274671 0.495066 0.082237 0.113487
0 0.384868 0.495066 0.074013 0.106908
0 0.384868 0.605263 0.074013 0.106908
12 0.825658 0.605263 0.078947 0.092105
0 0.384868 0.715461 0.074013 0.106908
0 0.605263 0.715461 0.074013 0.106908
0 0.274671 0.935855 0.082237 0.113487
0 0.384868 0.935855 0.074013 0.106908
0 0.605263 0.935855 0.074013 0.106908
0 0.825658 0.935855 0.074013 0.106908
