0 0.274671 0.054276 0.077303 0.092105
10 0.495066 0.054276 0.070724 0.105263
12 0.825658 0.054276 0.083882 0.093750
1 0.274671 0.164474 0.078947 0.106908
0 0.825658 0.164474 0.075658 0.098684
0 0.935855 0.164474 0.075658 0.098684
0 0.605263 0.274671 0.077303 0.092105
0 0.825658 0.274671 0.075658 0.098684
8 0.054276 0.384868 0.070724 0.092105
0 0.715461 0.384868 0.075658 0.098684
0 0.164474 0.495066 0.077303 0.092105
1 0.495066 0.495066 0.075658 0.103618
11 0.605263 0.495066 0.078947 0.085526
7 0.605263 0.605263 0.062500 0.093750
8 0.715461 0.605263 0.072368 0.100329
11 0.935855 0.605263 0.078947 0.085526
0 0.605263 0.715461 0.075658 0.098684
8 0.274671 0.825658 0.070724 0.092105
0 0.384868 0.825658 0.075658 0.098684
0 0.715461 0.825658 0.075658 0.098684
0 0.164474 0.935855 0.075658 0.098684
0 0.274671 0.935855 0.075658 0.098684
