0 0.054276 0.054276 0.075658 0.098684
8 0.384868 0.054276 0.070724 0.092105
8 0.825658 0.054276 0.070724 0.092105
0 0.935855 0.054276 0.075658 0.098684
0 0.054276 0.164474 0.075658 0.097039
0 0.274671 0.164474 0.075658 0.097039
7 0.605263 0.164474 0.085526 0.098684
12 0.054276 0.274671 0.080592 0.113487
0 0.164474 0.274671 0.075658 0.097039
8 0.715461 0.274671 0.072368 0.095395
0 0.825658 0.274671 0.075658 0.098684
1 0.164474 0.384868 0.078947 0.106908
11 0.164474 0.495066 0.078947 0.085526
11 0.495066 0.495066 0.077303 0.110197
0 0.935855 0.495066 0.075658 0.098684
0 0.054276 0.715461 0.075658 0.097039
10 0.825658 0.715461 0.070724 0.116776
0 0.384868 0.825658 0.075658 0.098684
1 0.715461 0.825658 0.078947 0.106908
0 0.825658 0.825658 0.075658 0.098684
0 0.274671 0.935855 0.075658 0.098684
0 0.605263 0.935855 0.075658 0.097039
