0 0.495066 0.054276 0.074013 0.106908
0 0.274671 0.164474 0.074013 0.106908
8 0.715461 0.164474 0.067434 0.121711
0 0.164474 0.274671 0.074013 0.106908
8 0.825658 0.274671 0.067434 0.121711
11 0.164474 0.384868 0.078947 0.095395
10 0.274671 0.384868 0.067434 0.093750
0 0.605263 0.384868 0.074013 0.106908
0 0.825658 0.384868 0.074013 0.106908
8 0.274671 0.495066 0.067434 0.121711
1 0.384868 0.495066 0.088816 0.106908
1 0.495066 0.495066 0.088816 0.106908
13 0.825658 0.495066 0.077303 0.095395
0 0.164474 0.715461 0.074013 0.106908
0 0.495066 0.715461 0.078947 0.090461
0 0.935855 0.715461 0.074013 0.106908
0 0.054276 0.825658 0.074013 0.106908
0 0.164474 0.825658 0.078947 0.090461
0 0.274671 0.825658 0.074013 0.106908
12 0.384868 0.825658 0.075658 0.090461
0 0.935855 0.825658 0.078947 0.090461
7 0.825658 0.935855 0.077303 0.098684
