0 0.384868 0.055921 0.082237 0.113487
0 0.935855 0.055921 0.082237 0.113487
0 0.054276 0.164474 0.082237 0.113487
0 0.164474 0.164474 0.082237 0.113487
8 0.384868 0.164474 0.075658 0.111842
1 0.605263 0.164474 0.077303 0.103618
11 0.825658 0.164474 0.080592 0.101974
8 0.164474 0.274671 0.075658 0.111842
12 0.715461 0.274671 0.078947 0.092105
0 0.935855 0.274671 0.082237 0.113487
0 0.384868 0.384868 0.082237 0.113487
0 0.274671 0.605263 0.082237 0.113487
10 0.495066 0.605263 0.067434 0.106908
9 0.054276 0.715461 0.065789 0.095395
8 0.164474 0.715461 0.074013 0.123355
1 0.274671 0.715461 0.077303 0.103618
7 0.935855 0.715461 0.074013 0.101974
0 0.605263 0.825658 0.082237 0.113487
0 0.054276 0.935855 0.082237 0.113487
0 0.274671 0.935855 0.082237 0.113487
0 0.495066 0.935855 0.077303 0.106908
0 0.605263 0.935855 0.077303 0.106908
