9 0.935855 0.054276 0.069079 0.092105
0 0.054276 0.164474 0.085526 0.110197
8 0.384868 0.164474 0.077303 0.121711
0 0.825658 0.164474 0.085526 0.110197
0 0.384868 0.274671 0.085526 0.110197
1 0.605263 0.274671 0.085526 0.106908
0 0.825658 0.274671 0.085526 0.110197
7 0.935855 0.274671 0.070724 0.093750
12 0.274671 0.384868 0.077303 0.110197
0 0.605263 0.384868 0.085526 0.110197
11 0.935855 0.495066 0.074013 0.110197
0 0.825658 0.605263 0.085526 0.110197
8 0.935855 0.605263 0.082237 0.126645
0 0.054276 0.715461 0.078947 0.111842
10 0.495066 0.715461 0.070724 0.110197
0 0.825658 0.715461 0.085526 0.110197
0 0.605263 0.825658 0.085526 0.110197
0 0.164474 0.935855 0.085526 0.110197
0 0.274671 0.935855 0.078947 0.111842
1 0.384868 0.935855 0.080592 0.106908
8 0.825658 0.935855 0.077303 0.121711
0 0.935855 0.935855 0.085526 0.110197
