0 0.054276 0.054276 0.074013 0.106908
1 0.054276 0.164474 0.088816 0.106908
0 0.495066 0.164474 0.074013 0.106908
8 0.825658 0.164474 0.072368 0.110197
0 0.054276 0.274671 0.088816 0.106908
0 0.274671 0.274671 0.088816 0.106908
9 0.605263 0.274671 0.070724 0.092105
12 0.825658 0.274671 0.088816 0.090461
0 0.054276 0.384868 0.074013 0.106908
10 0.495066 0.384868 0.069079 0.111842
8 0.605263 0.384868 0.072368 0.110197
0 0.715461 0.495066 0.074013 0.106908
0 0.825658 0.495066 0.074013 0.106908
0 0.825658 0.605263 0.088816 0.106908
0 0.935855 0.605263 0.074013 0.106908
0 0.274671 0.715461 0.088816 0.106908
1 0.495066 0.715461 0.092105 0.098684
8 0.825658 0.715461 0.072368 0.110197
0 0.164474 0.825658 0.088816 0.106908
11 0.495066 0.825658 0.087171 0.097039
7 0.605263 0.825658 0.075658 0.105263
0 0.935855 0.825658 0.088816 0.106908
