0 0.164474 0.054276 0.078947 0.090461
0 0.274671 0.054276 0.078947 0.090461
1 0.495066 0.054276 0.078947 0.090461
8 0.164474 0.164474 0.075658 0.111842
0 0.605263 0.164474 0.077303 0.106908
0 0.715461 0.164474 0.077303 0.106908
12 0.935855 0.164474 0.078947 0.095395
0 0.274671 0.274671 0.077303 0.106908
0 0.935855 0.274671 0.078947 0.090461
0 0.274671 0.384868 0.077303 0.106908
11 0.495066 0.384868 0.080592 0.101974
0 0.825658 0.384868 0.077303 0.106908
1 0.495066 0.495066 0.078947 0.103618
7 0.164474 0.715461 0.077303 0.098684
0 0.274671 0.715461 0.078947 0.090461
0 0.384868 0.715461 0.078947 0.090461
8 0.495066 0.715461 0.075658 0.111842
9 0.054276 0.825658 0.077303 0.103618
0 0.164474 0.825658 0.078947 0.090461
10 0.274671 0.825658 0.067434 0.093750
0 0.164474 0.935855 0.077303 0.106908
8 0.274671 0.935855 0.075658 0.111842
