0 0.164474 0.055921 0.078947 0.111842
0 0.384868 0.054276 0.078947 0.101974
7 0.605263 0.054276 0.070724 0.093750
1 0.054276 0.164474 0.083882 0.106908
8 0.054276 0.274671 0.082237 0.126645
0 0.274671 0.274671 0.078947 0.111842
0 0.384868 0.274671 0.078947 0.111842
0 0.825658 0.384868 0.078947 0.111842
1 0.715461 0.495066 0.080592 0.106908
0 0.825658 0.495066 0.078947 0.101974
11 0.054276 0.605263 0.087171 0.106908
0 0.164474 0.605263 0.078947 0.111842
0 0.274671 0.605263 0.078947 0.111842
8 0.935855 0.605263 0.082237 0.126645
0 0.164474 0.715461 0.078947 0.101974
8 0.605263 0.715461 0.082237 0.126645
9 0.825658 0.715461 0.078947 0.100329
0 0.384868 0.825658 0.078947 0.111842
0 0.164474 0.935855 0.078947 0.111842
0 0.274671 0.935855 0.078947 0.111842
11 0.605263 0.935855 0.083882 0.098684
10 0.825658 0.935855 0.075658 0.103618
