10 0.054276 0.060855 0.072368 0.121711
0 0.164474 0.054276 0.077303 0.100329
8 0.605263 0.054276 0.074013 0.097039
0 0.274671 0.164474 0.077303 0.098684
8 0.054276 0.274671 0.072368 0.125000
9 0.495066 0.274671 0.062500 0.088816
1 0.384868 0.384868 0.083882 0.097039
1 0.715461 0.384868 0.083882 0.097039
0 0.054276 0.495066 0.077303 0.100329
0 0.274671 0.495066 0.077303 0.098684
0 0.605263 0.495066 0.077303 0.100329
11 0.715461 0.495066 0.080592 0.090461
0 0.274671 0.605263 0.077303 0.100329
0 0.495066 0.605263 0.077303 0.100329
12 0.605263 0.605263 0.077303 0.100329
0 0.384868 0.715461 0.077303 0.098684
0 0.054276 0.825658 0.077303 0.098684
0 0.274671 0.935855 0.077303 0.098684
8 0.495066 0.935855 0.072368 0.125000
0 0.715461 0.935855 0.077303 0.100329
0 0.825658 0.935855 0.077303 0.100329
7 0.935855 0.935855 0.082237 0.103618
