0 0.495066 0.054276 0.088816 0.110197
0 0.605263 0.054276 0.074013 0.106908
0 0.054276 0.164474 0.088816 0.110197
0 0.384868 0.384868 0.088816 0.110197
8 0.495066 0.384868 0.072368 0.110197
0 0.605263 0.384868 0.088816 0.110197
0 0.825658 0.384868 0.074013 0.106908
0 0.935855 0.384868 0.088816 0.110197
0 0.274671 0.495066 0.088816 0.110197
12 0.384868 0.495066 0.075658 0.090461
1 0.495066 0.495066 0.088816 0.106908
8 0.605263 0.495066 0.077303 0.118421
7 0.164474 0.605263 0.075658 0.105263
0 0.384868 0.715461 0.074013 0.106908
8 0.495066 0.715461 0.072368 0.110197
10 0.605263 0.715461 0.067434 0.110197
0 0.825658 0.715461 0.088816 0.110197
13 0.274671 0.825658 0.077303 0.095395
0 0.935855 0.825658 0.088816 0.110197
0 0.164474 0.935855 0.088816 0.110197
1 0.274671 0.935855 0.088816 0.106908
11 0.495066 0.935855 0.082237 0.100329
