0 0.605263 0.054276 0.074013 0.098684
0 0.825658 0.054276 0.074013 0.098684
0 0.935855 0.054276 0.077303 0.106908
8 0.274671 0.164474 0.074013 0.123355
1 0.825658 0.164474 0.078947 0.090461
0 0.495066 0.274671 0.074013 0.098684
12 0.715461 0.274671 0.078947 0.095395
0 0.054276 0.384868 0.074013 0.098684
0 0.274671 0.384868 0.074013 0.098684
10 0.715461 0.384868 0.067434 0.106908
0 0.825658 0.384868 0.074013 0.098684
0 0.274671 0.495066 0.074013 0.098684
0 0.495066 0.495066 0.077303 0.106908
13 0.715461 0.495066 0.062500 0.083882
7 0.054276 0.715461 0.085526 0.098684
1 0.274671 0.715461 0.078947 0.090461
0 0.715461 0.715461 0.077303 0.106908
8 0.164474 0.825658 0.074013 0.123355
0 0.605263 0.825658 0.077303 0.106908
8 0.825658 0.825658 0.075658 0.111842
0 0.164474 0.935855 0.077303 0.106908
11 0.825658 0.935855 0.080592 0.101974
