0 0.164474 0.054276 0.077303 0.092105
0 0.384868 0.054276 0.077303 0.092105
0 0.605263 0.054276 0.077303 0.092105
8 0.825658 0.054276 0.072368 0.100329
1 0.935855 0.054276 0.075658 0.103618
0 0.495066 0.164474 0.077303 0.092105
0 0.825658 0.164474 0.074013 0.106908
0 0.054276 0.274671 0.074013 0.106908
0 0.605263 0.274671 0.077303 0.092105
11 0.274671 0.384868 0.080592 0.098684
0 0.495066 0.384868 0.077303 0.092105
12 0.605263 0.384868 0.075658 0.090461
0 0.054276 0.495066 0.074013 0.106908
10 0.935855 0.495066 0.074013 0.106908
7 0.605263 0.605263 0.075658 0.105263
8 0.715461 0.605263 0.072368 0.100329
8 0.935855 0.605263 0.072368 0.100329
11 0.054276 0.715461 0.080592 0.098684
0 0.715461 0.715461 0.074013 0.106908
1 0.825658 0.825658 0.075658 0.103618
0 0.715461 0.935855 0.074013 0.106908
0 0.825658 0.935855 0.077303 0.092105
