0 0.164474 0.054276 0.085526 0.110197
0 0.274671 0.054276 0.085526 0.110197
8 0.605263 0.060855 0.077303 0.121711
1 0.715461 0.054276 0.085526 0.106908
10 0.164474 0.164474 0.070724 0.110197
0 0.495066 0.164474 0.074013 0.098684
0 0.715461 0.164474 0.085526 0.110197
12 0.825658 0.164474 0.074013 0.095395
13 0.715461 0.274671 0.083882 0.093750
11 0.825658 0.274671 0.095395 0.080592
0 0.164474 0.384868 0.085526 0.110197
0 0.054276 0.495066 0.074013 0.098684
0 0.384868 0.495066 0.074013 0.098684
0 0.495066 0.495066 0.074013 0.098684
8 0.164474 0.715461 0.077303 0.121711
7 0.605263 0.715461 0.069079 0.101974
0 0.935855 0.715461 0.085526 0.110197
0 0.054276 0.825658 0.074013 0.098684
0 0.384868 0.825658 0.085526 0.110197
0 0.605263 0.825658 0.085526 0.110197
8 0.054276 0.935855 0.077303 0.121711
1 0.384868 0.935855 0.085526 0.106908
