0 0.054276 0.054276 0.100329 0.087171
0 0.054276 0.164474 0.078947 0.111842
0 0.054276 0.274671 0.100329 0.087171
0 0.164474 0.274671 0.100329 0.087171
11 0.495066 0.274671 0.087171 0.106908
0 0.715461 0.274671 0.078947 0.111842
0 0.935855 0.274671 0.078947 0.111842
8 0.495066 0.495066 0.082237 0.126645
12 0.715461 0.495066 0.077303 0.110197
0 0.825658 0.495066 0.100329 0.087171
7 0.164474 0.605263 0.070724 0.093750
0 0.495066 0.605263 0.078947 0.111842
0 0.715461 0.605263 0.078947 0.111842
0 0.825658 0.605263 0.078947 0.111842
1 0.935855 0.605263 0.080592 0.106908
8 0.164474 0.715461 0.101974 0.106908
13 0.274671 0.715461 0.100329 0.077303
10 0.605263 0.715461 0.067434 0.090461
1 0.054276 0.825658 0.080592 0.106908
8 0.054276 0.935855 0.101974 0.106908
0 0.164474 0.935855 0.100329 0.087171
0 0.384868 0.935855 0.100329 0.087171
