7 0.495066 0.054276 0.085526 0.098684
0 0.605263 0.054276 0.075658 0.098684
4 0.825658 0.067434 0.075658 0.133224
0 0.384868 0.164474 0.078947 0.111842
9 0.495066 0.164474 0.077303 0.103618
0 0.935855 0.164474 0.085526 0.110197
4 0.274671 0.274671 0.072368 0.116776
1 0.384868 0.274671 0.085526 0.106908
13 0.495066 0.274671 0.062500 0.083882
5 0.935855 0.274671 0.077303 0.103618
13 0.054276 0.384868 0.074013 0.085526
8 0.164474 0.384868 0.077303 0.121711
11 0.274671 0.384868 0.078947 0.085526
11 0.384868 0.384868 0.074013 0.110197
1 0.495066 0.384868 0.085526 0.106908
1 0.605263 0.384868 0.085526 0.106908
0 0.715461 0.384868 0.078947 0.111842
13 0.825658 0.384868 0.083882 0.093750
7 0.054276 0.495066 0.077303 0.098684
0 0.164474 0.495066 0.078947 0.111842
10 0.274671 0.495066 0.070724 0.110197
13 0.495066 0.495066 0.083882 0.093750
10 0.935855 0.495066 0.070724 0.105263
1 0.274671 0.605263 0.085526 0.106908
9 0.384868 0.605263 0.077303 0.103618
0 0.495066 0.605263 0.075658 0.098684
0 0.605263 0.605263 0.078947 0.111842
8 0.715461 0.605263 0.067434 0.121711
0 0.825658 0.605263 0.075658 0.098684
0 0.935855 0.605263 0.078947 0.111842
13 0.054276 0.715461 0.074013 0.085526
0 0.164474 0.715461 0.085526 0.110197
4 0.274671 0.825658 0.067434 0.120066
1 0.384868 0.825658 0.080592 0.106908
12 0.495066 0.825658 0.074013 0.095395
8 0.715461 0.825658 0.077303 0.121711
0 0.825658 0.825658 0.085526 0.110197
9 0.935855 0.825658 0.069079 0.092105
0 0.054276 0.935855 0.078947 0.090461
10 0.274671 0.935855 0.067434 0.093750
9 0.384868 0.935855 0.078947 0.100329
1 0.495066 0.935855 0.085526 0.106908
7 0.605263 0.935855 0.070724 0.093750
10 0.715461 0.935855 0.070724 0.105263
