0 0.274671 0.054276 0.074013 0.098684
7 0.384868 0.054276 0.083882 0.072368
0 0.605263 0.054276 0.074013 0.098684
0 0.054276 0.164474 0.078947 0.111842
9 0.164474 0.164474 0.070724 0.082237
1 0.274671 0.164474 0.080592 0.106908
0 0.495066 0.164474 0.074013 0.098684
1 0.605263 0.164474 0.080592 0.106908
13 0.825658 0.164474 0.075658 0.090461
12 0.935855 0.164474 0.101974 0.085526
9 0.054276 0.274671 0.078947 0.100329
1 0.164474 0.274671 0.083882 0.097039
0 0.274671 0.274671 0.074013 0.098684
1 0.384868 0.274671 0.088816 0.115132
4 0.495066 0.274671 0.078947 0.106908
1 0.605263 0.274671 0.090461 0.097039
10 0.715461 0.274671 0.065789 0.126645
0 0.825658 0.274671 0.078947 0.111842
10 0.935855 0.274671 0.072368 0.121711
0 0.054276 0.384868 0.074013 0.098684
13 0.164474 0.384868 0.075658 0.090461
9 0.274671 0.384868 0.078947 0.100329
10 0.384868 0.384868 0.080592 0.098684
8 0.495066 0.384868 0.074013 0.123355
7 0.605263 0.384868 0.083882 0.072368
4 0.715461 0.384868 0.075658 0.118421
13 0.935855 0.384868 0.075658 0.090461
7 0.164474 0.495066 0.085526 0.098684
0 0.825658 0.495066 0.077303 0.100329
9 0.164474 0.605263 0.070724 0.082237
0 0.715461 0.605263 0.100329 0.087171
8 0.054276 0.715461 0.082237 0.126645
10 0.274671 0.715461 0.067434 0.090461
8 0.825658 0.715461 0.082237 0.126645
1 0.935855 0.715461 0.090461 0.097039
11 0.164474 0.825658 0.095395 0.080592
9 0.274671 0.825658 0.070724 0.082237
0 0.384868 0.825658 0.100329 0.087171
4 0.825658 0.825658 0.078947 0.106908
5 0.054276 0.935855 0.074013 0.100329
0 0.164474 0.935855 0.078947 0.111842
11 0.274671 0.935855 0.087171 0.103618
13 0.495066 0.935855 0.078947 0.090461
0 0.715461 0.935855 0.074013 0.098684
