0 0.054276 0.054276 0.085526 0.098684
1 0.164474 0.054276 0.077303 0.093750
4 0.384868 0.054276 0.078947 0.093750
9 0.495066 0.054276 0.078947 0.100329
9 0.825658 0.054276 0.069079 0.083882
4 0.054276 0.164474 0.074013 0.115132
0 0.164474 0.164474 0.078947 0.111842
0 0.384868 0.164474 0.100329 0.087171
0 0.495066 0.164474 0.088816 0.110197
13 0.935855 0.164474 0.075658 0.095395
1 0.164474 0.274671 0.090461 0.097039
11 0.384868 0.274671 0.087171 0.106908
10 0.495066 0.274671 0.069079 0.093750
5 0.605263 0.274671 0.080592 0.095395
1 0.715461 0.274671 0.077303 0.093750
0 0.935855 0.274671 0.088816 0.110197
0 0.054276 0.384868 0.085526 0.098684
8 0.274671 0.384868 0.082237 0.126645
9 0.495066 0.384868 0.070724 0.082237
0 0.605263 0.384868 0.100329 0.087171
10 0.825658 0.384868 0.077303 0.106908
4 0.935855 0.384868 0.074013 0.115132
13 0.164474 0.495066 0.078947 0.106908
1 0.274671 0.495066 0.077303 0.093750
1 0.495066 0.495066 0.090461 0.097039
0 0.825658 0.495066 0.088816 0.110197
13 0.054276 0.605263 0.075658 0.095395
0 0.164474 0.605263 0.088816 0.110197
7 0.274671 0.605263 0.078947 0.103618
0 0.825658 0.605263 0.078947 0.111842
11 0.935855 0.605263 0.082237 0.098684
13 0.384868 0.715461 0.075658 0.090461
0 0.495066 0.715461 0.085526 0.098684
0 0.605263 0.715461 0.088816 0.110197
10 0.715461 0.715461 0.069079 0.093750
13 0.825658 0.715461 0.078947 0.106908
8 0.935855 0.715461 0.077303 0.118421
7 0.274671 0.825658 0.070724 0.093750
7 0.495066 0.825658 0.070724 0.093750
9 0.715461 0.825658 0.078947 0.100329
10 0.164474 0.935855 0.069079 0.093750
1 0.274671 0.935855 0.090461 0.097039
12 0.384868 0.935855 0.083882 0.098684
8 0.935855 0.935855 0.077303 0.118421
