4 0.164474 0.054276 0.082237 0.105263
8 0.605263 0.054276 0.085526 0.103618
10 0.935855 0.054276 0.074013 0.106908
8 0.274671 0.164474 0.077303 0.121711
0 0.495066 0.164474 0.078947 0.101974
11 0.605263 0.164474 0.083882 0.098684
9 0.935855 0.164474 0.069079 0.092105
0 0.054276 0.274671 0.085526 0.110197
10 0.274671 0.274671 0.074013 0.106908
0 0.384868 0.274671 0.077303 0.092105
1 0.935855 0.274671 0.085526 0.106908
5 0.054276 0.384868 0.082237 0.108553
4 0.164474 0.384868 0.072368 0.116776
7 0.274671 0.384868 0.062500 0.093750
8 0.605263 0.384868 0.072368 0.100329
9 0.715461 0.384868 0.077303 0.100329
0 0.054276 0.495066 0.078947 0.101974
13 0.384868 0.495066 0.075658 0.105263
7 0.715461 0.495066 0.069079 0.101974
7 0.825658 0.495066 0.077303 0.095395
10 0.935855 0.495066 0.074013 0.106908
12 0.054276 0.605263 0.069079 0.088816
0 0.164474 0.605263 0.085526 0.110197
9 0.384868 0.605263 0.077303 0.100329
1 0.495066 0.605263 0.085526 0.106908
0 0.935855 0.605263 0.077303 0.092105
13 0.054276 0.715461 0.075658 0.105263
13 0.164474 0.715461 0.080592 0.100329
1 0.274671 0.715461 0.083882 0.106908
0 0.384868 0.715461 0.077303 0.092105
10 0.495066 0.715461 0.075658 0.103618
0 0.605263 0.715461 0.078947 0.101974
0 0.054276 0.825658 0.085526 0.110197
9 0.274671 0.825658 0.077303 0.100329
0 0.384868 0.825658 0.077303 0.092105
11 0.495066 0.825658 0.080592 0.098684
4 0.605263 0.825658 0.082237 0.105263
0 0.715461 0.825658 0.077303 0.092105
1 0.825658 0.825658 0.085526 0.106908
13 0.935855 0.825658 0.080592 0.100329
1 0.164474 0.935855 0.075658 0.103618
1 0.274671 0.935855 0.075658 0.103618
0 0.495066 0.935855 0.077303 0.092105
9 0.825658 0.935855 0.077303 0.100329
