1 0.054276 0.057566 0.088816 0.115132
0 0.384868 0.054276 0.085526 0.110197
8 0.495066 0.059211 0.078947 0.120066
0 0.605263 0.054276 0.074013 0.098684
8 0.825658 0.054276 0.072368 0.100329
10 0.054276 0.164474 0.080592 0.098684
1 0.164474 0.164474 0.088816 0.115132
7 0.274671 0.164474 0.069079 0.101974
7 0.715461 0.164474 0.062500 0.093750
0 0.054276 0.274671 0.074013 0.098684
9 0.164474 0.274671 0.069079 0.092105
9 0.274671 0.274671 0.085526 0.077303
9 0.495066 0.274671 0.085526 0.077303
4 0.825658 0.274671 0.072368 0.116776
11 0.935855 0.274671 0.075658 0.080592
13 0.054276 0.384868 0.083882 0.093750
5 0.164474 0.384868 0.077303 0.100329
0 0.274671 0.384868 0.087171 0.116776
10 0.715461 0.384868 0.070724 0.110197
7 0.825658 0.384868 0.062500 0.093750
9 0.054276 0.495066 0.093750 0.101974
0 0.164474 0.495066 0.085526 0.110197
1 0.274671 0.495066 0.087171 0.105263
13 0.605263 0.495066 0.075658 0.105263
10 0.825658 0.495066 0.080592 0.098684
0 0.054276 0.605263 0.074013 0.098684
4 0.164474 0.605263 0.088816 0.113487
13 0.274671 0.605263 0.062500 0.083882
0 0.384868 0.605263 0.077303 0.092105
10 0.605263 0.605263 0.074013 0.121711
13 0.935855 0.605263 0.062500 0.083882
4 0.164474 0.715461 0.088816 0.113487
12 0.715461 0.715461 0.095395 0.082237
13 0.825658 0.715461 0.075658 0.105263
0 0.164474 0.825658 0.087171 0.116776
0 0.384868 0.825658 0.074013 0.098684
1 0.495066 0.825658 0.085526 0.106908
1 0.605263 0.825658 0.087171 0.105263
8 0.825658 0.825658 0.074013 0.123355
11 0.935855 0.825658 0.095395 0.080592
0 0.164474 0.935855 0.077303 0.092105
1 0.274671 0.935855 0.087171 0.105263
0 0.605263 0.935855 0.087171 0.116776
0 0.825658 0.935855 0.077303 0.092105
