11 0.164474 0.054276 0.070724 0.075658
7 0.274671 0.054276 0.077303 0.098684
8 0.495066 0.054276 0.097039 0.105263
13 0.715461 0.054276 0.078947 0.090461
1 0.054276 0.164474 0.078947 0.103618
1 0.274671 0.164474 0.092105 0.098684
9 0.384868 0.164474 0.062500 0.088816
9 0.605263 0.164474 0.070724 0.092105
4 0.715461 0.164474 0.077303 0.115132
0 0.825658 0.164474 0.077303 0.100329
9 0.054276 0.274671 0.077303 0.103618
4 0.384868 0.274671 0.062500 0.101974
0 0.495066 0.274671 0.077303 0.100329
0 0.605263 0.274671 0.078947 0.090461
10 0.935855 0.274671 0.067434 0.093750
0 0.164474 0.384868 0.088816 0.106908
11 0.384868 0.384868 0.082237 0.100329
10 0.605263 0.384868 0.067434 0.093750
8 0.715461 0.384868 0.097039 0.105263
9 0.825658 0.384868 0.062500 0.088816
0 0.935855 0.384868 0.077303 0.100329
10 0.384868 0.495066 0.067434 0.093750
13 0.825658 0.495066 0.080592 0.101974
0 0.164474 0.605263 0.077303 0.100329
13 0.274671 0.605263 0.080592 0.101974
1 0.384868 0.605263 0.083882 0.097039
0 0.605263 0.605263 0.088816 0.106908
7 0.935855 0.605263 0.078947 0.085526
10 0.164474 0.715461 0.069079 0.111842
0 0.274671 0.715461 0.088816 0.106908
13 0.605263 0.715461 0.080592 0.101974
0 0.715461 0.715461 0.088816 0.106908
12 0.825658 0.715461 0.077303 0.100329
1 0.935855 0.715461 0.083882 0.097039
0 0.054276 0.825658 0.088816 0.106908
1 0.495066 0.825658 0.083882 0.097039
1 0.605263 0.825658 0.092105 0.098684
0 0.825658 0.825658 0.077303 0.100329
7 0.935855 0.825658 0.075658 0.101974
5 0.054276 0.935855 0.080592 0.095395
0 0.384868 0.935855 0.088816 0.106908
4 0.605263 0.935855 0.078947 0.106908
8 0.825658 0.935855 0.067434 0.121711
13 0.935855 0.935855 0.078947 0.090461
