0 0.054276 0.055921 0.082237 0.113487
0 0.384868 0.054276 0.074013 0.106908
13 0.495066 0.054276 0.083882 0.098684
1 0.605263 0.054276 0.088816 0.106908
9 0.715461 0.054276 0.080592 0.105263
13 0.825658 0.054276 0.075658 0.095395
1 0.935855 0.054276 0.080592 0.097039
7 0.054276 0.164474 0.067434 0.087171
8 0.164474 0.164474 0.083882 0.126645
0 0.274671 0.164474 0.085526 0.098684
0 0.495066 0.164474 0.085526 0.098684
0 0.605263 0.164474 0.074013 0.106908
9 0.935855 0.164474 0.069079 0.083882
10 0.054276 0.274671 0.069079 0.093750
13 0.164474 0.274671 0.075658 0.095395
10 0.384868 0.274671 0.069079 0.093750
0 0.715461 0.274671 0.082237 0.113487
11 0.054276 0.384868 0.075658 0.101974
8 0.164474 0.384868 0.074013 0.123355
13 0.384868 0.384868 0.083882 0.098684
9 0.935855 0.384868 0.069079 0.083882
7 0.164474 0.495066 0.074013 0.101974
8 0.384868 0.495066 0.083882 0.126645
9 0.495066 0.495066 0.080592 0.105263
0 0.715461 0.495066 0.078947 0.115132
4 0.935855 0.495066 0.065789 0.100329
4 0.054276 0.605263 0.075658 0.113487
9 0.384868 0.605263 0.080592 0.105263
12 0.495066 0.605263 0.075658 0.090461
10 0.605263 0.605263 0.069079 0.093750
0 0.715461 0.605263 0.074013 0.106908
4 0.825658 0.605263 0.078947 0.093750
0 0.054276 0.715461 0.085526 0.098684
10 0.274671 0.715461 0.067434 0.110197
1 0.495066 0.715461 0.080592 0.097039
0 0.825658 0.715461 0.078947 0.115132
1 0.935855 0.715461 0.080592 0.097039
7 0.274671 0.825658 0.075658 0.105263
5 0.384868 0.825658 0.078947 0.097039
1 0.715461 0.825658 0.077303 0.103618
0 0.825658 0.825658 0.078947 0.115132
0 0.274671 0.935855 0.082237 0.113487
13 0.384868 0.935855 0.075658 0.095395
11 0.605263 0.935855 0.075658 0.101974
