5 0.054276 0.054276 0.072368 0.105263
4 0.164474 0.057566 0.072368 0.116776
10 0.274671 0.054276 0.080592 0.098684
1 0.384868 0.054276 0.085526 0.106908
0 0.935855 0.054276 0.085526 0.101974
9 0.274671 0.164474 0.077303 0.097039
13 0.495066 0.164474 0.087171 0.108553
9 0.605263 0.164474 0.093750 0.101974
13 0.715461 0.164474 0.087171 0.108553
7 0.825658 0.164474 0.074013 0.093750
1 0.935855 0.164474 0.078947 0.097039
13 0.054276 0.274671 0.087171 0.108553
9 0.274671 0.274671 0.077303 0.097039
13 0.715461 0.274671 0.100329 0.095395
0 0.935855 0.274671 0.074013 0.098684
11 0.054276 0.384868 0.077303 0.116776
4 0.164474 0.384868 0.072368 0.123355
1 0.274671 0.384868 0.088816 0.115132
8 0.384868 0.384868 0.077303 0.121711
0 0.495066 0.384868 0.085526 0.110197
10 0.605263 0.384868 0.080592 0.098684
0 0.825658 0.384868 0.085526 0.101974
0 0.054276 0.495066 0.085526 0.110197
10 0.164474 0.495066 0.074013 0.121711
9 0.384868 0.495066 0.069079 0.092105
0 0.605263 0.495066 0.085526 0.101974
0 0.825658 0.495066 0.085526 0.101974
7 0.495066 0.605263 0.069079 0.101974
7 0.715461 0.605263 0.069079 0.097039
13 0.935855 0.605263 0.083882 0.093750
8 0.274671 0.715461 0.075658 0.111842
10 0.495066 0.715461 0.067434 0.106908
1 0.605263 0.715461 0.088816 0.115132
1 0.054276 0.825658 0.085526 0.106908
1 0.164474 0.825658 0.078947 0.097039
0 0.274671 0.825658 0.077303 0.106908
12 0.715461 0.825658 0.082237 0.110197
0 0.935855 0.825658 0.074013 0.098684
0 0.054276 0.935855 0.074013 0.098684
0 0.274671 0.935855 0.074013 0.098684
9 0.495066 0.935855 0.077303 0.097039
8 0.605263 0.935855 0.075658 0.111842
0 0.715461 0.935855 0.077303 0.106908
4 0.935855 0.935855 0.072368 0.116776
