4 0.054276 0.054276 0.062500 0.101974
10 0.384868 0.055921 0.069079 0.111842
9 0.495066 0.054276 0.069079 0.083882
0 0.825658 0.054276 0.088816 0.106908
0 0.935855 0.054276 0.077303 0.106908
7 0.164474 0.164474 0.077303 0.095395
10 0.384868 0.164474 0.069079 0.093750
1 0.495066 0.164474 0.080592 0.097039
13 0.605263 0.164474 0.087171 0.108553
9 0.825658 0.164474 0.093750 0.087171
11 0.935855 0.164474 0.082237 0.098684
9 0.054276 0.274671 0.093750 0.087171
0 0.164474 0.274671 0.085526 0.098684
0 0.495066 0.274671 0.088816 0.106908
0 0.715461 0.274671 0.085526 0.098684
1 0.935855 0.274671 0.078947 0.090461
8 0.164474 0.384868 0.085526 0.103618
1 0.274671 0.384868 0.080592 0.097039
1 0.384868 0.384868 0.083882 0.106908
0 0.715461 0.384868 0.077303 0.106908
0 0.825658 0.384868 0.078947 0.101974
4 0.274671 0.495066 0.062500 0.101974
0 0.384868 0.495066 0.077303 0.106908
7 0.825658 0.495066 0.075658 0.101974
0 0.054276 0.605263 0.077303 0.106908
9 0.164474 0.605263 0.070724 0.092105
12 0.274671 0.605263 0.083882 0.098684
13 0.384868 0.605263 0.080592 0.100329
1 0.825658 0.605263 0.078947 0.090461
10 0.935855 0.605263 0.075658 0.103618
11 0.274671 0.715461 0.080592 0.101974
0 0.495066 0.715461 0.077303 0.106908
8 0.935855 0.715461 0.074013 0.123355
10 0.054276 0.825658 0.067434 0.106908
9 0.164474 0.825658 0.093750 0.087171
0 0.605263 0.825658 0.088816 0.106908
5 0.715461 0.825658 0.080592 0.095395
4 0.935855 0.825658 0.078947 0.093750
7 0.054276 0.935855 0.077303 0.095395
0 0.384868 0.935855 0.077303 0.106908
13 0.495066 0.935855 0.087171 0.108553
8 0.605263 0.935855 0.074013 0.123355
1 0.715461 0.935855 0.078947 0.090461
13 0.935855 0.935855 0.080592 0.101974
