0 0.054276 0.054276 0.075658 0.097039
11 0.274671 0.057566 0.077303 0.116776
10 0.384868 0.060855 0.074013 0.121711
1 0.495066 0.054276 0.078947 0.097039
9 0.605263 0.054276 0.085526 0.077303
13 0.935855 0.054276 0.100329 0.095395
0 0.054276 0.164474 0.075658 0.097039
0 0.384868 0.164474 0.075658 0.097039
8 0.715461 0.164474 0.072368 0.095395
8 0.825658 0.164474 0.101974 0.093750
0 0.054276 0.274671 0.085526 0.101974
0 0.495066 0.274671 0.075658 0.097039
13 0.935855 0.274671 0.088816 0.098684
0 0.274671 0.384868 0.085526 0.101974
10 0.495066 0.384868 0.070724 0.116776
13 0.825658 0.384868 0.100329 0.095395
13 0.935855 0.384868 0.088816 0.098684
0 0.054276 0.495066 0.075658 0.097039
4 0.164474 0.495066 0.088816 0.113487
13 0.274671 0.495066 0.088816 0.098684
8 0.825658 0.495066 0.072368 0.095395
9 0.935855 0.495066 0.077303 0.097039
0 0.054276 0.605263 0.075658 0.097039
7 0.715461 0.605263 0.090461 0.085526
0 0.825658 0.605263 0.087171 0.116776
1 0.054276 0.715461 0.087171 0.105263
4 0.164474 0.715461 0.060855 0.113487
10 0.274671 0.715461 0.070724 0.116776
1 0.384868 0.715461 0.078947 0.097039
12 0.495066 0.715461 0.080592 0.113487
1 0.605263 0.715461 0.078947 0.097039
0 0.715461 0.715461 0.087171 0.116776
9 0.054276 0.825658 0.074013 0.097039
4 0.164474 0.825658 0.060855 0.113487
1 0.274671 0.825658 0.080592 0.097039
7 0.384868 0.825658 0.090461 0.085526
11 0.495066 0.825658 0.077303 0.110197
5 0.715461 0.825658 0.074013 0.105263
9 0.054276 0.935855 0.074013 0.097039
1 0.164474 0.935855 0.087171 0.105263
0 0.274671 0.935855 0.075658 0.097039
7 0.384868 0.935855 0.074013 0.093750
10 0.495066 0.935855 0.070724 0.116776
0 0.605263 0.935855 0.087171 0.116776
