1 0.054276 0.054276 0.080592 0.108553
4 0.274671 0.054276 0.085526 0.095395
13 0.825658 0.054276 0.082237 0.095395
1 0.935855 0.054276 0.080592 0.108553
1 0.054276 0.164474 0.078947 0.090461
9 0.274671 0.164474 0.077303 0.100329
9 0.495066 0.164474 0.070724 0.082237
10 0.605263 0.164474 0.067434 0.090461
13 0.715461 0.164474 0.100329 0.077303
9 0.825658 0.164474 0.069079 0.092105
0 0.935855 0.164474 0.078947 0.115132
0 0.054276 0.274671 0.077303 0.106908
13 0.274671 0.274671 0.075658 0.105263
9 0.605263 0.274671 0.077303 0.100329
10 0.825658 0.274671 0.074013 0.106908
0 0.935855 0.274671 0.077303 0.092105
8 0.274671 0.384868 0.101974 0.106908
0 0.384868 0.384868 0.100329 0.087171
12 0.495066 0.384868 0.078947 0.095395
9 0.605263 0.384868 0.070724 0.082237
0 0.825658 0.384868 0.078947 0.115132
0 0.164474 0.495066 0.077303 0.106908
4 0.274671 0.495066 0.072368 0.123355
10 0.384868 0.495066 0.074013 0.106908
7 0.495066 0.495066 0.069079 0.097039
0 0.605263 0.495066 0.078947 0.115132
0 0.715461 0.495066 0.077303 0.106908
7 0.935855 0.495066 0.083882 0.072368
1 0.054276 0.605263 0.075658 0.103618
10 0.495066 0.605263 0.067434 0.090461
0 0.605263 0.605263 0.100329 0.087171
1 0.715461 0.605263 0.080592 0.108553
0 0.384868 0.715461 0.078947 0.115132
0 0.495066 0.715461 0.100329 0.087171
8 0.605263 0.715461 0.075658 0.111842
4 0.715461 0.715461 0.072368 0.123355
7 0.935855 0.715461 0.062500 0.093750
8 0.164474 0.825658 0.083882 0.126645
11 0.605263 0.825658 0.080592 0.098684
1 0.274671 0.935855 0.090461 0.097039
13 0.384868 0.935855 0.087171 0.108553
0 0.605263 0.935855 0.077303 0.106908
13 0.715461 0.935855 0.100329 0.077303
5 0.935855 0.935855 0.082237 0.097039
