0 0.164474 0.054276 0.088816 0.106908
8 0.274671 0.055921 0.075658 0.111842
0 0.605263 0.054276 0.074013 0.098684
0 0.715461 0.054276 0.088816 0.106908
1 0.935855 0.057566 0.088816 0.115132
0 0.054276 0.164474 0.077303 0.106908
4 0.164474 0.164474 0.075658 0.118421
10 0.384868 0.164474 0.080592 0.098684
4 0.605263 0.164474 0.085526 0.095395
10 0.935855 0.164474 0.069079 0.111842
7 0.054276 0.274671 0.085526 0.098684
1 0.274671 0.274671 0.078947 0.090461
13 0.495066 0.274671 0.080592 0.101974
10 0.605263 0.274671 0.067434 0.106908
5 0.715461 0.274671 0.080592 0.095395
1 0.935855 0.274671 0.092105 0.098684
0 0.054276 0.384868 0.077303 0.106908
0 0.164474 0.384868 0.074013 0.098684
13 0.384868 0.384868 0.080592 0.101974
0 0.715461 0.384868 0.077303 0.106908
7 0.825658 0.384868 0.069079 0.097039
9 0.054276 0.495066 0.070724 0.092105
7 0.605263 0.495066 0.085526 0.098684
10 0.825658 0.495066 0.080592 0.098684
9 0.054276 0.605263 0.070724 0.092105
0 0.274671 0.605263 0.074013 0.098684
13 0.605263 0.605263 0.062500 0.083882
11 0.715461 0.605263 0.095395 0.080592
0 0.825658 0.605263 0.088816 0.106908
1 0.935855 0.605263 0.090461 0.097039
11 0.274671 0.715461 0.080592 0.101974
9 0.495066 0.715461 0.070724 0.092105
13 0.605263 0.715461 0.062500 0.083882
4 0.825658 0.715461 0.075658 0.118421
0 0.935855 0.715461 0.088816 0.106908
8 0.274671 0.825658 0.074013 0.123355
1 0.495066 0.825658 0.088816 0.115132
0 0.715461 0.825658 0.074013 0.098684
12 0.825658 0.825658 0.095395 0.082237
9 0.935855 0.825658 0.070724 0.092105
0 0.164474 0.935855 0.074013 0.098684
1 0.274671 0.935855 0.092105 0.098684
13 0.495066 0.935855 0.062500 0.083882
8 0.605263 0.935855 0.075658 0.111842
