1 0.054276 0.054276 0.088816 0.106908
9 0.164474 0.054276 0.072368 0.087171
0 0.384868 0.054276 0.088816 0.110197
9 0.715461 0.054276 0.093750 0.101974
13 0.825658 0.054276 0.062500 0.083882
0 0.384868 0.164474 0.088816 0.110197
13 0.715461 0.164474 0.087171 0.108553
10 0.935855 0.164474 0.067434 0.106908
1 0.164474 0.274671 0.078947 0.090461
13 0.274671 0.274671 0.062500 0.083882
10 0.384868 0.274671 0.080592 0.098684
0 0.605263 0.274671 0.088816 0.110197
5 0.825658 0.274671 0.077303 0.098684
0 0.935855 0.274671 0.077303 0.106908
1 0.274671 0.384868 0.078947 0.090461
4 0.495066 0.384868 0.065789 0.100329
1 0.605263 0.384868 0.088816 0.115132
8 0.715461 0.384868 0.075658 0.111842
10 0.935855 0.384868 0.067434 0.110197
0 0.054276 0.495066 0.074013 0.098684
8 0.274671 0.495066 0.074013 0.123355
0 0.715461 0.495066 0.074013 0.106908
1 0.054276 0.605263 0.088816 0.106908
13 0.274671 0.605263 0.062500 0.083882
9 0.384868 0.605263 0.069079 0.092105
7 0.495066 0.605263 0.085526 0.098684
7 0.605263 0.605263 0.069079 0.097039
9 0.825658 0.605263 0.082237 0.088816
0 0.935855 0.605263 0.074013 0.106908
13 0.164474 0.715461 0.078947 0.106908
12 0.274671 0.715461 0.075658 0.095395
8 0.384868 0.715461 0.077303 0.118421
0 0.935855 0.715461 0.077303 0.106908
11 0.164474 0.825658 0.095395 0.080592
7 0.274671 0.825658 0.069079 0.097039
0 0.384868 0.825658 0.088816 0.110197
0 0.605263 0.825658 0.088816 0.110197
4 0.825658 0.825658 0.074013 0.115132
0 0.164474 0.935855 0.088816 0.110197
10 0.384868 0.935855 0.067434 0.110197
4 0.495066 0.935855 0.072368 0.123355
1 0.605263 0.935855 0.088816 0.115132
0 0.825658 0.935855 0.074013 0.106908
9 0.935855 0.935855 0.082237 0.088816
