13 0.054276 0.054276 0.088816 0.098684
11 0.164474 0.054276 0.082237 0.100329
11 0.605263 0.054276 0.082237 0.100329
13 0.715461 0.054276 0.088816 0.098684
5 0.825658 0.054276 0.074013 0.105263
1 0.935855 0.054276 0.092105 0.098684
13 0.605263 0.164474 0.078947 0.106908
4 0.935855 0.164474 0.074013 0.115132
9 0.054276 0.274671 0.070724 0.090461
13 0.164474 0.274671 0.088816 0.098684
0 0.495066 0.274671 0.088816 0.110197
0 0.935855 0.274671 0.077303 0.098684
10 0.054276 0.384868 0.077303 0.106908
9 0.274671 0.384868 0.082237 0.088816
7 0.495066 0.384868 0.075658 0.101974
0 0.605263 0.384868 0.077303 0.098684
0 0.715461 0.384868 0.075658 0.097039
0 0.054276 0.495066 0.077303 0.098684
8 0.164474 0.495066 0.074013 0.097039
1 0.715461 0.495066 0.074013 0.103618
4 0.054276 0.605263 0.062500 0.101974
12 0.164474 0.605263 0.088816 0.090461
9 0.274671 0.605263 0.070724 0.092105
0 0.384868 0.605263 0.088816 0.110197
1 0.715461 0.605263 0.074013 0.103618
0 0.825658 0.605263 0.088816 0.106908
0 0.935855 0.605263 0.088816 0.106908
10 0.274671 0.715461 0.064145 0.103618
8 0.384868 0.715461 0.074013 0.097039
13 0.495066 0.715461 0.080592 0.101974
7 0.605263 0.715461 0.082237 0.103618
4 0.715461 0.715461 0.062500 0.101974
0 0.825658 0.715461 0.088816 0.106908
1 0.935855 0.715461 0.074013 0.103618
0 0.054276 0.825658 0.088816 0.110197
0 0.384868 0.825658 0.077303 0.098684
1 0.495066 0.825658 0.077303 0.093750
0 0.605263 0.825658 0.088816 0.110197
1 0.715461 0.825658 0.077303 0.093750
10 0.825658 0.825658 0.070724 0.116776
7 0.164474 0.935855 0.082237 0.103618
9 0.605263 0.935855 0.070724 0.090461
10 0.715461 0.935855 0.069079 0.111842
8 0.935855 0.935855 0.097039 0.105263
