10 0.164474 0.054276 0.075658 0.103618
10 0.384868 0.054276 0.070724 0.110197
1 0.605263 0.054276 0.088816 0.106908
11 0.715461 0.054276 0.087171 0.097039
9 0.825658 0.054276 0.072368 0.087171
12 0.054276 0.164474 0.075658 0.090461
7 0.164474 0.164474 0.077303 0.095395
0 0.384868 0.164474 0.078947 0.101974
0 0.495066 0.164474 0.078947 0.101974
8 0.605263 0.164474 0.072368 0.110197
1 0.935855 0.164474 0.085526 0.106908
13 0.054276 0.274671 0.077303 0.095395
9 0.164474 0.274671 0.069079 0.092105
7 0.384868 0.274671 0.069079 0.090461
13 0.495066 0.274671 0.080592 0.100329
4 0.715461 0.274671 0.074013 0.113487
0 0.384868 0.384868 0.078947 0.101974
1 0.715461 0.384868 0.085526 0.106908
0 0.825658 0.384868 0.078947 0.101974
8 0.935855 0.384868 0.083882 0.126645
0 0.054276 0.495066 0.078947 0.115132
10 0.164474 0.495066 0.070724 0.110197
0 0.274671 0.495066 0.074013 0.106908
13 0.384868 0.495066 0.082237 0.095395
10 0.495066 0.495066 0.070724 0.129934
11 0.054276 0.605263 0.092105 0.103618
8 0.164474 0.605263 0.072368 0.110197
0 0.605263 0.605263 0.085526 0.110197
9 0.715461 0.605263 0.072368 0.087171
0 0.935855 0.605263 0.078947 0.115132
13 0.164474 0.715461 0.077303 0.095395
4 0.384868 0.715461 0.065789 0.100329
4 0.605263 0.715461 0.105263 0.092105
1 0.935855 0.715461 0.088816 0.106908
0 0.164474 0.825658 0.078947 0.101974
9 0.384868 0.825658 0.093750 0.087171
1 0.495066 0.825658 0.085526 0.106908
5 0.715461 0.825658 0.083882 0.105263
7 0.825658 0.825658 0.077303 0.095395
9 0.935855 0.825658 0.069079 0.092105
0 0.054276 0.935855 0.085526 0.110197
0 0.164474 0.935855 0.078947 0.101974
1 0.825658 0.935855 0.088816 0.106908
0 0.935855 0.935855 0.085526 0.110197
