0 0.054276 0.054276 0.078947 0.101974
13 0.274671 0.054276 0.088816 0.098684
0 0.384868 0.054276 0.078947 0.101974
10 0.605263 0.057566 0.070724 0.116776
13 0.715461 0.054276 0.075658 0.105263
1 0.825658 0.054276 0.088816 0.106908
0 0.164474 0.164474 0.077303 0.092105
13 0.274671 0.164474 0.075658 0.105263
11 0.495066 0.164474 0.083882 0.098684
9 0.054276 0.274671 0.072368 0.087171
12 0.164474 0.274671 0.069079 0.088816
0 0.384868 0.274671 0.078947 0.101974
0 0.054276 0.384868 0.075658 0.097039
1 0.164474 0.384868 0.080592 0.097039
4 0.274671 0.384868 0.105263 0.092105
1 0.384868 0.384868 0.080592 0.097039
11 0.495066 0.384868 0.083882 0.098684
4 0.715461 0.384868 0.105263 0.092105
1 0.935855 0.384868 0.083882 0.106908
7 0.384868 0.495066 0.075658 0.105263
0 0.495066 0.495066 0.074013 0.106908
13 0.605263 0.495066 0.075658 0.105263
0 0.715461 0.495066 0.075658 0.097039
10 0.054276 0.605263 0.074013 0.106908
0 0.274671 0.605263 0.078947 0.101974
9 0.384868 0.605263 0.072368 0.087171
8 0.605263 0.605263 0.072368 0.095395
9 0.825658 0.605263 0.077303 0.100329
10 0.164474 0.715461 0.067434 0.110197
5 0.274671 0.715461 0.074013 0.105263
1 0.384868 0.715461 0.080592 0.097039
13 0.605263 0.715461 0.080592 0.100329
0 0.825658 0.715461 0.075658 0.097039
8 0.935855 0.715461 0.085526 0.103618
0 0.164474 0.825658 0.075658 0.097039
7 0.274671 0.825658 0.070724 0.090461
0 0.605263 0.825658 0.075658 0.097039
8 0.715461 0.825658 0.085526 0.103618
9 0.935855 0.825658 0.093750 0.087171
4 0.164474 0.935855 0.069079 0.116776
0 0.384868 0.935855 0.075658 0.097039
7 0.495066 0.935855 0.070724 0.090461
10 0.715461 0.935855 0.070724 0.116776
1 0.825658 0.935855 0.080592 0.097039
