0 0.054276 0.054276 0.085526 0.098684
10 0.274671 0.055921 0.069079 0.111842
1 0.384868 0.054276 0.092105 0.098684
0 0.715461 0.054276 0.085526 0.098684
12 0.935855 0.054276 0.083882 0.098684
4 0.054276 0.164474 0.062500 0.101974
13 0.274671 0.164474 0.087171 0.108553
9 0.605263 0.164474 0.070724 0.092105
0 0.825658 0.164474 0.077303 0.106908
1 0.054276 0.274671 0.080592 0.097039
11 0.164474 0.274671 0.082237 0.098684
7 0.274671 0.274671 0.075658 0.101974
13 0.384868 0.274671 0.075658 0.095395
1 0.715461 0.274671 0.080592 0.097039
13 0.825658 0.274671 0.087171 0.108553
1 0.935855 0.274671 0.078947 0.090461
0 0.054276 0.384868 0.077303 0.106908
11 0.164474 0.384868 0.082237 0.098684
9 0.384868 0.384868 0.069079 0.083882
0 0.605263 0.384868 0.085526 0.098684
0 0.715461 0.384868 0.088816 0.106908
0 0.054276 0.495066 0.088816 0.106908
7 0.274671 0.495066 0.067434 0.087171
10 0.605263 0.495066 0.069079 0.093750
0 0.715461 0.495066 0.088816 0.106908
0 0.825658 0.495066 0.088816 0.106908
0 0.054276 0.605263 0.085526 0.098684
5 0.274671 0.605263 0.075658 0.097039
13 0.495066 0.605263 0.080592 0.101974
0 0.605263 0.605263 0.085526 0.098684
0 0.825658 0.605263 0.077303 0.106908
13 0.054276 0.715461 0.080592 0.101974
9 0.164474 0.715461 0.070724 0.092105
1 0.384868 0.715461 0.080592 0.097039
7 0.495066 0.715461 0.069079 0.097039
4 0.715461 0.715461 0.072368 0.123355
8 0.825658 0.715461 0.097039 0.105263
10 0.274671 0.825658 0.069079 0.093750
4 0.384868 0.825658 0.062500 0.101974
8 0.495066 0.825658 0.074013 0.123355
9 0.825658 0.825658 0.069079 0.083882
1 0.605263 0.935855 0.078947 0.090461
8 0.715461 0.935855 0.074013 0.123355
10 0.935855 0.935855 0.069079 0.093750
