1 0.054276 0.054276 0.074013 0.103618
10 0.164474 0.055921 0.069079 0.111842
7 0.384868 0.054276 0.075658 0.101974
4 0.605263 0.055921 0.074013 0.113487
11 0.164474 0.164474 0.080592 0.090461
7 0.274671 0.164474 0.082237 0.103618
0 0.825658 0.164474 0.077303 0.098684
0 0.495066 0.274671 0.077303 0.098684
0 0.605263 0.274671 0.077303 0.098684
10 0.715461 0.274671 0.070724 0.129934
13 0.825658 0.274671 0.082237 0.095395
7 0.935855 0.274671 0.082237 0.103618
8 0.164474 0.384868 0.097039 0.105263
9 0.274671 0.384868 0.080592 0.105263
0 0.605263 0.384868 0.077303 0.098684
9 0.935855 0.384868 0.080592 0.105263
11 0.054276 0.495066 0.080592 0.090461
4 0.384868 0.495066 0.062500 0.101974
13 0.495066 0.495066 0.082237 0.095395
13 0.715461 0.495066 0.075658 0.088816
1 0.825658 0.495066 0.074013 0.103618
10 0.054276 0.605263 0.064145 0.103618
0 0.164474 0.605263 0.078947 0.115132
9 0.274671 0.605263 0.070724 0.090461
10 0.384868 0.605263 0.064145 0.103618
1 0.495066 0.605263 0.074013 0.103618
4 0.605263 0.605263 0.062500 0.101974
0 0.825658 0.605263 0.077303 0.098684
0 0.935855 0.605263 0.077303 0.098684
0 0.274671 0.715461 0.088816 0.106908
1 0.384868 0.715461 0.074013 0.103618
0 0.495066 0.715461 0.077303 0.098684
1 0.715461 0.715461 0.074013 0.103618
0 0.935855 0.715461 0.077303 0.098684
13 0.054276 0.825658 0.082237 0.095395
5 0.274671 0.825658 0.080592 0.097039
8 0.384868 0.825658 0.083882 0.126645
1 0.605263 0.825658 0.092105 0.098684
8 0.825658 0.825658 0.097039 0.105263
12 0.935855 0.825658 0.078947 0.095395
0 0.054276 0.935855 0.077303 0.098684
13 0.495066 0.935855 0.082237 0.095395
0 0.605263 0.935855 0.088816 0.106908
9 0.715461 0.935855 0.080592 0.105263
