9 0.274671 0.054276 0.077303 0.103618
12 0.384868 0.054276 0.083882 0.098684
0 0.605263 0.054276 0.088816 0.110197
10 0.825658 0.054276 0.069079 0.093750
0 0.054276 0.164474 0.078947 0.090461
1 0.164474 0.164474 0.074013 0.103618
13 0.274671 0.164474 0.075658 0.095395
10 0.384868 0.164474 0.064145 0.103618
0 0.605263 0.164474 0.078947 0.090461
13 0.715461 0.164474 0.075658 0.088816
1 0.935855 0.164474 0.080592 0.097039
0 0.164474 0.274671 0.078947 0.090461
0 0.384868 0.274671 0.085526 0.098684
13 0.495066 0.274671 0.078947 0.106908
13 0.605263 0.274671 0.075658 0.088816
11 0.715461 0.274671 0.082237 0.100329
9 0.935855 0.274671 0.069079 0.083882
0 0.274671 0.384868 0.078947 0.090461
1 0.384868 0.384868 0.078947 0.103618
7 0.935855 0.384868 0.067434 0.087171
4 0.054276 0.495066 0.074013 0.134868
1 0.274671 0.495066 0.074013 0.103618
0 0.384868 0.495066 0.078947 0.090461
10 0.495066 0.495066 0.067434 0.093750
7 0.935855 0.495066 0.082237 0.103618
7 0.164474 0.605263 0.067434 0.087171
4 0.384868 0.605263 0.074013 0.134868
8 0.605263 0.605263 0.067434 0.121711
0 0.825658 0.605263 0.088816 0.110197
9 0.054276 0.715461 0.069079 0.083882
0 0.164474 0.715461 0.085526 0.098684
0 0.495066 0.715461 0.077303 0.098684
5 0.605263 0.715461 0.077303 0.098684
9 0.825658 0.715461 0.082237 0.088816
0 0.054276 0.825658 0.078947 0.090461
9 0.164474 0.825658 0.069079 0.083882
8 0.274671 0.825658 0.074013 0.097039
8 0.384868 0.825658 0.067434 0.121711
4 0.495066 0.825658 0.078947 0.093750
1 0.935855 0.825658 0.078947 0.103618
1 0.274671 0.935855 0.077303 0.093750
13 0.384868 0.935855 0.062500 0.083882
0 0.495066 0.935855 0.085526 0.098684
10 0.715461 0.935855 0.069079 0.093750
