4 0.054276 0.059211 0.067434 0.120066
9 0.164474 0.054276 0.078947 0.100329
10 0.274671 0.062500 0.065789 0.126645
7 0.384868 0.054276 0.070724 0.093750
7 0.495066 0.054276 0.070724 0.093750
0 0.715461 0.054276 0.077303 0.092105
1 0.935855 0.054276 0.080592 0.106908
4 0.054276 0.164474 0.077303 0.115132
7 0.164474 0.164474 0.062500 0.093750
9 0.274671 0.164474 0.077303 0.103618
0 0.384868 0.164474 0.078947 0.090461
0 0.605263 0.164474 0.077303 0.092105
12 0.715461 0.164474 0.077303 0.110197
1 0.825658 0.164474 0.075658 0.103618
1 0.935855 0.164474 0.080592 0.106908
0 0.054276 0.274671 0.078947 0.111842
12 0.164474 0.274671 0.077303 0.110197
5 0.274671 0.274671 0.082237 0.108553
4 0.384868 0.274671 0.082237 0.105263
1 0.495066 0.274671 0.078947 0.103618
10 0.605263 0.274671 0.074013 0.106908
5 0.715461 0.274671 0.080592 0.101974
1 0.825658 0.274671 0.080592 0.106908
11 0.935855 0.274671 0.078947 0.095395
0 0.164474 0.384868 0.078947 0.090461
9 0.274671 0.384868 0.078947 0.100329
10 0.384868 0.384868 0.074013 0.106908
1 0.495066 0.384868 0.075658 0.103618
12 0.605263 0.384868 0.083882 0.093750
9 0.715461 0.384868 0.077303 0.103618
5 0.825658 0.384868 0.080592 0.101974
1 0.054276 0.495066 0.075658 0.103618
8 0.164474 0.495066 0.067434 0.121711
9 0.274671 0.495066 0.077303 0.103618
8 0.384868 0.495066 0.082237 0.126645
0 0.495066 0.495066 0.078947 0.111842
13 0.605263 0.495066 0.075658 0.090461
0 0.825658 0.495066 0.078947 0.111842
0 0.935855 0.495066 0.075658 0.098684
1 0.164474 0.605263 0.075658 0.103618
7 0.384868 0.605263 0.070724 0.093750
7 0.495066 0.605263 0.070724 0.093750
10 0.605263 0.605263 0.067434 0.093750
7 0.715461 0.605263 0.070724 0.093750
12 0.825658 0.605263 0.074013 0.097039
0 0.935855 0.605263 0.078947 0.090461
7 0.054276 0.715461 0.070724 0.093750
0 0.164474 0.715461 0.078947 0.111842
0 0.384868 0.715461 0.078947 0.090461
4 0.605263 0.715461 0.075658 0.133224
8 0.715461 0.715461 0.067434 0.121711
0 0.825658 0.715461 0.077303 0.092105
0 0.935855 0.715461 0.078947 0.090461
5 0.054276 0.825658 0.082237 0.108553
9 0.164474 0.825658 0.077303 0.103618
0 0.274671 0.825658 0.075658 0.098684
0 0.495066 0.825658 0.077303 0.092105
12 0.715461 0.825658 0.077303 0.110197
0 0.164474 0.935855 0.078947 0.111842
10 0.274671 0.935855 0.067434 0.093750
13 0.384868 0.935855 0.075658 0.105263
5 0.495066 0.935855 0.077303 0.100329
5 0.605263 0.935855 0.080592 0.101974
4 0.715461 0.935855 0.082237 0.105263
9 0.825658 0.935855 0.070724 0.090461
13 0.935855 0.935855 0.075658 0.090461
