0 0.054276 0.054276 0.078947 0.090461
0 0.274671 0.054276 0.085526 0.098684
13 0.384868 0.054276 0.075658 0.090461
9 0.495066 0.054276 0.069079 0.083882
12 0.605263 0.054276 0.077303 0.110197
8 0.715461 0.054276 0.085526 0.103618
7 0.825658 0.054276 0.077303 0.098684
0 0.054276 0.164474 0.078947 0.111842
9 0.164474 0.164474 0.077303 0.103618
13 0.274671 0.164474 0.062500 0.083882
4 0.384868 0.164474 0.067434 0.120066
10 0.495066 0.164474 0.080592 0.098684
0 0.715461 0.164474 0.085526 0.098684
4 0.054276 0.274671 0.082237 0.105263
4 0.164474 0.274671 0.075658 0.118421
9 0.274671 0.274671 0.077303 0.100329
8 0.384868 0.274671 0.074013 0.123355
5 0.495066 0.274671 0.082237 0.108553
12 0.715461 0.274671 0.074013 0.097039
5 0.825658 0.274671 0.082237 0.108553
10 0.935855 0.274671 0.080592 0.098684
9 0.054276 0.384868 0.093750 0.087171
0 0.164474 0.384868 0.085526 0.098684
7 0.274671 0.384868 0.077303 0.095395
0 0.495066 0.384868 0.078947 0.101974
0 0.605263 0.384868 0.077303 0.092105
1 0.715461 0.384868 0.078947 0.103618
10 0.825658 0.384868 0.075658 0.103618
7 0.935855 0.384868 0.085526 0.098684
1 0.164474 0.495066 0.080592 0.097039
0 0.495066 0.495066 0.077303 0.092105
1 0.605263 0.495066 0.075658 0.103618
1 0.715461 0.495066 0.083882 0.106908
0 0.825658 0.495066 0.077303 0.092105
1 0.054276 0.605263 0.080592 0.106908
0 0.384868 0.605263 0.078947 0.101974
12 0.495066 0.605263 0.083882 0.098684
0 0.605263 0.605263 0.078947 0.090461
0 0.715461 0.605263 0.078947 0.090461
9 0.825658 0.605263 0.069079 0.083882
12 0.935855 0.605263 0.074013 0.097039
9 0.054276 0.715461 0.077303 0.100329
8 0.164474 0.715461 0.072368 0.100329
5 0.274671 0.715461 0.077303 0.103618
10 0.384868 0.715461 0.067434 0.093750
7 0.495066 0.715461 0.062500 0.093750
10 0.605263 0.715461 0.069079 0.093750
1 0.715461 0.715461 0.080592 0.097039
7 0.935855 0.715461 0.062500 0.093750
7 0.054276 0.825658 0.067434 0.087171
9 0.164474 0.825658 0.077303 0.103618
0 0.274671 0.825658 0.078947 0.101974
11 0.384868 0.825658 0.082237 0.098684
5 0.605263 0.825658 0.077303 0.103618
13 0.715461 0.825658 0.062500 0.083882
0 0.825658 0.825658 0.078947 0.111842
0 0.935855 0.825658 0.074013 0.098684
5 0.054276 0.935855 0.082237 0.108553
1 0.164474 0.935855 0.078947 0.103618
5 0.274671 0.935855 0.075658 0.097039
7 0.384868 0.935855 0.077303 0.095395
12 0.495066 0.935855 0.069079 0.088816
1 0.605263 0.935855 0.080592 0.097039
0 0.715461 0.935855 0.085526 0.098684
4 0.825658 0.935855 0.077303 0.115132
4 0.935855 0.935855 0.105263 0.092105
