7 0.054276 0.054276 0.062500 0.093750
5 0.164474 0.054276 0.077303 0.100329
10 0.274671 0.062500 0.065789 0.126645
0 0.384868 0.054276 0.077303 0.092105
12 0.495066 0.054276 0.078947 0.095395
10 0.605263 0.054276 0.064145 0.103618
1 0.164474 0.164474 0.075658 0.103618
0 0.274671 0.164474 0.085526 0.101974
9 0.384868 0.164474 0.078947 0.100329
5 0.495066 0.164474 0.077303 0.098684
7 0.605263 0.164474 0.078947 0.103618
0 0.715461 0.164474 0.088816 0.110197
4 0.935855 0.164474 0.067434 0.120066
0 0.054276 0.274671 0.077303 0.098684
5 0.164474 0.274671 0.072368 0.105263
0 0.274671 0.274671 0.074013 0.106908
1 0.384868 0.274671 0.075658 0.103618
10 0.495066 0.274671 0.074013 0.106908
1 0.605263 0.274671 0.088816 0.106908
1 0.715461 0.274671 0.088816 0.106908
1 0.935855 0.274671 0.078947 0.097039
1 0.274671 0.384868 0.080592 0.106908
7 0.384868 0.384868 0.075658 0.105263
4 0.495066 0.384868 0.074013 0.134868
12 0.605263 0.384868 0.075658 0.095395
9 0.715461 0.384868 0.070724 0.090461
0 0.935855 0.384868 0.074013 0.106908
7 0.054276 0.495066 0.074013 0.093750
0 0.164474 0.495066 0.077303 0.092105
9 0.274671 0.495066 0.072368 0.087171
5 0.384868 0.495066 0.077303 0.100329
9 0.495066 0.495066 0.072368 0.087171
9 0.715461 0.495066 0.078947 0.100329
7 0.825658 0.495066 0.074013 0.093750
8 0.935855 0.495066 0.072368 0.100329
0 0.054276 0.605263 0.078947 0.111842
4 0.164474 0.605263 0.060855 0.113487
4 0.274671 0.605263 0.065789 0.100329
10 0.384868 0.605263 0.065789 0.126645
12 0.495066 0.605263 0.075658 0.095395
13 0.605263 0.605263 0.075658 0.088816
9 0.715461 0.605263 0.070724 0.090461
9 0.825658 0.605263 0.077303 0.097039
10 0.935855 0.605263 0.067434 0.110197
0 0.054276 0.715461 0.078947 0.111842
9 0.164474 0.715461 0.078947 0.100329
12 0.384868 0.715461 0.075658 0.095395
1 0.495066 0.715461 0.080592 0.106908
0 0.605263 0.715461 0.085526 0.101974
13 0.715461 0.715461 0.075658 0.090461
5 0.825658 0.715461 0.077303 0.098684
0 0.935855 0.715461 0.088816 0.110197
1 0.054276 0.825658 0.075658 0.103618
5 0.274671 0.825658 0.082237 0.108553
12 0.384868 0.825658 0.077303 0.110197
0 0.715461 0.825658 0.085526 0.101974
0 0.825658 0.825658 0.077303 0.092105
7 0.935855 0.825658 0.070724 0.093750
13 0.054276 0.935855 0.075658 0.105263
8 0.164474 0.935855 0.072368 0.100329
0 0.384868 0.935855 0.088816 0.110197
0 0.495066 0.935855 0.085526 0.101974
11 0.605263 0.935855 0.087171 0.106908
0 0.715461 0.935855 0.088816 0.110197
8 0.825658 0.935855 0.074013 0.097039
7 0.935855 0.935855 0.082237 0.103618
