0 0.054276 0.055921 0.082237 0.113487
4 0.164474 0.054276 0.078947 0.093750
5 0.274671 0.054276 0.082237 0.097039
0 0.384868 0.054276 0.078947 0.090461
5 0.495066 0.054276 0.078947 0.097039
7 0.825658 0.054276 0.075658 0.105263
4 0.935855 0.054276 0.065789 0.100329
7 0.054276 0.164474 0.082237 0.103618
12 0.164474 0.164474 0.083882 0.098684
1 0.274671 0.164474 0.080592 0.097039
0 0.384868 0.164474 0.085526 0.098684
12 0.495066 0.164474 0.078947 0.092105
0 0.605263 0.164474 0.085526 0.098684
7 0.715461 0.164474 0.074013 0.101974
5 0.825658 0.164474 0.077303 0.098684
12 0.935855 0.164474 0.078947 0.095395
10 0.054276 0.274671 0.067434 0.106908
0 0.164474 0.274671 0.082237 0.113487
0 0.274671 0.274671 0.085526 0.098684
8 0.495066 0.274671 0.074013 0.123355
0 0.605263 0.274671 0.082237 0.113487
12 0.715461 0.274671 0.078947 0.095395
5 0.825658 0.274671 0.075658 0.097039
1 0.164474 0.384868 0.078947 0.090461
1 0.274671 0.384868 0.088816 0.106908
11 0.495066 0.384868 0.080592 0.090461
13 0.605263 0.384868 0.062500 0.083882
9 0.715461 0.384868 0.065789 0.095395
0 0.825658 0.384868 0.077303 0.098684
10 0.935855 0.384868 0.064145 0.103618
8 0.054276 0.495066 0.075658 0.111842
10 0.164474 0.495066 0.067434 0.093750
1 0.274671 0.495066 0.077303 0.103618
9 0.384868 0.495066 0.070724 0.090461
4 0.495066 0.495066 0.074013 0.134868
0 0.605263 0.495066 0.077303 0.106908
13 0.715461 0.495066 0.075658 0.095395
9 0.825658 0.495066 0.077303 0.103618
7 0.935855 0.495066 0.082237 0.103618
1 0.054276 0.605263 0.078947 0.103618
7 0.164474 0.605263 0.075658 0.105263
9 0.274671 0.605263 0.065789 0.095395
13 0.384868 0.605263 0.087171 0.108553
1 0.495066 0.605263 0.074013 0.103618
4 0.605263 0.605263 0.065789 0.100329
5 0.825658 0.605263 0.077303 0.103618
8 0.164474 0.715461 0.074013 0.097039
0 0.274671 0.715461 0.078947 0.090461
0 0.384868 0.715461 0.082237 0.113487
5 0.495066 0.715461 0.075658 0.097039
0 0.935855 0.715461 0.082237 0.113487
7 0.054276 0.825658 0.074013 0.101974
9 0.274671 0.825658 0.077303 0.103618
1 0.384868 0.825658 0.074013 0.103618
12 0.495066 0.825658 0.075658 0.090461
0 0.605263 0.825658 0.077303 0.098684
9 0.715461 0.825658 0.070724 0.090461
1 0.825658 0.825658 0.078947 0.103618
7 0.164474 0.935855 0.075658 0.105263
9 0.274671 0.935855 0.077303 0.103618
0 0.384868 0.935855 0.082237 0.113487
9 0.495066 0.935855 0.065789 0.095395
0 0.605263 0.935855 0.082237 0.113487
10 0.715461 0.935855 0.069079 0.093750
10 0.825658 0.935855 0.064145 0.103618
0 0.935855 0.935855 0.074013 0.106908
