13 0.054276 0.054276 0.075658 0.088816
7 0.164474 0.054276 0.075658 0.101974
10 0.274671 0.060855 0.074013 0.121711
9 0.384868 0.054276 0.062500 0.088816
1 0.495066 0.054276 0.092105 0.098684
12 0.605263 0.054276 0.082237 0.110197
9 0.715461 0.054276 0.077303 0.097039
0 0.825658 0.054276 0.085526 0.098684
0 0.935855 0.054276 0.077303 0.098684
12 0.164474 0.164474 0.082237 0.110197
12 0.274671 0.164474 0.077303 0.100329
8 0.384868 0.164474 0.072368 0.125000
0 0.495066 0.164474 0.087171 0.116776
7 0.715461 0.164474 0.075658 0.101974
12 0.825658 0.164474 0.083882 0.098684
5 0.935855 0.164474 0.080592 0.097039
0 0.054276 0.274671 0.077303 0.100329
10 0.164474 0.274671 0.074013 0.121711
7 0.605263 0.274671 0.075658 0.101974
10 0.715461 0.274671 0.074013 0.121711
9 0.935855 0.274671 0.070724 0.090461
1 0.164474 0.384868 0.092105 0.098684
7 0.274671 0.384868 0.067434 0.087171
9 0.384868 0.384868 0.070724 0.092105
1 0.495066 0.384868 0.074013 0.103618
11 0.605263 0.384868 0.075658 0.080592
9 0.715461 0.384868 0.069079 0.083882
4 0.825658 0.384868 0.062500 0.101974
0 0.935855 0.384868 0.085526 0.101974
12 0.054276 0.495066 0.092105 0.098684
5 0.164474 0.495066 0.074013 0.100329
0 0.274671 0.495066 0.077303 0.098684
5 0.384868 0.495066 0.080592 0.095395
0 0.605263 0.495066 0.087171 0.116776
5 0.715461 0.495066 0.072368 0.105263
10 0.825658 0.495066 0.074013 0.121711
9 0.054276 0.605263 0.077303 0.097039
0 0.164474 0.605263 0.077303 0.098684
0 0.274671 0.605263 0.085526 0.098684
13 0.384868 0.605263 0.075658 0.095395
1 0.495066 0.605263 0.092105 0.098684
0 0.605263 0.605263 0.085526 0.101974
0 0.715461 0.605263 0.077303 0.098684
4 0.825658 0.605263 0.062500 0.101974
13 0.935855 0.605263 0.075658 0.088816
0 0.054276 0.715461 0.077303 0.098684
8 0.164474 0.715461 0.074013 0.123355
1 0.274671 0.715461 0.078947 0.097039
0 0.495066 0.715461 0.085526 0.101974
7 0.605263 0.715461 0.090461 0.085526
7 0.715461 0.715461 0.090461 0.085526
8 0.825658 0.715461 0.074013 0.097039
1 0.935855 0.715461 0.092105 0.098684
4 0.054276 0.825658 0.078947 0.093750
7 0.384868 0.825658 0.074013 0.093750
9 0.605263 0.825658 0.077303 0.097039
9 0.715461 0.825658 0.069079 0.083882
10 0.825658 0.825658 0.072368 0.121711
5 0.054276 0.935855 0.080592 0.097039
1 0.164474 0.935855 0.074013 0.103618
5 0.274671 0.935855 0.074013 0.100329
0 0.384868 0.935855 0.085526 0.101974
0 0.495066 0.935855 0.077303 0.100329
0 0.715461 0.935855 0.087171 0.116776
4 0.825658 0.935855 0.060855 0.113487
1 0.935855 0.935855 0.074013 0.103618
