9 0.054276 0.054276 0.078947 0.100329
9 0.164474 0.054276 0.072368 0.087171
12 0.274671 0.054276 0.077303 0.110197
1 0.384868 0.054276 0.088816 0.106908
10 0.605263 0.054276 0.067434 0.110197
7 0.715461 0.054276 0.078947 0.103618
5 0.825658 0.054276 0.077303 0.098684
0 0.054276 0.164474 0.078947 0.111842
10 0.164474 0.164474 0.077303 0.106908
7 0.274671 0.164474 0.070724 0.093750
8 0.384868 0.164474 0.082237 0.126645
0 0.495066 0.164474 0.074013 0.106908
13 0.605263 0.164474 0.077303 0.095395
11 0.715461 0.164474 0.082237 0.100329
1 0.825658 0.164474 0.080592 0.106908
10 0.935855 0.164474 0.070724 0.116776
0 0.054276 0.274671 0.078947 0.111842
12 0.164474 0.274671 0.075658 0.095395
12 0.384868 0.274671 0.075658 0.090461
4 0.495066 0.274671 0.067434 0.120066
0 0.605263 0.274671 0.074013 0.106908
5 0.715461 0.274671 0.077303 0.100329
0 0.825658 0.274671 0.074013 0.106908
1 0.935855 0.274671 0.080592 0.106908
0 0.054276 0.384868 0.074013 0.106908
12 0.164474 0.384868 0.075658 0.090461
8 0.274671 0.384868 0.072368 0.110197
1 0.495066 0.384868 0.080592 0.106908
5 0.605263 0.384868 0.077303 0.100329
4 0.715461 0.384868 0.065789 0.100329
9 0.825658 0.384868 0.072368 0.087171
1 0.935855 0.384868 0.088816 0.106908
9 0.054276 0.495066 0.072368 0.087171
1 0.164474 0.495066 0.080592 0.106908
13 0.384868 0.495066 0.077303 0.095395
1 0.605263 0.495066 0.080592 0.106908
0 0.825658 0.495066 0.074013 0.106908
0 0.935855 0.495066 0.074013 0.106908
5 0.054276 0.605263 0.077303 0.098684
7 0.164474 0.605263 0.070724 0.090461
7 0.274671 0.605263 0.070724 0.090461
4 0.384868 0.605263 0.069079 0.116776
0 0.495066 0.605263 0.074013 0.106908
7 0.605263 0.605263 0.075658 0.105263
0 0.715461 0.605263 0.074013 0.106908
0 0.935855 0.605263 0.074013 0.106908
8 0.054276 0.715461 0.072368 0.110197
9 0.164474 0.715461 0.074013 0.097039
12 0.495066 0.715461 0.075658 0.090461
10 0.605263 0.715461 0.067434 0.110197
0 0.715461 0.715461 0.078947 0.111842
7 0.825658 0.715461 0.078947 0.103618
5 0.054276 0.825658 0.077303 0.098684
0 0.274671 0.825658 0.074013 0.106908
9 0.384868 0.825658 0.072368 0.087171
0 0.495066 0.825658 0.075658 0.097039
4 0.605263 0.825658 0.067434 0.120066
7 0.715461 0.825658 0.070724 0.093750
5 0.054276 0.935855 0.074013 0.105263
9 0.164474 0.935855 0.074013 0.097039
1 0.274671 0.935855 0.088816 0.106908
10 0.384868 0.935855 0.065789 0.126645
9 0.495066 0.935855 0.078947 0.100329
0 0.715461 0.935855 0.088816 0.110197
13 0.825658 0.935855 0.075658 0.090461
0 0.935855 0.935855 0.078947 0.111842
