0 0.054276 0.054276 0.074013 0.106908
10 0.164474 0.054276 0.067434 0.090461
0 0.274671 0.054276 0.074013 0.106908
5 0.384868 0.054276 0.075658 0.097039
9 0.495066 0.054276 0.069079 0.083882
12 0.605263 0.054276 0.075658 0.090461
12 0.825658 0.054276 0.075658 0.090461
10 0.935855 0.054276 0.067434 0.090461
7 0.054276 0.164474 0.083882 0.072368
5 0.164474 0.164474 0.080592 0.095395
12 0.384868 0.164474 0.101974 0.085526
5 0.495066 0.164474 0.082237 0.108553
10 0.605263 0.164474 0.069079 0.093750
0 0.715461 0.164474 0.087171 0.116776
1 0.825658 0.164474 0.083882 0.106908
9 0.935855 0.164474 0.093750 0.087171
0 0.054276 0.274671 0.078947 0.101974
9 0.164474 0.274671 0.093750 0.087171
12 0.274671 0.274671 0.083882 0.098684
9 0.384868 0.274671 0.085526 0.077303
0 0.495066 0.274671 0.087171 0.116776
0 0.605263 0.274671 0.074013 0.106908
7 0.715461 0.274671 0.067434 0.087171
13 0.825658 0.274671 0.080592 0.100329
0 0.935855 0.274671 0.100329 0.087171
10 0.164474 0.384868 0.067434 0.090461
4 0.274671 0.384868 0.065789 0.100329
5 0.384868 0.384868 0.082237 0.108553
4 0.605263 0.384868 0.085526 0.095395
1 0.715461 0.384868 0.083882 0.106908
9 0.825658 0.384868 0.072368 0.087171
0 0.935855 0.384868 0.074013 0.106908
0 0.274671 0.495066 0.100329 0.087171
9 0.384868 0.495066 0.070724 0.082237
4 0.495066 0.495066 0.065789 0.100329
7 0.605263 0.495066 0.077303 0.095395
0 0.825658 0.495066 0.100329 0.087171
11 0.935855 0.495066 0.087171 0.103618
8 0.164474 0.605263 0.101974 0.106908
12 0.274671 0.605263 0.101974 0.085526
7 0.384868 0.605263 0.067434 0.087171
5 0.495066 0.605263 0.075658 0.097039
1 0.605263 0.605263 0.090461 0.097039
5 0.715461 0.605263 0.082237 0.108553
1 0.825658 0.605263 0.080592 0.097039
8 0.054276 0.715461 0.101974 0.106908
0 0.164474 0.715461 0.100329 0.087171
0 0.274671 0.715461 0.078947 0.101974
10 0.384868 0.715461 0.074013 0.121711
9 0.495066 0.715461 0.093750 0.087171
1 0.605263 0.715461 0.087171 0.105263
8 0.825658 0.715461 0.072368 0.110197
7 0.054276 0.825658 0.067434 0.087171
0 0.164474 0.825658 0.100329 0.087171
13 0.274671 0.825658 0.100329 0.077303
0 0.384868 0.825658 0.085526 0.098684
1 0.605263 0.825658 0.090461 0.097039
13 0.715461 0.825658 0.100329 0.077303
7 0.825658 0.825658 0.083882 0.072368
9 0.935855 0.825658 0.072368 0.087171
7 0.054276 0.935855 0.077303 0.095395
0 0.164474 0.935855 0.100329 0.087171
1 0.384868 0.935855 0.087171 0.105263
1 0.495066 0.935855 0.080592 0.097039
4 0.605263 0.935855 0.085526 0.095395
0 0.935855 0.935855 0.078947 0.101974
