10 0.054276 0.054276 0.074013 0.106908
8 0.164474 0.060855 0.077303 0.121711
12 0.274671 0.054276 0.101974 0.085526
9 0.384868 0.054276 0.080592 0.105263
12 0.605263 0.057566 0.080592 0.115132
7 0.825658 0.054276 0.069079 0.097039
4 0.054276 0.164474 0.085526 0.095395
1 0.164474 0.164474 0.075658 0.103618
4 0.274671 0.164474 0.082237 0.105263
7 0.384868 0.164474 0.062500 0.093750
8 0.495066 0.164474 0.101974 0.106908
10 0.715461 0.164474 0.067434 0.090461
0 0.825658 0.164474 0.077303 0.106908
0 0.054276 0.274671 0.078947 0.115132
7 0.164474 0.274671 0.069079 0.090461
5 0.274671 0.274671 0.082237 0.108553
4 0.384868 0.274671 0.085526 0.095395
9 0.495066 0.274671 0.070724 0.082237
0 0.605263 0.274671 0.078947 0.115132
13 0.825658 0.274671 0.083882 0.093750
0 0.935855 0.274671 0.078947 0.115132
13 0.054276 0.384868 0.087171 0.108553
4 0.164474 0.384868 0.072368 0.116776
1 0.274671 0.384868 0.075658 0.103618
9 0.605263 0.384868 0.077303 0.100329
5 0.715461 0.384868 0.080592 0.095395
12 0.825658 0.384868 0.101974 0.085526
7 0.935855 0.384868 0.062500 0.093750
1 0.054276 0.495066 0.075658 0.103618
0 0.274671 0.495066 0.100329 0.087171
0 0.384868 0.495066 0.085526 0.110197
10 0.495066 0.495066 0.070724 0.129934
9 0.605263 0.495066 0.080592 0.105263
9 0.715461 0.495066 0.070724 0.082237
0 0.825658 0.495066 0.100329 0.087171
0 0.935855 0.495066 0.077303 0.092105
9 0.054276 0.605263 0.080592 0.105263
7 0.164474 0.605263 0.069079 0.097039
8 0.384868 0.605263 0.083882 0.126645
0 0.495066 0.605263 0.100329 0.087171
1 0.605263 0.605263 0.075658 0.103618
1 0.715461 0.605263 0.090461 0.097039
0 0.825658 0.605263 0.100329 0.087171
5 0.935855 0.605263 0.080592 0.095395
0 0.054276 0.715461 0.100329 0.087171
7 0.164474 0.715461 0.062500 0.093750
12 0.274671 0.715461 0.101974 0.085526
10 0.495066 0.715461 0.070724 0.110197
12 0.605263 0.715461 0.078947 0.095395
10 0.715461 0.715461 0.070724 0.110197
0 0.935855 0.715461 0.078947 0.115132
7 0.054276 0.825658 0.069079 0.101974
0 0.274671 0.825658 0.100329 0.087171
0 0.384868 0.825658 0.077303 0.106908
11 0.495066 0.825658 0.092105 0.103618
5 0.715461 0.825658 0.080592 0.095395
9 0.935855 0.825658 0.069079 0.092105
5 0.054276 0.935855 0.083882 0.105263
5 0.164474 0.935855 0.080592 0.095395
13 0.274671 0.935855 0.082237 0.095395
9 0.384868 0.935855 0.080592 0.105263
0 0.495066 0.935855 0.078947 0.115132
0 0.605263 0.935855 0.100329 0.087171
1 0.715461 0.935855 0.075658 0.103618
1 0.825658 0.935855 0.078947 0.090461
1 0.935855 0.935855 0.075658 0.103618
