0 0.054276 0.054276 0.078947 0.090461
1 0.495066 0.054276 0.080592 0.106908
1 0.605263 0.054276 0.078947 0.103618
0 0.715461 0.054276 0.100329 0.087171
9 0.825658 0.054276 0.080592 0.105263
8 0.935855 0.059211 0.078947 0.120066
7 0.054276 0.164474 0.083882 0.072368
8 0.274671 0.164474 0.067434 0.121711
0 0.384868 0.164474 0.078947 0.111842
10 0.495066 0.164474 0.065789 0.126645
10 0.605263 0.164474 0.070724 0.129934
7 0.715461 0.164474 0.070724 0.093750
5 0.825658 0.164474 0.074013 0.101974
0 0.935855 0.164474 0.100329 0.087171
5 0.164474 0.274671 0.074013 0.101974
4 0.274671 0.274671 0.074013 0.113487
1 0.384868 0.274671 0.080592 0.108553
0 0.495066 0.274671 0.078947 0.111842
0 0.605263 0.274671 0.078947 0.111842
0 0.715461 0.274671 0.078947 0.115132
1 0.825658 0.274671 0.080592 0.106908
8 0.935855 0.274671 0.082237 0.126645
5 0.054276 0.384868 0.083882 0.105263
12 0.274671 0.384868 0.080592 0.115132
9 0.384868 0.384868 0.085526 0.077303
7 0.605263 0.384868 0.077303 0.098684
0 0.715461 0.384868 0.078947 0.115132
0 0.825658 0.384868 0.078947 0.111842
9 0.054276 0.495066 0.070724 0.082237
10 0.164474 0.495066 0.074013 0.121711
5 0.274671 0.495066 0.077303 0.100329
1 0.384868 0.495066 0.087171 0.105263
0 0.495066 0.495066 0.078947 0.111842
0 0.605263 0.495066 0.078947 0.111842
13 0.715461 0.495066 0.075658 0.090461
11 0.825658 0.495066 0.092105 0.103618
9 0.935855 0.495066 0.085526 0.077303
12 0.054276 0.605263 0.074013 0.097039
7 0.164474 0.605263 0.070724 0.093750
0 0.274671 0.605263 0.078947 0.111842
12 0.384868 0.605263 0.074013 0.097039
1 0.495066 0.605263 0.078947 0.103618
7 0.605263 0.605263 0.090461 0.085526
0 0.715461 0.605263 0.078947 0.115132
5 0.935855 0.605263 0.077303 0.100329
9 0.054276 0.715461 0.077303 0.103618
9 0.164474 0.715461 0.078947 0.100329
5 0.274671 0.715461 0.077303 0.100329
9 0.384868 0.715461 0.077303 0.103618
1 0.605263 0.715461 0.080592 0.106908
0 0.935855 0.715461 0.100329 0.087171
9 0.054276 0.825658 0.085526 0.077303
13 0.274671 0.825658 0.062500 0.083882
4 0.384868 0.825658 0.088816 0.113487
0 0.495066 0.825658 0.078947 0.090461
7 0.605263 0.825658 0.083882 0.072368
0 0.715461 0.825658 0.087171 0.116776
12 0.825658 0.825658 0.080592 0.115132
4 0.935855 0.825658 0.077303 0.115132
10 0.054276 0.935855 0.074013 0.121711
10 0.164474 0.935855 0.067434 0.093750
13 0.274671 0.935855 0.062500 0.083882
7 0.384868 0.935855 0.077303 0.098684
12 0.605263 0.935855 0.077303 0.110197
4 0.715461 0.935855 0.088816 0.113487
1 0.935855 0.935855 0.080592 0.108553
