0 0.054276 0.054276 0.088816 0.106908
8 0.164474 0.054276 0.097039 0.105263
0 0.274671 0.054276 0.077303 0.098684
5 0.384868 0.054276 0.074013 0.100329
11 0.495066 0.054276 0.087171 0.106908
0 0.605263 0.054276 0.088816 0.106908
0 0.715461 0.054276 0.077303 0.098684
0 0.825658 0.054276 0.077303 0.098684
0 0.054276 0.164474 0.077303 0.100329
9 0.164474 0.164474 0.070724 0.090461
9 0.274671 0.164474 0.070724 0.090461
7 0.384868 0.164474 0.070724 0.093750
7 0.495066 0.164474 0.074013 0.093750
4 0.605263 0.164474 0.062500 0.101974
10 0.715461 0.164474 0.074013 0.121711
12 0.935855 0.164474 0.082237 0.110197
1 0.384868 0.274671 0.092105 0.098684
0 0.495066 0.274671 0.088816 0.106908
0 0.605263 0.274671 0.085526 0.101974
1 0.715461 0.274671 0.078947 0.097039
13 0.935855 0.274671 0.100329 0.095395
4 0.054276 0.384868 0.060855 0.113487
7 0.164474 0.384868 0.070724 0.093750
8 0.274671 0.384868 0.101974 0.093750
12 0.384868 0.384868 0.088816 0.090461
13 0.495066 0.384868 0.080592 0.101974
5 0.605263 0.384868 0.074013 0.100329
1 0.715461 0.384868 0.083882 0.097039
5 0.825658 0.384868 0.074013 0.100329
0 0.054276 0.495066 0.088816 0.106908
5 0.164474 0.495066 0.077303 0.100329
9 0.274671 0.495066 0.070724 0.090461
9 0.384868 0.495066 0.070724 0.092105
10 0.495066 0.495066 0.065789 0.126645
7 0.605263 0.495066 0.074013 0.093750
9 0.715461 0.495066 0.078947 0.100329
12 0.825658 0.495066 0.077303 0.110197
1 0.935855 0.495066 0.080592 0.106908
0 0.054276 0.605263 0.088816 0.106908
9 0.164474 0.605263 0.078947 0.100329
1 0.274671 0.605263 0.080592 0.106908
0 0.495066 0.605263 0.077303 0.098684
0 0.605263 0.605263 0.078947 0.111842
7 0.825658 0.605263 0.082237 0.103618
1 0.935855 0.605263 0.092105 0.098684
10 0.054276 0.715461 0.065789 0.126645
0 0.274671 0.715461 0.078947 0.111842
0 0.384868 0.715461 0.077303 0.100329
7 0.495066 0.715461 0.075658 0.101974
9 0.715461 0.715461 0.078947 0.100329
0 0.825658 0.715461 0.077303 0.100329
0 0.935855 0.715461 0.077303 0.098684
12 0.164474 0.825658 0.077303 0.100329
5 0.274671 0.825658 0.080592 0.095395
4 0.384868 0.825658 0.074013 0.134868
9 0.495066 0.825658 0.070724 0.092105
5 0.715461 0.825658 0.074013 0.100329
1 0.825658 0.825658 0.074013 0.103618
10 0.935855 0.825658 0.064145 0.103618
1 0.054276 0.935855 0.092105 0.098684
4 0.274671 0.935855 0.060855 0.113487
7 0.384868 0.935855 0.070724 0.093750
12 0.495066 0.935855 0.077303 0.100329
10 0.605263 0.935855 0.069079 0.111842
8 0.825658 0.935855 0.082237 0.126645
13 0.935855 0.935855 0.100329 0.095395
