5 0.054276 0.054276 0.083882 0.105263
0 0.164474 0.054276 0.085526 0.098684
10 0.274671 0.054276 0.067434 0.090461
10 0.384868 0.054276 0.064145 0.103618
1 0.495066 0.054276 0.074013 0.103618
5 0.605263 0.054276 0.083882 0.105263
0 0.715461 0.057566 0.078947 0.115132
7 0.825658 0.054276 0.067434 0.087171
11 0.935855 0.054276 0.087171 0.103618
5 0.164474 0.164474 0.083882 0.105263
9 0.274671 0.164474 0.070724 0.090461
8 0.495066 0.164474 0.074013 0.097039
9 0.715461 0.164474 0.070724 0.090461
0 0.825658 0.164474 0.100329 0.087171
10 0.935855 0.164474 0.069079 0.093750
7 0.054276 0.274671 0.067434 0.087171
1 0.384868 0.274671 0.078947 0.090461
13 0.495066 0.274671 0.075658 0.095395
0 0.605263 0.274671 0.085526 0.098684
1 0.715461 0.274671 0.080592 0.106908
4 0.825658 0.274671 0.067434 0.120066
7 0.935855 0.274671 0.069079 0.097039
12 0.054276 0.384868 0.078947 0.095395
0 0.164474 0.384868 0.077303 0.106908
9 0.384868 0.384868 0.069079 0.092105
9 0.495066 0.384868 0.069079 0.083882
0 0.605263 0.384868 0.077303 0.106908
5 0.715461 0.384868 0.080592 0.097039
0 0.825658 0.384868 0.077303 0.106908
0 0.054276 0.495066 0.077303 0.098684
7 0.164474 0.495066 0.070724 0.093750
7 0.274671 0.495066 0.082237 0.103618
8 0.384868 0.495066 0.083882 0.126645
5 0.495066 0.495066 0.080592 0.095395
7 0.605263 0.495066 0.070724 0.093750
0 0.825658 0.495066 0.077303 0.106908
12 0.935855 0.495066 0.083882 0.098684
0 0.054276 0.605263 0.100329 0.087171
7 0.274671 0.605263 0.083882 0.072368
4 0.495066 0.605263 0.085526 0.095395
13 0.605263 0.605263 0.087171 0.108553
8 0.715461 0.605263 0.083882 0.126645
0 0.825658 0.605263 0.077303 0.098684
12 0.054276 0.715461 0.080592 0.115132
0 0.164474 0.715461 0.078947 0.111842
1 0.274671 0.715461 0.090461 0.097039
5 0.384868 0.715461 0.083882 0.105263
0 0.605263 0.715461 0.085526 0.098684
9 0.715461 0.715461 0.070724 0.090461
0 0.825658 0.715461 0.077303 0.106908
12 0.935855 0.715461 0.078947 0.095395
9 0.054276 0.825658 0.069079 0.083882
0 0.274671 0.825658 0.100329 0.087171
1 0.495066 0.825658 0.080592 0.106908
13 0.605263 0.825658 0.087171 0.108553
1 0.715461 0.825658 0.090461 0.097039
10 0.825658 0.825658 0.069079 0.093750
1 0.935855 0.825658 0.080592 0.108553
12 0.164474 0.935855 0.078947 0.095395
9 0.274671 0.935855 0.070724 0.082237
9 0.384868 0.935855 0.070724 0.090461
4 0.495066 0.930921 0.074013 0.134868
1 0.605263 0.935855 0.090461 0.097039
0 0.715461 0.935855 0.085526 0.098684
4 0.825658 0.935855 0.067434 0.120066
10 0.935855 0.935855 0.065789 0.126645
