7 0.054276 0.054276 0.077303 0.095395
1 0.274671 0.054276 0.090461 0.097039
9 0.605263 0.054276 0.085526 0.077303
8 0.715461 0.054276 0.101974 0.106908
0 0.054276 0.164474 0.100329 0.087171
12 0.274671 0.164474 0.083882 0.087171
0 0.384868 0.164474 0.087171 0.116776
7 0.495066 0.164474 0.083882 0.072368
10 0.605263 0.164474 0.074013 0.121711
13 0.715461 0.164474 0.100329 0.077303
5 0.825658 0.164474 0.080592 0.095395
12 0.935855 0.164474 0.075658 0.090461
8 0.054276 0.274671 0.085526 0.103618
0 0.164474 0.274671 0.078947 0.101974
4 0.274671 0.274671 0.072368 0.123355
9 0.384868 0.274671 0.093750 0.087171
9 0.495066 0.274671 0.070724 0.082237
9 0.605263 0.274671 0.085526 0.077303
0 0.715461 0.274671 0.100329 0.087171
9 0.825658 0.274671 0.085526 0.077303
0 0.935855 0.274671 0.077303 0.106908
10 0.054276 0.384868 0.074013 0.121711
10 0.164474 0.384868 0.067434 0.090461
5 0.274671 0.384868 0.074013 0.101974
9 0.384868 0.384868 0.069079 0.092105
0 0.495066 0.384868 0.074013 0.106908
5 0.605263 0.384868 0.082237 0.108553
5 0.715461 0.384868 0.080592 0.095395
0 0.825658 0.384868 0.074013 0.106908
1 0.935855 0.384868 0.083882 0.106908
4 0.164474 0.495066 0.085526 0.095395
0 0.274671 0.495066 0.078947 0.101974
7 0.384868 0.495066 0.083882 0.072368
0 0.495066 0.495066 0.077303 0.106908
0 0.605263 0.495066 0.100329 0.087171
9 0.715461 0.495066 0.070724 0.082237
1 0.825658 0.495066 0.090461 0.097039
0 0.935855 0.495066 0.078947 0.101974
9 0.054276 0.605263 0.069079 0.092105
12 0.164474 0.605263 0.101974 0.085526
7 0.274671 0.605263 0.090461 0.085526
7 0.384868 0.605263 0.077303 0.095395
13 0.495066 0.605263 0.100329 0.077303
1 0.605263 0.605263 0.090461 0.097039
4 0.715461 0.605263 0.085526 0.095395
12 0.825658 0.605263 0.092105 0.098684
12 0.054276 0.715461 0.083882 0.087171
10 0.164474 0.715461 0.067434 0.090461
7 0.274671 0.715461 0.083882 0.072368
11 0.384868 0.715461 0.087171 0.103618
1 0.495066 0.715461 0.090461 0.097039
0 0.825658 0.715461 0.078947 0.101974
7 0.054276 0.825658 0.077303 0.095395
4 0.164474 0.825658 0.085526 0.095395
5 0.274671 0.825658 0.074013 0.101974
1 0.384868 0.825658 0.090461 0.097039
10 0.605263 0.825658 0.067434 0.106908
1 0.715461 0.825658 0.090461 0.097039
8 0.825658 0.825658 0.085526 0.103618
0 0.935855 0.825658 0.077303 0.106908
0 0.054276 0.935855 0.074013 0.106908
0 0.164474 0.935855 0.074013 0.106908
13 0.274671 0.935855 0.100329 0.077303
5 0.384868 0.935855 0.074013 0.101974
1 0.605263 0.935855 0.078947 0.090461
0 0.715461 0.935855 0.077303 0.106908
