4 0.054276 0.054276 0.062500 0.101974
0 0.164474 0.054276 0.075658 0.098684
9 0.274671 0.054276 0.065789 0.095395
12 0.384868 0.054276 0.083882 0.093750
7 0.495066 0.054276 0.075658 0.101974
1 0.715461 0.054276 0.080592 0.097039
9 0.825658 0.054276 0.065789 0.095395
9 0.935855 0.054276 0.070724 0.090461
1 0.054276 0.164474 0.080592 0.097039
0 0.164474 0.164474 0.078947 0.101974
5 0.274671 0.164474 0.074013 0.105263
0 0.384868 0.164474 0.082237 0.113487
12 0.495066 0.164474 0.083882 0.087171
10 0.605263 0.164474 0.070724 0.116776
7 0.715461 0.164474 0.085526 0.098684
0 0.825658 0.164474 0.074013 0.106908
5 0.164474 0.274671 0.077303 0.098684
4 0.274671 0.274671 0.065789 0.100329
5 0.384868 0.274671 0.078947 0.097039
1 0.495066 0.274671 0.078947 0.106908
0 0.605263 0.274671 0.078947 0.101974
0 0.715461 0.274671 0.088816 0.106908
12 0.825658 0.274671 0.083882 0.093750
13 0.935855 0.274671 0.088816 0.098684
4 0.054276 0.384868 0.075658 0.113487
0 0.164474 0.384868 0.074013 0.106908
10 0.274671 0.384868 0.070724 0.105263
0 0.384868 0.384868 0.075658 0.097039
5 0.495066 0.384868 0.074013 0.105263
1 0.605263 0.384868 0.083882 0.106908
13 0.715461 0.384868 0.088816 0.098684
7 0.825658 0.384868 0.074013 0.101974
5 0.935855 0.384868 0.077303 0.098684
0 0.054276 0.495066 0.078947 0.101974
0 0.164474 0.495066 0.088816 0.106908
1 0.384868 0.495066 0.083882 0.106908
8 0.495066 0.495066 0.085526 0.103618
10 0.605263 0.495066 0.075658 0.103618
13 0.825658 0.495066 0.080592 0.100329
0 0.935855 0.495066 0.074013 0.106908
10 0.054276 0.605263 0.075658 0.103618
9 0.164474 0.605263 0.065789 0.095395
4 0.384868 0.605263 0.105263 0.092105
9 0.495066 0.605263 0.065789 0.095395
7 0.715461 0.605263 0.075658 0.101974
7 0.825658 0.605263 0.074013 0.101974
9 0.935855 0.605263 0.072368 0.087171
8 0.164474 0.715461 0.072368 0.110197
0 0.274671 0.715461 0.075658 0.098684
0 0.384868 0.715461 0.082237 0.113487
0 0.495066 0.715461 0.075658 0.098684
1 0.605263 0.715461 0.077303 0.103618
7 0.715461 0.715461 0.085526 0.098684
12 0.054276 0.825658 0.083882 0.093750
1 0.164474 0.825658 0.078947 0.106908
5 0.274671 0.825658 0.077303 0.098684
1 0.605263 0.825658 0.077303 0.103618
12 0.825658 0.825658 0.088816 0.090461
8 0.935855 0.825658 0.072368 0.095395
9 0.164474 0.935855 0.093750 0.087171
10 0.274671 0.935855 0.075658 0.103618
0 0.384868 0.935855 0.078947 0.101974
7 0.495066 0.935855 0.075658 0.105263
9 0.605263 0.935855 0.093750 0.087171
11 0.825658 0.935855 0.082237 0.100329
0 0.935855 0.935855 0.075658 0.097039
