1 0.054276 0.054276 0.080592 0.106908
7 0.274671 0.054276 0.090461 0.085526
5 0.384868 0.054276 0.075658 0.097039
0 0.495066 0.054276 0.085526 0.098684
5 0.605263 0.054276 0.077303 0.098684
5 0.715461 0.054276 0.075658 0.097039
0 0.825658 0.054276 0.085526 0.098684
10 0.935855 0.054276 0.070724 0.110197
1 0.054276 0.164474 0.077303 0.093750
1 0.164474 0.164474 0.085526 0.106908
0 0.274671 0.164474 0.078947 0.111842
0 0.384868 0.164474 0.088816 0.110197
0 0.605263 0.164474 0.087171 0.116776
8 0.715461 0.164474 0.078947 0.120066
7 0.825658 0.164474 0.067434 0.087171
12 0.935855 0.164474 0.083882 0.098684
0 0.054276 0.274671 0.077303 0.098684
9 0.164474 0.274671 0.082237 0.088816
10 0.274671 0.274671 0.077303 0.106908
9 0.384868 0.274671 0.069079 0.092105
8 0.495066 0.274671 0.078947 0.120066
4 0.605263 0.274671 0.078947 0.093750
1 0.715461 0.274671 0.080592 0.097039
7 0.825658 0.274671 0.069079 0.101974
10 0.935855 0.274671 0.065789 0.126645
7 0.054276 0.384868 0.070724 0.093750
5 0.164474 0.384868 0.080592 0.097039
11 0.274671 0.384868 0.082237 0.100329
1 0.384868 0.384868 0.087171 0.105263
9 0.605263 0.384868 0.082237 0.088816
5 0.715461 0.384868 0.077303 0.100329
0 0.825658 0.384868 0.085526 0.110197
7 0.935855 0.384868 0.078947 0.103618
4 0.054276 0.495066 0.067434 0.120066
10 0.164474 0.495066 0.077303 0.106908
0 0.384868 0.495066 0.077303 0.098684
12 0.495066 0.495066 0.078947 0.095395
0 0.825658 0.495066 0.078947 0.111842
4 0.935855 0.495066 0.074013 0.134868
9 0.054276 0.605263 0.082237 0.088816
0 0.164474 0.605263 0.078947 0.111842
4 0.274671 0.605263 0.074013 0.115132
0 0.384868 0.605263 0.085526 0.110197
7 0.605263 0.605263 0.069079 0.101974
0 0.715461 0.605263 0.078947 0.111842
9 0.825658 0.605263 0.078947 0.100329
10 0.054276 0.715461 0.070724 0.110197
12 0.164474 0.715461 0.074013 0.095395
1 0.274671 0.715461 0.080592 0.097039
1 0.384868 0.715461 0.087171 0.105263
13 0.495066 0.715461 0.075658 0.090461
0 0.715461 0.715461 0.088816 0.110197
8 0.825658 0.715461 0.077303 0.118421
13 0.935855 0.715461 0.078947 0.106908
12 0.384868 0.825658 0.077303 0.110197
0 0.605263 0.825658 0.085526 0.110197
9 0.715461 0.825658 0.070724 0.090461
0 0.825658 0.825658 0.087171 0.116776
9 0.054276 0.935855 0.070724 0.090461
12 0.164474 0.935855 0.075658 0.095395
7 0.274671 0.935855 0.082237 0.103618
0 0.384868 0.935855 0.077303 0.098684
1 0.495066 0.935855 0.087171 0.105263
9 0.605263 0.935855 0.082237 0.088816
5 0.825658 0.935855 0.077303 0.098684
13 0.935855 0.935855 0.075658 0.090461
