10 0.054276 0.054276 0.067434 0.106908
0 0.164474 0.054276 0.088816 0.106908
9 0.274671 0.054276 0.080592 0.105263
0 0.384868 0.054276 0.088816 0.106908
1 0.495066 0.054276 0.080592 0.108553
10 0.605263 0.064145 0.070724 0.129934
9 0.715461 0.054276 0.065789 0.095395
0 0.825658 0.055921 0.082237 0.113487
0 0.935855 0.055921 0.082237 0.113487
7 0.164474 0.164474 0.090461 0.085526
5 0.384868 0.164474 0.078947 0.097039
8 0.495066 0.164474 0.097039 0.105263
1 0.605263 0.164474 0.080592 0.108553
12 0.715461 0.164474 0.088816 0.090461
10 0.825658 0.164474 0.067434 0.106908
10 0.935855 0.164474 0.067434 0.106908
8 0.054276 0.274671 0.078947 0.120066
7 0.164474 0.274671 0.090461 0.085526
12 0.274671 0.274671 0.080592 0.115132
0 0.384868 0.274671 0.082237 0.113487
13 0.495066 0.274671 0.082237 0.095395
5 0.605263 0.274671 0.083882 0.105263
8 0.715461 0.274671 0.074013 0.123355
9 0.825658 0.274671 0.065789 0.095395
4 0.935855 0.274671 0.075658 0.113487
5 0.054276 0.384868 0.078947 0.097039
0 0.164474 0.384868 0.077303 0.106908
7 0.605263 0.384868 0.090461 0.085526
9 0.715461 0.384868 0.069079 0.092105
9 0.935855 0.384868 0.069079 0.092105
1 0.164474 0.495066 0.077303 0.103618
1 0.274671 0.495066 0.077303 0.103618
9 0.495066 0.495066 0.070724 0.092105
12 0.605263 0.495066 0.088816 0.090461
5 0.715461 0.495066 0.083882 0.105263
4 0.825658 0.495066 0.062500 0.101974
1 0.935855 0.495066 0.080592 0.108553
7 0.274671 0.605263 0.069079 0.097039
11 0.384868 0.605263 0.092105 0.103618
0 0.495066 0.605263 0.078947 0.115132
1 0.605263 0.605263 0.077303 0.103618
5 0.715461 0.605263 0.083882 0.105263
0 0.825658 0.605263 0.082237 0.113487
7 0.935855 0.605263 0.069079 0.097039
9 0.054276 0.715461 0.065789 0.095395
0 0.384868 0.715461 0.082237 0.113487
4 0.495066 0.715461 0.075658 0.113487
7 0.605263 0.715461 0.074013 0.101974
0 0.715461 0.715461 0.082237 0.113487
7 0.825658 0.715461 0.090461 0.085526
0 0.935855 0.715461 0.082237 0.113487
5 0.054276 0.825658 0.078947 0.097039
4 0.164474 0.825658 0.075658 0.113487
1 0.274671 0.825658 0.080592 0.108553
13 0.384868 0.825658 0.083882 0.098684
12 0.495066 0.825658 0.078947 0.092105
9 0.715461 0.825658 0.085526 0.077303
10 0.825658 0.825658 0.074013 0.121711
0 0.935855 0.825658 0.082237 0.113487
1 0.054276 0.935855 0.077303 0.103618
0 0.164474 0.935855 0.082237 0.113487
0 0.274671 0.935855 0.088816 0.106908
12 0.495066 0.935855 0.088816 0.090461
0 0.715461 0.935855 0.082237 0.113487
0 0.825658 0.935855 0.088816 0.106908
13 0.935855 0.935855 0.080592 0.101974
