12 0.054276 0.054276 0.077303 0.110197
4 0.164474 0.059211 0.067434 0.120066
5 0.274671 0.054276 0.080592 0.101974
7 0.605263 0.054276 0.077303 0.095395
0 0.715461 0.054276 0.077303 0.100329
10 0.825658 0.054276 0.067434 0.110197
11 0.935855 0.054276 0.078947 0.085526
9 0.054276 0.164474 0.078947 0.100329
1 0.164474 0.164474 0.078947 0.106908
0 0.274671 0.164474 0.078947 0.111842
1 0.384868 0.164474 0.083882 0.097039
1 0.605263 0.164474 0.078947 0.106908
0 0.715461 0.164474 0.074013 0.106908
9 0.825658 0.164474 0.070724 0.090461
0 0.935855 0.164474 0.078947 0.101974
8 0.054276 0.274671 0.085526 0.103618
7 0.164474 0.274671 0.077303 0.095395
8 0.274671 0.274671 0.070724 0.092105
5 0.384868 0.274671 0.080592 0.101974
0 0.495066 0.274671 0.078947 0.111842
8 0.605263 0.274671 0.072368 0.110197
0 0.825658 0.274671 0.100329 0.087171
9 0.935855 0.274671 0.062500 0.088816
13 0.164474 0.384868 0.074013 0.085526
0 0.384868 0.384868 0.078947 0.101974
5 0.495066 0.384868 0.077303 0.098684
0 0.605263 0.384868 0.075658 0.098684
9 0.715461 0.384868 0.070724 0.082237
0 0.825658 0.384868 0.100329 0.087171
0 0.935855 0.384868 0.077303 0.100329
1 0.054276 0.495066 0.083882 0.106908
5 0.164474 0.495066 0.082237 0.108553
10 0.274671 0.495066 0.072368 0.121711
9 0.384868 0.495066 0.093750 0.087171
12 0.495066 0.495066 0.083882 0.087171
7 0.605263 0.495066 0.075658 0.105263
10 0.715461 0.495066 0.072368 0.121711
1 0.825658 0.495066 0.090461 0.097039
5 0.935855 0.495066 0.082237 0.108553
13 0.054276 0.605263 0.100329 0.077303
7 0.164474 0.605263 0.085526 0.098684
0 0.274671 0.605263 0.078947 0.101974
4 0.715461 0.605263 0.078947 0.106908
12 0.935855 0.605263 0.077303 0.110197
0 0.054276 0.715461 0.074013 0.106908
9 0.384868 0.715461 0.062500 0.088816
0 0.495066 0.715461 0.074013 0.106908
0 0.605263 0.715461 0.075658 0.098684
9 0.715461 0.715461 0.070724 0.082237
10 0.935855 0.715461 0.067434 0.110197
10 0.054276 0.825658 0.072368 0.121711
4 0.164474 0.825658 0.105263 0.092105
5 0.274671 0.825658 0.077303 0.098684
1 0.384868 0.825658 0.083882 0.106908
1 0.605263 0.825658 0.078947 0.106908
4 0.715461 0.825658 0.075658 0.133224
0 0.825658 0.825658 0.100329 0.087171
7 0.935855 0.825658 0.075658 0.105263
13 0.054276 0.935855 0.078947 0.090461
7 0.164474 0.935855 0.085526 0.098684
9 0.384868 0.935855 0.062500 0.088816
7 0.495066 0.935855 0.085526 0.098684
1 0.605263 0.935855 0.088816 0.106908
12 0.715461 0.935855 0.077303 0.110197
12 0.825658 0.935855 0.075658 0.090461
0 0.935855 0.935855 0.078947 0.111842
