0 0.164474 0.054276 0.074013 0.106908
13 0.384868 0.054276 0.075658 0.095395
9 0.495066 0.054276 0.072368 0.087171
13 0.715461 0.054276 0.075658 0.090461
4 0.825658 0.057566 0.074013 0.115132
5 0.935855 0.054276 0.077303 0.098684
7 0.054276 0.164474 0.082237 0.103618
1 0.164474 0.164474 0.077303 0.093750
0 0.274671 0.164474 0.074013 0.106908
0 0.384868 0.164474 0.078947 0.090461
1 0.495066 0.164474 0.078947 0.103618
1 0.605263 0.164474 0.074013 0.103618
0 0.825658 0.164474 0.088816 0.110197
9 0.054276 0.274671 0.078947 0.100329
12 0.164474 0.274671 0.077303 0.110197
10 0.274671 0.274671 0.067434 0.093750
9 0.384868 0.274671 0.069079 0.083882
1 0.495066 0.274671 0.074013 0.103618
8 0.605263 0.274671 0.067434 0.121711
0 0.715461 0.274671 0.078947 0.111842
7 0.825658 0.274671 0.077303 0.098684
5 0.935855 0.274671 0.080592 0.097039
10 0.164474 0.384868 0.069079 0.093750
7 0.274671 0.384868 0.082237 0.103618
0 0.384868 0.384868 0.088816 0.110197
12 0.605263 0.384868 0.077303 0.110197
1 0.715461 0.384868 0.088816 0.106908
10 0.825658 0.384868 0.077303 0.106908
1 0.935855 0.384868 0.080592 0.106908
7 0.054276 0.495066 0.077303 0.098684
10 0.164474 0.495066 0.077303 0.106908
7 0.274671 0.495066 0.067434 0.087171
1 0.605263 0.495066 0.088816 0.106908
0 0.715461 0.495066 0.077303 0.098684
9 0.825658 0.495066 0.082237 0.088816
1 0.935855 0.495066 0.074013 0.103618
0 0.054276 0.605263 0.074013 0.106908
9 0.164474 0.605263 0.077303 0.103618
0 0.274671 0.605263 0.078947 0.090461
10 0.384868 0.605263 0.067434 0.093750
0 0.495066 0.605263 0.078947 0.111842
5 0.605263 0.605263 0.077303 0.098684
12 0.715461 0.605263 0.075658 0.095395
8 0.825658 0.605263 0.074013 0.123355
5 0.054276 0.715461 0.075658 0.097039
0 0.164474 0.715461 0.078947 0.090461
11 0.384868 0.715461 0.082237 0.098684
9 0.495066 0.715461 0.070724 0.090461
9 0.605263 0.715461 0.082237 0.088816
9 0.715461 0.715461 0.069079 0.083882
12 0.825658 0.715461 0.078947 0.095395
0 0.935855 0.715461 0.078947 0.090461
13 0.054276 0.825658 0.077303 0.095395
4 0.164474 0.825658 0.067434 0.120066
0 0.274671 0.825658 0.088816 0.110197
4 0.384868 0.825658 0.078947 0.093750
8 0.495066 0.825658 0.074013 0.123355
7 0.605263 0.825658 0.078947 0.103618
0 0.715461 0.825658 0.074013 0.106908
5 0.935855 0.825658 0.077303 0.103618
4 0.054276 0.935855 0.077303 0.115132
7 0.274671 0.935855 0.078947 0.103618
0 0.384868 0.935855 0.085526 0.098684
5 0.495066 0.935855 0.080592 0.097039
12 0.605263 0.935855 0.083882 0.098684
0 0.935855 0.935855 0.074013 0.106908
